 9.62687032825140440173151e-03	-2.70802091742679273966843e-02	 9.99586907496672338879762e-01
 1.42755291057110794694651e-01	 6.59289029243374374855691e-02	 9.87559773702024190633608e-01
 3.38736448913653761041975e-03	 1.51005092783332656170003e-01	 9.88527181070563698561671e-01
-1.30593831995333004014626e-01	 6.18792847035826015789084e-02	 9.89503009176499692678419e-01
-2.59562097739284514119618e-01	-2.64636471615944807167509e-02	 9.65363761903298644995175e-01
-1.22809782920939011829908e-01	-1.18345083451485477699094e-01	 9.85348769949895952890984e-01
 1.79827809789523049288640e-02	-2.04947478184319409333369e-01	 9.78607761452028990234453e-01
 1.49679470054697838499180e-01	-1.14570234261543529852290e-01	 9.82074191528012785390445e-01
 2.77839398453544605960275e-01	-2.28482947688923403173344e-02	 9.60355779955078259213508e-01
 2.74363913570343675996099e-01	 1.60340607294525538950580e-01	 9.48164190730058975553618e-01
 1.40071073227694714580238e-01	 2.42930592660619559808310e-01	 9.59877503431767031827349e-01
-4.18704978308189444680121e-03	 3.17214520962403545567554e-01	 9.48344566233553565304248e-01
-1.45038360543921968082159e-01	 2.30890176977322864049214e-01	 9.62108933617244810321267e-01
-2.79528671932037897640555e-01	 1.43209807673244315928685e-01	 9.49397004710939462768238e-01
-3.81092700070585377325472e-01	-1.14481477733674036345590e-01	 9.17421574418666674333167e-01
-2.50475261790177927689882e-01	-2.08802756971921493756028e-01	 9.45337797780278488168904e-01
-1.13119895382538707129250e-01	-2.95192340437786138185317e-01	 9.48717751186044622180304e-01
 3.55415623870677030438081e-02	-3.68830766002829546490460e-01	 9.28816808306596186639581e-01
 1.70635694740154109094732e-01	-2.79268994438468698415790e-01	 9.44929779626968779915330e-01
 3.03576547808881880285981e-01	-1.86138250231784152521897e-01	 9.34448410251251693203756e-01
 4.31686233717445966284743e-01	-8.88244360988748316021457e-02	 8.97639802577049117360275e-01
 4.00714608794350668485862e-01	 7.17711680736261847801671e-02	 9.13387487177341306221479e-01
 4.35204965842814039955755e-01	 2.16162397126629823862487e-01	 8.73996828240368617279898e-01
 2.95476224718898061727401e-01	 3.13512612643418675517637e-01	 9.02443151860196302038730e-01
 1.50092561969848214964429e-01	 3.96382861455690571617083e-01	 9.05733321671189250956502e-01
-6.98739164861364664763088e-04	 4.65615089375644330971227e-01	 8.84987062227064580355318e-01
-1.52420898251416553348392e-01	 3.89721321618880900405912e-01	 9.08231887378913915753742e-01
-2.92562210527281207905759e-01	 3.05526256374900440082598e-01	 9.06124196585065044828866e-01
-4.24685818512019808146363e-01	 2.14324004499068021534214e-01	 8.79606262284585493915756e-01
-4.07359337148626654556693e-01	 5.28158152980848713542450e-02	 9.11739469416691594716440e-01
-5.27103171590826535819474e-01	-4.01812196101545074378159e-02	 8.48850820868739086577648e-01
-4.95436466845505740774769e-01	-2.02009114944669720959070e-01	 8.44828399616699421414978e-01
-3.73281731732146571101083e-01	-2.96645453552922933049274e-01	 8.79012072523142617974656e-01
-2.41508260087717141484376e-01	-3.82995882454075620149325e-01	 8.91620947674866881627054e-01
-9.90643705048681599834026e-02	-4.57354832557791357583454e-01	 8.83749290032251666460184e-01
 5.04007168868550251006333e-02	-5.19739112770435385257883e-01	 8.52837043281945983430603e-01
 1.87390155060833729638858e-01	-4.33971803173630599204103e-01	 8.81222675511986852647794e-01
 3.22896859826250770542089e-01	-3.40525952670642173547577e-01	 8.83051353813637529555081e-01
 4.55292488499479064412157e-01	-2.40726010333364548454682e-01	 8.57181274798354819743906e-01
 5.72138702315098668371718e-01	-1.16744725343337976686264e-01	 8.11805379643239066744798e-01
 5.35340234046628227204678e-01	 4.47639054185962406706700e-02	 8.43449480753042157843424e-01
 5.37625570365558913543680e-01	 2.95054044983785124234288e-01	 7.89874582847058026580100e-01
 4.16241663334336264856717e-01	 3.89921195351128180295319e-01	 8.21403883068866580430267e-01
 2.84602170571248758168537e-01	 4.73722911141876312779431e-01	 8.33419586982091287197250e-01
 1.44325900203388757248035e-01	 5.45008961225031063335678e-01	 8.25914805966628917666128e-01
-2.40575223962737668598200e-03	 6.03599226052804804787399e-01	 7.97284257128294648886424e-01
-1.51411136014343333799914e-01	 5.34146411805866305755330e-01	 8.31722476939131261097771e-01
-2.96438851992169294380375e-01	 4.59117301232827346169074e-01	 8.37457647131035654020081e-01
-4.31260205121377637738078e-01	 3.71225701327698054399207e-01	 8.22317526356106665019752e-01
-5.57816033737845828888169e-01	 2.73231246133698757461161e-01	 7.83700171392864075592399e-01
-5.49589719469435800114354e-01	 1.17280934270766801219565e-01	 8.27161606162957085963683e-01
-6.56885614590118849243083e-01	-3.32521271295316625526972e-03	 7.53982912475458788570393e-01
-6.21827353704915264387409e-01	-1.67348112498315132468107e-01	 7.65065586356878046814245e-01
-5.21873838115331167841759e-01	-3.40705700862549365481868e-01	 7.82027699311560353656603e-01
-3.85535929458470871811215e-01	-4.43435157671742019580563e-01	 8.09152215616586012458811e-01
-2.42783817599823675825732e-01	-5.29538275064798003022304e-01	 8.12800857008070587461646e-01
-9.40281293731872330754484e-02	-5.98046451173436466319799e-01	 7.95926600337894196712796e-01
 5.87734453982379986825002e-02	-6.52483892507117468895217e-01	 7.55519987912153578868413e-01
 1.99863249171092327571841e-01	-5.78651341198334834281525e-01	 7.90706840086856876936849e-01
 3.32298239349203550219158e-01	-4.88439127788343252500880e-01	 8.06848869721450534520102e-01
 4.65498576580980372163765e-01	-3.88522763754875322117499e-01	 7.95211378971248494806900e-01
 5.89738471149888532352179e-01	-2.71431756368943399859717e-01	 7.60613789830464903651830e-01
 6.96711192599708151185212e-01	-1.45340959202921116144580e-01	 7.02473856940076579746801e-01
 6.68721295906163692990276e-01	 8.19075157274571329091284e-03	 7.43468049071548620077010e-01
 6.08220220995797644647496e-01	 1.60328807141255469392860e-01	 7.77407767116128689544041e-01
 6.65584509276944125133468e-01	 3.00749161099804040997441e-01	 6.83042607095877718492716e-01
 5.58447685643300828495228e-01	 4.34307180173312379345418e-01	 7.06762658641178709295616e-01
 4.31107474564303594366521e-01	 5.28596973779378864755074e-01	 7.31253433965319055154453e-01
 2.96263038664982047976082e-01	 6.08460728735736755545815e-01	 7.36209041989683621309837e-01
 1.54596758446857329705182e-01	 6.73655763259873752168971e-01	 7.22694786825310520050891e-01
 9.17016375544481461556945e-03	 7.25409063010285959371970e-01	 6.88256928333625617177916e-01
-1.45744929048964078077688e-01	 6.67144206930431304947149e-01	 7.30532013546072001020093e-01
-2.90321682862273999781166e-01	 6.00671825109262980113556e-01	 7.44920585686772551703427e-01
-4.27601396734863026249940e-01	 5.20052749460410912440977e-01	 7.39393118232149482160764e-01
-5.55550892981576449614067e-01	 4.25447765620605267145038e-01	 7.14393031905972364370427e-01
-6.72943563858148130485404e-01	 3.14001059331129150908879e-01	 6.69738974975193745997615e-01
-6.73162245831481764746229e-01	 1.57685004128065964223993e-01	 7.22487391073538209873561e-01
-7.68849304836365710080770e-01	 3.84557081979017487127770e-02	 6.38272594554736505401138e-01
-7.44372818223045573660102e-01	-1.19069132570175637009235e-01	 6.57062895893282594705909e-01
-6.84556398754497141823094e-01	-2.73241088269399967636275e-01	 6.75811989095804643845611e-01
-6.12082335395428001056928e-01	-4.07799894851953337315820e-01	 6.77535578737836319263010e-01
-4.92956634331238763291339e-01	-5.07503563666865886716550e-01	 7.06706367265959256585006e-01
-3.62811924795530926779463e-01	-5.95406491383628000413353e-01	 7.16839324566112101599913e-01
-2.23096375091917015209830e-01	-6.68945659475550735706406e-01	 7.09041403649792068009106e-01
-7.66274260936419537859621e-02	-7.25954719978983309403020e-01	 6.83460300317801583425137e-01
 7.60688251121670877541447e-02	-7.68997180972489480232923e-01	 6.34710067276720302231752e-01
 2.09806652098877527423681e-01	-7.06971085550301636679649e-01	 6.75405843127588556562557e-01
 3.39563701919480931401552e-01	-6.28284692530879596006343e-01	 6.99967740306734476085637e-01
 4.63671306897877000263719e-01	-5.31846671816850968816937e-01	 7.08624044777591111099468e-01
 5.89980124283126072803896e-01	-4.21004166951701730425839e-01	 6.88969479991799693685550e-01
 7.05729838831189892900397e-01	-2.95301260220916017562587e-01	 6.44005093376785131553675e-01
 8.01822608879676157478400e-01	-1.55597126134275204334401e-01	 5.76948904347815205717609e-01
 7.80509171523069533726868e-01	-2.43099120646097458658952e-03	 6.25139603168864965709872e-01
 7.32189072490355141731300e-01	 1.50804727616106637455573e-01	 6.64196579526231345447229e-01
 7.71152223527947988657161e-01	 2.93988658687786730272506e-01	 5.64707815344234309584692e-01
 6.76384476032814374590885e-01	 4.40867425507946719687169e-01	 5.90033858102914643417591e-01
 5.54203820769354926767392e-01	 5.65803285917657938774994e-01	 6.10511889064766610779600e-01
 4.18828153706779782172731e-01	 6.59327349596553591304371e-01	 6.24396047182038116396541e-01
 2.72083345746036098233844e-01	 7.34998799190919926971333e-01	 6.21085676984704626590883e-01
 1.12964751072717486946040e-01	 7.94221323092866970938530e-01	 5.97035555858857258648698e-01
-3.52189259418876493556994e-02	 8.66621723213400585450472e-01	 4.97721223286827885168293e-01
-1.03938711853467563583919e-01	 7.86638494718259417837203e-01	 6.08602187644468717309110e-01
-2.60506117873616993563246e-01	 7.32676102541033880122257e-01	 6.28746603422792094129079e-01
-4.03373450231626851092415e-01	 6.59882957026643679476763e-01	 6.33911936055794655864304e-01
-5.36695753304492040314244e-01	 5.71658760269039833978866e-01	 6.20615766954553116363513e-01
-6.58311924068707976509529e-01	 4.66500420511945401713660e-01	 5.90764562487573141602581e-01
-7.66713110846148904187203e-01	 3.47903421742053853282783e-01	 5.39550011395414585990693e-01
-7.78014395159131955104215e-01	 1.94999320066111064830849e-01	 5.97217603641188921059779e-01
-8.60074447596338553800877e-01	 6.24143817419625518416737e-02	 5.06336241586183288809764e-01
-8.42684310954409654392805e-01	-9.50690686844087584628227e-02	 5.29948133547775701579496e-01
-7.95632211000606881512454e-01	-2.50762830153798299548384e-01	 5.51441191634741145755072e-01
-7.26559966366637777213100e-01	-4.00549814603675058410914e-01	 5.58274539357001331474351e-01
-6.15333241581979772938382e-01	-5.36940259581004220024170e-01	 5.77113645173372047381122e-01
-4.86114696331875373314091e-01	-6.36845479422167071170691e-01	 5.98431564466413323799543e-01
-3.46348467202979515278116e-01	-7.20689728764606796218573e-01	 6.00540634861076116912670e-01
-1.97490632342357391726395e-01	-7.87418738527088546419463e-01	 5.83925663379701309629866e-01
-3.92183673425013298863284e-02	-8.34025674983550846519620e-01	 5.50329985673342236829342e-01
 1.52425143372371785233099e-01	-8.39095438450137010022445e-01	 5.22192896198410805297385e-01
 3.00838097637217027902068e-01	-7.68834433926181004537170e-01	 5.64260624374436470240823e-01
 4.39034027805650317599628e-01	-6.79105300067936901164956e-01	 5.88272992621949986080665e-01
 5.66003669045958779371119e-01	-5.68487950565847444117651e-01	 5.97043797964567413139036e-01
 6.93313633254322381205270e-01	-4.40952737810001438312213e-01	 5.69979726798730212955491e-01
 8.02467382002912121841121e-01	-3.04130435889062133991700e-01	 5.13371969226331548163955e-01
 8.84276477692979345768265e-01	-1.73486478867993065833275e-01	 4.33540716252675761843705e-01
 8.71354149226585161791547e-01	-1.79178575435830281237237e-02	 4.90327336589203466310494e-01
 8.32554314588711208422467e-01	 1.39413018788697939953636e-01	 5.36113162916136087865482e-01
 8.57615523246182176464458e-01	 2.78424518210403371121231e-01	 4.32406523940703446662326e-01
 7.76168450560359213241668e-01	 4.29379018807632129028917e-01	 4.61731734411363947678808e-01
 6.67904872170070218473370e-01	 5.65389460631157136916158e-01	 4.83981238829245652421918e-01
 5.44321014421872417798909e-01	 6.78092761102226493363787e-01	 4.93867229728297219004673e-01
 4.08767037714254877212028e-01	 7.63503517509554141540207e-01	 4.99971886838500967353838e-01
 2.65362435494288728676793e-01	 8.29097281425851928560178e-01	 4.92118355439828458752771e-01
 1.16289567470958921102664e-01	 8.76710858302288009724634e-01	 4.66749191142612041005577e-01
 3.09121483854791420653463e-02	 9.38359911448783168275156e-01	 3.44274767690033178801912e-01
-1.30275198835621774939852e-01	 9.20726061771481973927678e-01	 3.67820461289358358047963e-01
-2.07952220395939357810988e-01	 8.42388970121680791258711e-01	 4.97128451257552339548340e-01
-3.60181050931622337429872e-01	 7.82340486556294623099461e-01	 5.08146606448033222314109e-01
-5.00041013387477528695513e-01	 7.03212415750902097855146e-01	 5.05421886411940857186664e-01
-6.28165105353618469230526e-01	 6.06929386028375872363938e-01	 4.86873002734076520958695e-01
-7.42011894491777956872625e-01	 4.94796281090519096679259e-01	 4.52321775566592310102720e-01
-8.40492310484555638083748e-01	 3.68440290363496514292052e-01	 3.97271227819478267573317e-01
-8.61830188931029472776402e-01	 2.18502265841939519175341e-01	 4.57717691671454207646974e-01
-9.28380446336033782195329e-01	 8.84114578498635117487225e-02	 3.60961439743594125761916e-01
-9.18962575834797457119407e-01	-6.92667569334671912040235e-02	 3.88213730564742454109961e-01
-8.82085462782267071268905e-01	-2.25058580121369894433414e-01	 4.13852475964499699756516e-01
-8.20381142312054167931024e-01	-3.77939391540730640350887e-01	 4.29111404719790257011880e-01
-7.23936217297901585254749e-01	-5.23538621379988966531016e-01	 4.49247888373385861893183e-01
-6.01843679772974371466887e-01	-6.49609520276150043116559e-01	 4.64533805318747383683586e-01
-4.65206543669706429344757e-01	-7.46000501463785714584276e-01	 4.76514557534883809175597e-01
-3.18093612745049547640974e-01	-8.23249176608782273767417e-01	 4.70188522556394039586536e-01
-1.62693388599171234742968e-01	-8.80092285922160821876048e-01	 4.46058773668251751232106e-01
 5.69556918726111995748829e-03	-9.06541696900656224222814e-01	 4.22077850961303235877153e-01
 1.56724970187144652111755e-01	-9.12275250800079762214523e-01	 3.78406065619316223092028e-01
 2.95655135443646799320305e-01	-8.57637039019982228005290e-01	 4.20769236264768420330284e-01
 4.28903965449750623761815e-01	-7.82984643391644641319260e-01	 4.50529063029609821988686e-01
 5.54045721765897059007955e-01	-6.88609102907842718366282e-01	 4.67814965114800751511126e-01
 6.67769793176703263526406e-01	-5.73010077336930434555029e-01	 4.75124146503909217109651e-01
 7.84112227483056645205295e-01	-4.43253206298088620052056e-01	 4.34389928310985662385235e-01
 8.75285501480414840358435e-01	-3.22072050605957116431455e-01	 3.60755991102923334601371e-01
 9.42009158201598251203279e-01	-1.90337055191619392013891e-01	 2.76388406568182698475056e-01
 9.38963698601814611421901e-01	-3.83626608222430373618117e-02	 3.41870558783055333851308e-01
 9.10797490397343145751563e-01	 1.20318699812965404505327e-01	 3.94932072591248739534819e-01
 9.22924839323254420087039e-01	 2.54472278375031835118136e-01	 2.88883368331867618206132e-01
 8.53748692944047538055941e-01	 4.09587476626817825753335e-01	 3.21482920676676942051131e-01
 7.56697867266704293776058e-01	 5.53101479613623103759323e-01	 3.48549983392973661278091e-01
 6.42097771081560297901092e-01	 6.77995034844483979163954e-01	 3.57817250979210355055216e-01
 5.09469586501548166168618e-01	 7.80438427819964863907387e-01	 3.62431511891340540909567e-01
 3.65099415922427006364614e-01	 8.58621403951666528620024e-01	 3.59821763056616839016044e-01
 2.11026713340103116989255e-01	 9.15757949162332107739815e-01	 3.41840759422971096626043e-01
 1.24588275805755377412254e-01	 9.69410411950343386955353e-01	 2.11473910291588296228582e-01
-5.51081143317919686097639e-02	 9.74863088001441058239038e-01	 2.15882040445908474080028e-01
-2.19136228715042735704088e-01	 9.47994929440323708114136e-01	 2.30835281142169335133474e-01
-2.95647367298913998912013e-01	 8.80936047176969383443179e-01	 3.69519031977295353552648e-01
-4.46350022464826523549419e-01	 8.13400217387038382277353e-01	 3.73030486422179397010268e-01
-5.83149130809555438226255e-01	 7.26559429512528276440264e-01	 3.63384763883255856864452e-01
-7.04805737472150584110864e-01	 6.23258410007643592898319e-01	 3.38818279880354067401527e-01
-8.08737969328769068511065e-01	 5.06224593605248407435226e-01	 2.99465453425232563944292e-01
-8.92136977959663290960179e-01	 3.84563881383012784453967e-01	 2.37070102907623508903256e-01
-9.21478821500156697332784e-01	 2.44731246224827808655178e-01	 3.01634544851754615724104e-01
-9.69817825281193313102790e-01	 1.31942988668885319292201e-01	 2.05047393321590692982781e-01
-9.71382657767485890865089e-01	-3.03395273710814657175394e-02	 2.35574288213877353070913e-01
-9.46277398736911745658063e-01	-1.88796225913072518443059e-01	 2.62516798930438055581504e-01
-8.94409657718068906717690e-01	-3.42577596710639087351780e-01	 2.87527310724754459059227e-01
-8.11886808982258290079415e-01	-4.94385949684258307890161e-01	 3.10519471459359874820905e-01
-7.03513237042144079502748e-01	-6.29479238331290602559420e-01	 3.29886365005197468303066e-01
-5.72116318097364406902727e-01	-7.46268248949347734466642e-01	 3.40244939972352500312525e-01
-4.27333782329341993477811e-01	-8.36546272840262394865363e-01	 3.42893820120987347088715e-01
-2.72684345218240031805124e-01	-9.04623141856480406097774e-01	 3.27567121504295399869733e-01
-1.05941842319566631447358e-01	-9.46971337949569447189901e-01	 3.03350640592596365596734e-01
 5.65166506484712782842905e-02	-9.63162042753886615820136e-01	 2.62915856497167088612343e-01
 2.36699561384475787306769e-01	-9.39677823913070531247627e-01	 2.46939071202580351371836e-01
 3.83803161636328216133052e-01	-8.77016349838900532986941e-01	 2.89028467859499538228363e-01
 5.18656963582402208423616e-01	-7.94867122853979868324359e-01	 3.14930486192300962411394e-01
 6.39679715329906861676079e-01	-6.94382235813701176319057e-01	 3.29610637543473472543809e-01
 7.44741260806584870479696e-01	-5.75913609119212077658290e-01	 3.37170534423608447838205e-01
 8.40524033655068669723676e-01	-4.66723646068075315174184e-01	 2.75115225040591493410602e-01
 9.20245623808879309457609e-01	-3.36340586343473635366763e-01	 2.00057496332267714667097e-01
 9.71007365521003085184759e-01	-2.14240311772986385951967e-01	 1.06046145216951881451450e-01
 9.81959269205901263966041e-01	-6.23335678656979294554041e-02	 1.78523163588776151433635e-01
 9.65793027736722153875348e-01	 9.31166237845112015891758e-02	 2.42018846270511012175319e-01
 9.65419285341816979517660e-01	 2.22292988159459081742853e-01	 1.36203637635837093711189e-01
 9.09433897066040386469865e-01	 3.78705310669364081377353e-01	 1.71791369218873668511804e-01
 8.23918130099980938751969e-01	 5.28347931635974377151399e-01	 2.04957015075207082954734e-01
 7.20305736192266898854086e-01	 6.59403699096389295242204e-01	 2.15282159099436348759227e-01
 5.95593548429390828857777e-01	 7.72080568932322686137582e-01	 2.21720364753506316013443e-01
 4.54031072077091923944181e-01	 8.63059837097277404716067e-01	 2.21322170552675667742903e-01
 3.00075701563181029829508e-01	 9.30245491910781985289702e-01	 2.11182144394434861967014e-01
 2.13320307350344434693667e-01	 9.74074807063295411424519e-01	 7.53174396574838173057387e-02
 3.59893168884181935407440e-02	 9.96317400511154138698089e-01	 7.78229176310028109009309e-02
-1.40327533481792915415198e-01	 9.86874247518092495567998e-01	 7.99212295483182622035656e-02
-3.01234089479270716882553e-01	 9.49533717532212606649011e-01	 8.74284999588287592420244e-02
-3.79878578621356988165303e-01	 8.95210620205774243451913e-01	 2.33002598645188657711103e-01
-5.29699231481664423171196e-01	 8.16727936196605663887738e-01	 2.28854107246882543247324e-01
-6.63713960225899124445448e-01	 7.17832121789228838615315e-01	 2.10239919922044105060621e-01
-7.79485234069817733981722e-01	 6.01385268945754281055827e-01	 1.75324066123747651646525e-01
-8.69800452853095373839665e-01	 4.79750932580260469606515e-01	 1.15265844485348684100856e-01
-9.46359253787689480574841e-01	 3.00501479202220922459787e-01	 1.18756152546656321145058e-01
-9.84985668343870468532941e-01	 1.64160401691260643408654e-01	 5.34284163506924883457749e-02
-9.97091456439900492014772e-01	 4.05638294451335368329126e-03	 7.61063285933947647476927e-02
-9.83202431619391914452422e-01	-1.50863793621397346278457e-01	 1.02728254301702542905517e-01
-9.44048701746810881019201e-01	-3.02919753308326711316312e-01	 1.30428799679301182790070e-01
-8.77722129990924582187972e-01	-4.50526497187265562160974e-01	 1.63186206084850848885281e-01
-7.83296755251706722233962e-01	-5.94000052850025328510242e-01	 1.83330658718925565420221e-01
-6.66534322261178480140131e-01	-7.17684506103382191533058e-01	 2.01645597390511160940108e-01
-5.27423128082091352553107e-01	-8.24252145141859959842634e-01	 2.05993313467073835276722e-01
-3.78825657909660884481440e-01	-9.04040356766498742757676e-01	 1.97995338952244109842482e-01
-2.20301136747129033821579e-01	-9.58774901967119230761227e-01	 1.79494001308856288012805e-01
-6.63422123180676670539668e-02	-9.87512055004144184700010e-01	 1.42893849014702201127847e-01
 9.33123242764029997564634e-02	-9.89118715402949821857703e-01	 1.13740832499827568269346e-01
 2.44142638325674038446422e-01	-9.65253965825198512185068e-01	 9.31619751299079951190052e-02
 3.85451453472254568222155e-01	-9.13229235732616051457455e-01	 1.32058850590743598329979e-01
 5.19298656104658862275869e-01	-8.39545837187397170353620e-01	 1.59661181973602406269919e-01
 6.44317970527481742593068e-01	-7.43515722843731352575958e-01	 1.78993638824152145883062e-01
 7.58407719718648065665434e-01	-6.22770714578944617478840e-01	 1.92287201170518506909701e-01
 8.70082312385127121245887e-01	-4.76932950154778934059863e-01	 1.24465781366645641958790e-01
 9.34049010347359098815900e-01	-3.56118319568341445968684e-01	 2.70589862511510931275538e-02
 9.95891155604404110235350e-01	-9.01799540365618018666893e-02	 8.26934573519118656936833e-03
 9.95302198013457983805097e-01	 3.59542935683497405507936e-02	-8.98934002225985073764036e-02
 9.94788916448080762222617e-01	 6.68863581715597038668264e-02	 7.69495081374747258440294e-02
 9.79682227450305198601654e-01	 1.98287268899033003455301e-01	-3.00814263387073968503138e-02
 9.41200643709926176860847e-01	 3.37672243300405572341560e-01	 1.08997424048770403387509e-02
 8.68961073099414393894335e-01	 4.91768863937599276514590e-01	 5.54079227136091700955944e-02
 7.77093004053583169543629e-01	 6.26176221509866737235939e-01	 6.34807267334273894743291e-02
 6.64889679080319262460819e-01	 7.43234692448448863721921e-01	 7.43229883248098799342074e-02
 5.31545857898865325985582e-01	 8.43381931732565037762583e-01	 7.85233607126332583403538e-02
 3.81720565746784035177086e-01	 9.21338492979092205104052e-01	 7.36531807933000770560739e-02
 2.94867626039244379310134e-01	 9.53293569548834374138835e-01	-6.54557359657838289113130e-02
 1.23280081855768830489950e-01	 9.90472358003684050231641e-01	-6.13720575527430187157130e-02
-5.21028626315408471825208e-02	 9.96768539934474007147003e-01	-6.11373004187777610574095e-02
-2.18035808453592216960004e-01	 9.73711452392026388658053e-01	-6.59271849285198996426516e-02
-3.72681155051551027401757e-01	 9.26044920491719159016952e-01	-5.95781998798855932930607e-02
-4.55747822615208686425348e-01	 8.85403468988106401305060e-01	 9.14036065225189431338038e-02
-6.02388617889667021820799e-01	 7.94251859124049164329051e-01	 7.93217329296849321673690e-02
-7.29942764120144360617815e-01	 6.81614461413756034247058e-01	 5.08457186032288052657258e-02
-8.25521628375547322775674e-01	 5.64303747921368947793042e-01	-8.67877676179632656650043e-03
-9.17703341839259834067377e-01	 3.97064165525813805857069e-01	-1.26737852413477992963298e-02
-9.64310606199532904803107e-01	 2.55099708418107529173113e-01	-7.09168071481360989816167e-02
-9.93372453561708224079041e-01	 7.67100949504097989750662e-02	-8.55963190650810140658322e-02
-9.94134472599533691727913e-01	-8.69065713944410234148563e-02	-6.43731173527415934110252e-02
-9.69171117203947329876712e-01	-2.43692376823400669305641e-01	-3.63506678867714511094178e-02
-9.18878901258144531460914e-01	-3.94528382327978377475119e-01	-2.98669722158821778976168e-03
-8.43008953249285264419655e-01	-5.36843468616694408090950e-01	 3.36896860350556631713559e-02
-7.36682576081141515800255e-01	-6.74448778972649543028695e-01	 4.91693668939860717426171e-02
-6.13231810066101945544403e-01	-7.87090445113192926918089e-01	 6.65986361314444275105728e-02
-4.69989116240227600140855e-01	-8.80634017904201260584784e-01	 5.99496215637170121182109e-02
-3.14774697675988701650596e-01	-9.48055770348628867871810e-01	 4.59036601117826514872888e-02
-1.63343733008836672349062e-01	-9.86531467658364635830992e-01	 8.63065504879242072211465e-03
-7.25188160802977058172480e-03	-9.99681891821661228192397e-01	-2.41562699315897265461839e-02
 1.50407580482464164894907e-01	-9.87270272004441951096965e-01	-5.17201097222935862740556e-02
 3.12787706004272969551039e-01	-9.48446950162337487633124e-01	-5.11100156558888518709693e-02
 4.53846031416506423550317e-01	-8.90953136145929858180637e-01	-1.50429039490379209964566e-02
 5.83903977701422549628774e-01	-8.11747654347910296834812e-01	 1.10404023985721695677586e-02
 7.00933894307240734633524e-01	-7.12524402262545986097564e-01	 3.16330838156444610342888e-02
 8.02905049741453380462985e-01	-5.94247403514833960613828e-01	 4.70478959737072113811429e-02
 8.72347060284205721991668e-01	-4.85887801004777908353560e-01	-5.40707984798234134182771e-02
 9.69871693571115467413790e-01	-2.32736891458266537124899e-01	-7.19891475421077647878221e-02
 9.79586338518381061213347e-01	-1.04225323575367914696876e-01	-1.71894407453417968900666e-01
 9.63543544724957179425928e-01	 3.39930841390152227443622e-02	-2.65383322101412688631683e-01
 9.68239707316951081494949e-01	 1.72624572892490280029421e-01	-1.80866320824166315617276e-01
 9.28012598457950033115083e-01	 3.18607319112494624668841e-01	-1.93085455980694237210216e-01
 8.95124204487902641602659e-01	 4.34834600906431834044241e-01	-9.83439291183958314013225e-02
 8.14211558780970068305294e-01	 5.72874101806532198821742e-01	-9.42061623611838844238875e-02
 7.15046137013604421461821e-01	 6.93962210856532868419322e-01	-8.44125100031673653022679e-02
 5.96713336210338507470397e-01	 7.99357872116958745323245e-01	-7.04285927260777655511959e-02
 4.55491438491634648144668e-01	 8.87610450026127040246138e-01	-6.83757154641748132739565e-02
 3.71136567207453138550477e-01	 9.05318229025167231505122e-01	-2.06534628273813608556608e-01
 2.03546047998750173624316e-01	 9.58025484101439617212748e-01	-2.01881594397044811239894e-01
 3.07017626838186723225999e-02	 9.79243464350706083187958e-01	-2.00348794093036186581003e-01
-1.32600019427430382279454e-01	 9.68178417130782564825608e-01	-2.12244640568324816065626e-01
-2.88747355518111814554061e-01	 9.32799868696117751021291e-01	-2.15660310770903557164857e-01
-4.35479549968270707172024e-01	 8.76040549192131368094749e-01	-2.07148540256941432469162e-01
-5.20201340900242170661727e-01	 8.52444971266465567616422e-01	-5.22315602687189531327938e-02
-6.62210292710201597898845e-01	 7.45675975607076546580743e-01	-7.37893463252237424843116e-02
-7.59787201706633608111474e-01	 6.35955244159414512239437e-01	-1.35219582712501701360353e-01
-8.66733876069356368176955e-01	 4.78773396055147404393182e-01	-1.39815676172634517637761e-01
-9.21507001277152792972913e-01	 3.35483411973119483029393e-01	-1.95641833174972218367671e-01
-9.61574219465479607116265e-01	 1.66925132703867107331064e-01	-2.17970228543143351718214e-01
-9.74858031451391826571751e-01	-7.21803318640928254223965e-03	-2.22709942552273443272526e-01
-9.64430841267325367205387e-01	-1.70376581461109899429118e-01	-2.02101392627624304454415e-01
-9.29752859251971930376612e-01	-3.25436964477741286216883e-01	-1.72192923386231017124359e-01
-8.71259407037785593708179e-01	-4.71584130861227246445111e-01	-1.36071500204955841972776e-01
-7.88319996816920554039143e-01	-6.07674855758510323866517e-01	-9.63475598935657345789352e-02
-6.68461774958388876832771e-01	-7.38108981013918197255919e-01	-9.14001507989758987804407e-02
-5.49716352119927531560961e-01	-8.31449801969875723628434e-01	-8.06421664900840162726325e-02
-3.96487018336005359042673e-01	-9.13699830779882704590023e-01	-8.91664932799182130551685e-02
-2.47843937407520642501879e-01	-9.60308861961237880677800e-01	-1.27985437957015640852987e-01
-9.40656146221038186316932e-02	-9.82149311878247277540765e-01	-1.62893797680732338450937e-01
 6.35258074976519926391205e-02	-9.79434854173771074492549e-01	-1.91498924830859951207174e-01
 2.27585058241309451387835e-01	-9.53092226440816592258898e-01	-1.99550116921506898171046e-01
 3.88685470904961138938205e-01	-9.02195798720190400565855e-01	-1.86992902215636358498330e-01
 5.30492872607048693289755e-01	-8.33284492881023575172605e-01	-1.55609337885414117375049e-01
 6.59120584316696289661763e-01	-7.40529931313959166594429e-01	-1.31055240864911742848520e-01
 7.73145978146908441352991e-01	-6.24631470549589451479733e-01	-1.09912794861734469664682e-01
 8.33670739635362312291988e-01	-5.09500589799589342909769e-01	-2.13078030002388368879807e-01
 9.17324591854305371185774e-01	-3.67942564646849712417520e-01	-1.52098199530537075974124e-01
 9.33634415568124209627854e-01	-1.02410959220829753113513e-01	-3.43276526284913230391282e-01
 9.06339266064844162329450e-01	 5.58650369387558437539454e-02	-4.18841536188653551509020e-01
 9.22453693911071015421044e-01	 1.97518737827914653282235e-01	-3.31761255719663417096399e-01
 8.68250908315885250310373e-01	 3.47706673516441744364869e-01	-3.53893245768792275018910e-01
 8.47349926865955782595563e-01	 4.70152256017077219141242e-01	-2.46890578196722665360596e-01
 7.57147989766958628976568e-01	 6.05873654779730652641945e-01	-2.44221284976771119135108e-01
 6.50092022530772917221498e-01	 7.23703675139035773611340e-01	-2.31588758000258049252196e-01
 5.24524624062176259009505e-01	 8.24280775529555476133226e-01	-2.13155159085646445094042e-01
 4.37982425567125577270389e-01	 8.30163458101520035370413e-01	-3.44963806401864692130488e-01
 2.75535172318619625553282e-01	 9.00123315468762008606518e-01	-3.37429082571245264610127e-01
 1.01471914735577900534835e-01	 9.36595979740187045692323e-01	-3.35397407942302272498836e-01
-6.14687943724895741182124e-02	 9.33468842700891254793305e-01	-3.53351817633716591693371e-01
-2.19741019919451552322442e-01	 9.05822603780691126829083e-01	-3.62214431855949536842587e-01
-3.72841164178895789760304e-01	 8.55777754715121408146672e-01	-3.58655685621281028474527e-01
-5.19981185898542697110258e-01	 7.83522214486347401418698e-01	-3.40165409349562519736310e-01
-5.75434213969981511738183e-01	 7.94283835853423880735136e-01	-1.94906781551389379769645e-01
-6.70787150340413695914776e-01	 6.93257362707721758177115e-01	-2.63512481658310981913473e-01
-7.95458377655093196167968e-01	 5.46264271253989908139204e-01	-2.62376285837106260068197e-01
-8.56663277287674773674553e-01	 4.06174665792167544076108e-01	-3.18041145475489728244867e-01
-9.05051782219821521202618e-01	 2.46408479623887038956198e-01	-3.46646985664334439380951e-01
-9.30021928714935608439873e-01	 7.91537812333511781037743e-02	-3.58878657802068623539071e-01
-9.29865913911871011521271e-01	-9.02329808087154322526757e-02	-3.56661451967008880092891e-01
-9.08280190951000099275348e-01	-2.50655143553083104013268e-01	-3.34961331703225562161919e-01
-8.64022615444039909782248e-01	-4.01522999071059150111296e-01	-3.03717304772419871561340e-01
-7.97779106626716139061273e-01	-5.41202393788527302831426e-01	-2.65797791539821914863495e-01
-7.08551390104786515955482e-01	-6.68927906908814096098581e-01	-2.24700651844109311472408e-01
-4.82079057485772177749084e-01	-8.48772688141283593310504e-01	-2.17220409259924918110585e-01
-3.36440811440148090927238e-01	-9.05483123479413065659571e-01	-2.58665601678037204713689e-01
-1.85046170795853337498471e-01	-9.37169209777139133876744e-01	-2.95756296500149729045148e-01
-2.75509421930342189577257e-02	-9.45001396398923887431920e-01	-3.25903829968842706499288e-01
 1.36229272063041112472703e-01	-9.30501370497059054898159e-01	-3.40012918778491213256387e-01
 3.00055087377519069669063e-01	-8.93244008585936888344747e-01	-3.34786627068938469342640e-01
 4.57298866092155698037658e-01	-8.31089939259383680969506e-01	-3.16492116699077508101823e-01
 5.97409826636999374827042e-01	-7.48619089405625937061473e-01	-2.87525578018794358836629e-01
 7.22328069795736715796863e-01	-6.40358632615605438687112e-01	-2.61118710972303769146663e-01
 7.74465219918058722647913e-01	-5.17737887077317715522895e-01	-3.63525932255166106532585e-01
 8.68613809276106429990705e-01	-3.82925149963195210478517e-01	-3.14449327969573921848223e-01
 9.38060739010853961161729e-01	-2.41171550274955154291590e-01	-2.48753559299933424409090e-01
 8.66164766786244877394552e-01	-8.67455863112945591009151e-02	-4.92172530758919979376742e-01
 8.25881985287980846521805e-01	 7.31095681981470679744461e-02	-5.59083122097836171526808e-01
 8.53649264802602836255119e-01	 2.15778166379573421718163e-01	-4.74049275514523860142191e-01
 7.86492456310866838720131e-01	 3.63337833181000990911969e-01	-4.99414892794993126035052e-01
 7.78819452420283053761807e-01	 4.92271255912530514287084e-01	-3.88727759664872274392167e-01
 6.80958942866384475678387e-01	 6.22383346328726938523346e-01	-3.85919536099109672377949e-01
 5.68211023418245697591544e-01	 7.34842871454960300248160e-01	-3.70327135297723875062559e-01
 4.71736809345285945660464e-01	 7.26880494148849587432437e-01	-4.99108334867945924173682e-01
 3.40801215491380427025092e-01	 8.15854355329784786121650e-01	-4.67157577706943549777918e-01
 1.68862498569857605312805e-01	 8.70961416597069826295296e-01	-4.61423522781371275858220e-01
 9.41051736904397612137885e-03	 8.73961796919414446449537e-01	-4.85903508618980128908049e-01
-1.46371054891924590179997e-01	 8.54006899576177036514935e-01	-4.99247163002565830236534e-01
-2.98390031582893899830822e-01	 8.13108912464794442165328e-01	-4.99817252125493438619230e-01
-4.44652197289233219734683e-01	 7.52380438705423482126378e-01	-4.86012447267856806387698e-01
-5.87119234826675606697677e-01	 6.81183810610914375338609e-01	-4.37355256351324939156910e-01
-7.05959944440080366945267e-01	 5.97509989217623105339783e-01	-3.80266182602811475543803e-01
-7.70132500545943399217208e-01	 4.63003541641314686483355e-01	-4.38775172531960799826578e-01
-8.24199538754988747513153e-01	 3.14763908573193640361154e-01	-4.70764062111574121960444e-01
-8.59015424572313057716144e-01	 1.55362635699221068863451e-01	-4.87806264592245575340002e-01
-8.70887076690680772550479e-01	-1.03057314539265355152198e-02	-4.91375102698905608100688e-01
-8.58288339263604038720246e-01	-1.78271044932689137763049e-01	-4.81207399384851408630226e-01
-8.23316728548006193655340e-01	-3.39005437773200024587084e-01	-4.55219592782659165930426e-01
-7.64339901482207317862105e-01	-4.90055201689203134840511e-01	-4.19082825106832868033990e-01
-6.80977142079097208515748e-01	-6.28617769513341251297334e-01	-3.75645886198500811303802e-01
-5.92744826860186369010819e-01	-7.58096988597475873739029e-01	-2.71923750544019571240284e-01
-4.47126174397631137580333e-01	-8.14705793744220918561894e-01	-3.69232519976421591501037e-01
-2.92795396773507632381950e-01	-8.62453263391654956215859e-01	-4.12850123039013694459243e-01
-1.32170999190575649828716e-01	-8.84507775060287992907604e-01	-4.47411245758154718643596e-01
 3.45571552432060030701777e-02	-8.82650441444760458509222e-01	-4.68757934587635816114926e-01
 2.01391566133624799750379e-01	-8.57671515063206491014114e-01	-4.73118388291376978926905e-01
 3.62183369102139107731375e-01	-8.11118863249582378038838e-01	-4.59248730892671153114293e-01
 5.15997925094232035014841e-01	-7.37013206540190868309992e-01	-4.36529122377641021213179e-01
 6.52798464389456212231266e-01	-6.39187804866506836809492e-01	-4.06562559762583375366773e-01
 6.98142349716756038802146e-01	-5.08887086029229940287166e-01	-5.03618102538665790568473e-01
 7.99146343548277848789496e-01	-3.80443279470284723142726e-01	-4.65433166737516113009576e-01
 8.80199634475144820910941e-01	-2.43808041121471724688163e-01	-4.07193126850555198181780e-01
 7.76338863433193027141499e-01	-6.71962616153985448086416e-02	-6.26723728247282063641421e-01
 7.20713250346714739968945e-01	 8.87201660459600721653217e-02	-6.87532648614922914376280e-01
 7.61599845387206153546344e-01	 2.26497428374505510584314e-01	-6.07177560888015221962632e-01
 6.82232361057413583260711e-01	 3.66565005094751705794209e-01	-6.32605013073649025123757e-01
 6.90658620576158788217924e-01	 4.99164808554393046868825e-01	-5.23283062715289792876661e-01
 5.87396808920323199032509e-01	 6.20934256398157913281466e-01	-5.19043002169847444982054e-01
 3.58637807160841537434948e-01	 7.00758645472089769512536e-01	-6.16697854764377439984457e-01
 2.30130581517002635871805e-01	 7.82543102693587067086867e-01	-5.78503420800033252291428e-01
 7.55087999316944730177070e-02	 7.89450965304531848687475e-01	-6.09151536575767371672896e-01
-7.72687218902496641970146e-02	 7.75751308618749635392930e-01	-6.26290229680892318597785e-01
-2.28838491046376574233889e-01	 7.42050094129181769808667e-01	-6.30075077128503746592969e-01
-3.76545476382516453028870e-01	 6.88528658269998983243454e-01	-6.19791731920311006476254e-01
-5.20302479450418631223840e-01	 6.24653172387402588761063e-01	-5.82317562936324861766479e-01
-6.50326872568778746597218e-01	 5.43574170515542243187213e-01	-5.30661926242359749394950e-01
-7.11689851657170247101192e-01	 3.95283721877760896301623e-01	-5.80730862161345839922433e-01
-7.60149420735929726156144e-01	 2.40088511100959883792783e-01	-6.03763500877748326978178e-01
-7.85985866792339726849548e-01	 7.54948775720210851769565e-02	-6.13617748002027729725683e-01
-7.88015201718118563078974e-01	-9.29747483507284977477525e-02	-6.08594888271559386616616e-01
-7.63330902420361501192758e-01	-2.62073170405873578925338e-01	-5.90460487046788440324008e-01
-7.14126711814023984459254e-01	-4.22900573116676448126583e-01	-5.57833438161676187228011e-01
-6.39161144833738981141380e-01	-5.70334784944281025786950e-01	-5.15937267521338172038270e-01
-5.55045495546096168126837e-01	-7.10916466212966557947084e-01	-4.31882247772765903714998e-01
-4.00207298017771717635327e-01	-7.61212886857150716757303e-01	-5.10283312970272517894443e-01
-2.38840195596461524196741e-01	-7.98641448138978082837980e-01	-5.52383198768681138446368e-01
-7.09452541662989322190924e-02	-8.10698484284878229111371e-01	-5.81149497538697490384152e-01
 9.79393312510496161227280e-02	-7.97407810036308450918341e-01	-5.95439897795903227972758e-01
 2.59968138503151369178568e-01	-7.61595339171654228671571e-01	-5.93623707676183887116395e-01
 4.15711470922186465681847e-01	-7.08360579927699518520967e-01	-5.70446545916622804739404e-01
 5.65508492855614663952224e-01	-6.20835412838732447760037e-01	-5.42921296942321052192426e-01
 6.06028747183194771430692e-01	-4.85153849342090215390755e-01	-6.30360928402228792855055e-01
 7.11480918341677592842132e-01	-3.61199556756504280841114e-01	-6.02768432347438043450438e-01
 8.04199136370356670866499e-01	-2.28810449620307415630194e-01	-5.48552210100119341795732e-01
 6.63145149793418320349758e-01	-5.07059894785213544077251e-02	-7.46771325732629609461810e-01
 5.92679637618434895784958e-01	 1.00661472775974189519665e-01	-7.99123341575662227143084e-01
 6.42608239625272026351865e-01	 2.36577209363592250168651e-01	-7.28756388908834429329886e-01
 5.47200235228047393576389e-01	 3.65296033866566449699320e-01	-7.53080812534568710958638e-01
 5.81510296627797518276282e-01	 4.90268069070735446057796e-01	-6.49217217397616175311725e-01
 4.74991775875549138152820e-01	 6.03214008572301785271463e-01	-6.40714969945862300448880e-01
 3.21634567462567910745008e-01	 5.92272204577971805861125e-01	-7.38758986881050350170597e-01
 1.93793094614405025932768e-01	 6.85564688353881956928149e-01	-7.01744465287769125794171e-01
 3.18910898230488140669969e-02	 6.81492018719447090191466e-01	-7.31130348714640110330265e-01
-1.27444816003459138187281e-01	 6.58161006624794597819061e-01	-7.42012067443974743241597e-01
-2.84260614049707149852964e-01	 6.13354500822131054604824e-01	-7.36880017113585528143460e-01
-4.37889295969659753104963e-01	 5.52771406179413893333674e-01	-7.09011097928395894740561e-01
-5.79116276413711883463975e-01	 4.77349560633514191643201e-01	-6.60879516519999654633466e-01
-6.33243139085884698680218e-01	 3.24196189005896751034186e-01	-7.02780163233644450393456e-01
-6.76141624724685752489961e-01	 1.65523019268744298049256e-01	-7.17937764299121594646635e-01
-6.92886161467752836884415e-01	-3.13339825389134189054241e-03	-7.21040185469482564073473e-01
-6.85318991512951947164822e-01	-1.72853869108307495183752e-01	-7.07431565457718791734010e-01
-6.47324524015869040560744e-01	-3.42279708714068708896860e-01	-6.81040058741217535498436e-01
-5.81942071458770193714827e-01	-4.96765155914949296800387e-01	-6.43869400837679184412821e-01
-5.04331220851970019047883e-01	-6.46482528516836407739277e-01	-5.72459919991294530206005e-01
-3.42336228693558897173688e-01	-6.89292068366483712260617e-01	-6.38500079100172257540180e-01
-1.74855726129438282523409e-01	-7.15869624731198972433788e-01	-6.75985321902006441874278e-01
-5.53701164904242190689665e-03	-7.14565628708334954488635e-01	-6.99546498647988568286848e-01
 1.55279999649992894728001e-01	-6.86829576502558158956901e-01	-7.10037502213802129702458e-01
 3.10845165728828143336671e-01	-6.43915561795997293259575e-01	-6.99105165350652146827315e-01
 4.60570241866434693100985e-01	-5.87047679033336211595895e-01	-6.65770286847248038419878e-01
 4.95793426426993977251811e-01	-4.48941082673779245926227e-01	-7.43398131958559638121642e-01
 5.99855979469384070768001e-01	-3.33950403537637607875865e-01	-7.27083167094298099542016e-01
 7.08038793038008873459432e-01	-2.07609888027358441275894e-01	-6.74966074663421511381500e-01
 5.28609698413305517661342e-01	-3.80074868241544114311203e-02	-8.48013689564446893065508e-01
 4.39986658964981958153118e-01	 9.07288558519042803718335e-02	-8.93409208956700506831794e-01
 4.98577376672270533575215e-01	 2.32138005418790177580846e-01	-8.35184138924334962261753e-01
 4.38529487724911182233711e-01	 4.84847726199732154128696e-01	-7.56713004245781695189521e-01
 2.77370003312110979809546e-01	 4.70208798249302395433347e-01	-8.37836241345280008374630e-01
 1.52376655226330898207365e-01	 5.72956613165172434776196e-01	-8.05296264968571096076744e-01
-1.32642690110478401327443e-02	 5.57818183799834499403403e-01	-8.29857176259780726645943e-01
-1.75505684062336408945981e-01	 5.25422194358903582589448e-01	-8.32543856224334910542950e-01
-3.36343168362270905635825e-01	 4.73620151197649885688179e-01	-8.13976182376084267389160e-01
-4.89296193608939888886056e-01	 4.03293791316035099558945e-01	-7.73267969597694504457763e-01
-5.37276283305216262320414e-01	 2.48405544281736140321826e-01	-8.05995583714841146161234e-01
-5.75465307392536873365430e-01	 8.86587756523016384813118e-02	-8.13006335453450024175481e-01
-5.81812643150760644417119e-01	-8.22272233222031828647758e-02	-8.09155567251839680231740e-01
-5.64470997196614865387687e-01	-2.50519419542451826643514e-01	-7.86519239278971604711899e-01
-5.08898410848098281533680e-01	-4.09278555562997747863108e-01	-7.57306722136114718324507e-01
-4.41420692337521292092362e-01	-5.66830863336139412211878e-01	-6.95593663532000805460598e-01
-2.72321114529725127884063e-01	-6.00677908904207136231435e-01	-7.51682952005536475503789e-01
-1.03134676953254039721841e-01	-6.11436435424210888989194e-01	-7.84543640497762817531680e-01
 5.43816726706166791993624e-02	-5.88471502524662293254210e-01	-8.06687005221921604736224e-01
 2.07541165151583939518787e-01	-5.52686232745777994423975e-01	-8.07133565713136880148681e-01
 3.54748790221155518853635e-01	-5.04693929665684937191372e-01	-7.87043412522610008608126e-01
 4.38847398189157744674560e-01	-3.37819107374774441066023e-01	-8.32641106236725381251063e-01
 5.88190902999256692851304e-01	-1.93243128609286329844252e-01	-7.85295202375650425175024e-01
 3.72368203456376556381713e-01	-6.27917003003521517756624e-02	-9.25958489041523558071844e-01
 3.39534224459137667917474e-01	 2.16847716294402498293792e-01	-9.15256017930958121198159e-01
 3.93496987266054643050950e-01	 3.56186817066773242501654e-01	-8.47520543916417179453049e-01
 2.27713353988972994068618e-01	 3.35428589055172421407036e-01	-9.14130346318045239328853e-01
 1.06405016761084658671876e-01	 4.45312699657649302409368e-01	-8.89030129934688773118978e-01
-5.96514105304222705394857e-02	 4.19428508357895191149822e-01	-9.05826382701675481001757e-01
-2.22079596521296412925395e-01	 3.81609802422354982276431e-01	-8.97248355531571784027278e-01
-3.82390536949328230242884e-01	 3.23329936989335819941260e-01	-8.65583750481764058193335e-01
-4.25397868466343531679286e-01	 1.68754936633510266297264e-01	-8.89133524767856009418665e-01
-4.59671552062743848932058e-01	 1.02406417404207906313163e-02	-8.88029950779236187941024e-01
-4.51633000606831369605487e-01	-1.62063742743021987902097e-01	-8.77361371414876911600800e-01
-4.18370935271069388505794e-01	-3.07725723936289552451484e-01	-8.54558739554103108382321e-01
-3.64846547879238258804691e-01	-4.75117437013351295860275e-01	-8.00718688146134893734995e-01
-1.89242282603096972914969e-01	-4.93363183244709957442353e-01	-8.48987707740115782328871e-01
-3.05106655327824424772665e-02	-4.71346866876838688220630e-01	-8.81420007927057880259269e-01
 1.27226282638114723821943e-01	-4.38192113105740854717141e-01	-8.89832088103150176117140e-01
 2.83320454703344659641573e-01	-3.92983484835288499059658e-01	-8.74810551258615620717762e-01
 3.18370493750456728943021e-01	-2.35283735572212077125087e-01	-9.18303758287134619386904e-01
 4.60514865801306905179757e-01	-1.88332386991971828527070e-01	-8.67442776433068551966699e-01
 2.81357038389180524884381e-01	 6.34164385262909052753955e-02	-9.57505390205982354068226e-01
 1.75562775091791273274211e-01	 1.86387759394257002121265e-01	-9.66662979093571017585873e-01
 5.90179655956662302385141e-02	 3.02937416538816506328402e-01	-9.51181266319799156860881e-01
-1.03767426859818129303292e-01	 2.68702488327830779635264e-01	-9.57617509180635373411405e-01
-2.64232319672187965231558e-01	 2.29450133086957219763491e-01	-9.36767803496166617804874e-01
-3.03179904134386002390045e-01	 7.43377524527248784158573e-02	-9.50029391276576373748242e-01
-3.32968556437228058175748e-01	-8.50014565027878421510366e-02	-9.39098872758621250333988e-01
-2.81499717879215072269261e-01	-3.65906799204135935177362e-01	-8.87057001060307714901398e-01
-1.30854464527043995447642e-01	-3.42879614985469316490452e-01	-9.30220768818218246565266e-01
 2.11536101182579761026403e-02	-3.15919009560735153385735e-01	-9.48550317156200861745674e-01
 1.71444073070596891827932e-01	-2.78876246386621229333969e-01	-9.44899449153333237383379e-01
 2.20326761270556031879764e-01	-1.08994900555141410736226e-01	-9.69317404115392022845299e-01
 1.26763457967921350233453e-01	 2.06305525161231545494545e-02	-9.91718410652385973236278e-01
 1.45020819236172555932729e-02	 1.46188292318709112116437e-01	-9.89150480366268958221099e-01
-1.44683684802631024046704e-01	 1.09686573815916288410222e-01	-9.83379625005754598454644e-01
-1.82584789581604733932352e-01	-5.44734566255023616720976e-02	-9.81679905639669669881187e-01
-2.62011571334882897854612e-01	-2.19560686969285351333170e-01	-9.39756905387877927715579e-01
-9.64173813033266380312369e-02	-1.88525219405449251386386e-01	-9.77323861486424583233656e-01
 6.42464568079793990618143e-02	-1.52152872728514743094763e-01	-9.86266645541701847399452e-01
-2.85039777232178985488797e-02	-1.95544611319443360775150e-02	-9.99402394585781284064296e-01
