-5.15745220296270276416628e-02	-6.48964223738488638071331e-02	 9.96558339005043203329137e-01
 4.80759119175769716880708e-02	 6.90519241118466575724000e-02	 9.96453982113446712354232e-01
-1.93263288743892314158757e-02	 2.15755015270567285234904e-01	 9.76256250375810097352769e-01
-1.24152051657348827529148e-01	 8.52037254210741556992303e-02	 9.88598297208548415504481e-01
-2.22505213288984093900069e-01	-4.57388335872556395234056e-02	 9.73857992297286090277453e-01
-1.41392570507000520096952e-01	-1.95579985878830103773751e-01	 9.70441451159759438382935e-01
 2.43843337816920281702071e-02	-2.23066532843649523165652e-01	 9.74498191989670137225232e-01
 1.12938117282365260707344e-01	-8.57938118144800782038928e-02	 9.89891106899671413543729e-01
 2.12033838069354524380472e-01	 5.65211978173679047143807e-02	 9.75626468332460028420883e-01
 1.48135849695228721811802e-01	 2.08456642205833042602592e-01	 9.66747949754920399279001e-01
 7.98136589494771175878896e-02	 3.54225553998884945539061e-01	 9.31747839675134303938364e-01
-8.53894424215183578397159e-02	 3.54950469575922133991241e-01	 9.30977339826687066981492e-01
-1.93347477362723174643122e-01	 2.29872345587606136119163e-01	 9.53821502028300738373900e-01
-2.95911270733030251633977e-01	 1.01868693715816499567595e-01	 9.49768018567585192712954e-01
-3.90045709255133987714004e-01	-2.94202077903147306281451e-02	 9.20325375106670895419825e-01
-3.12339151139198467621583e-01	-1.75047190346784953263182e-01	 9.33703773055106212019894e-01
-2.27591589119694043263920e-01	-3.19614047653790311898092e-01	 9.19809180811070881134128e-01
-6.66811251695324097577000e-02	-3.53230360171615020981051e-01	 9.33156975111452680060609e-01
 1.89739933393523324545171e-01	-2.40202400511102948099662e-01	 9.51998720831349287685441e-01
 2.71066063562013737087142e-01	-9.82185708470804802461274e-02	 9.57536579732467196812706e-01
 3.71078290862641158032176e-01	 4.26493780426242252712399e-02	 9.27621653802367163166309e-01
 3.11114665899432096818344e-01	 1.92828250393010741658983e-01	 9.30604604820250758123734e-01
 4.04366738797120650605876e-01	 3.11524323974326777797472e-01	 8.59907050864754829433423e-01
 2.43654818150169427681817e-01	 3.41193801745868552366403e-01	 9.07865143753414982619176e-01
 1.68355546210240958338034e-01	 4.83732875477986545842413e-01	 8.58870720913252783113023e-01
 9.25228113086355025140861e-03	 4.93566170833181605548390e-01	 8.69659031059268672336771e-01
-1.46793792090179925358129e-01	 4.86300236539283392556143e-01	 8.61373126203518357790756e-01
-2.56120239194405241445196e-01	 3.70356175507932483537132e-01	 8.92882257824702318949051e-01
-3.60384809948502859988650e-01	 2.48598711665731053610529e-01	 8.99066999347946316234470e-01
-4.56400974849847540504300e-01	 1.19358411537378861222436e-01	 8.81732226785083894604611e-01
-5.43202393493637969434928e-01	-1.48659176651346966457901e-02	 8.39470168734277599753568e-01
-4.75353124481602884454645e-01	-1.61340976662329244062377e-01	 8.64874844295533518057084e-01
-3.94681111970321518711557e-01	-3.00888510506987394421685e-01	 8.68154896374349283050265e-01
-3.06332284558935186158379e-01	-4.36788648264764101103452e-01	 8.45799153572492024011353e-01
-1.54215876605950458211325e-01	-4.76263158099175243354040e-01	 8.65673649616331086775745e-01
 4.79281944883755157277294e-03	-5.01074371648909666632221e-01	 8.65390953822826491936837e-01
 9.59208476099238788181722e-02	-3.74231304847928547552272e-01	 9.22361166499116369443811e-01
 3.54160332923089349321799e-01	-2.45440857106808352217087e-01	 9.02401930542306551785714e-01
 4.21829072863153631267608e-01	-1.07945755873691526249836e-01	 9.00226608735972488872790e-01
 5.25746020936730285022520e-01	-7.14161703494878177637950e-04	 8.50641294225866095857214e-01
 4.71462861386657328122141e-01	 1.58306446914442927598188e-01	 8.67560856193057117202727e-01
 5.55673628613482128990597e-01	 2.72304039085324134372712e-01	 7.85542696969009024421382e-01
 4.81505067783939866288279e-01	 4.23410129675399982129846e-01	 7.67383041112223329704989e-01
 3.28153387528971218767282e-01	 4.60417344479232715226402e-01	 8.24821934211228846578479e-01
 2.33094293403146773924206e-01	 5.98928794772715988870004e-01	 7.66127501904865337856165e-01
 6.64196844079432135998786e-02	 6.16456283926363535208282e-01	 7.84582739760981362486802e-01
-1.07481855518383684344741e-01	 6.13031284270406651160101e-01	 7.82713418334003985243896e-01
-2.85748183230766228390962e-01	 5.19659385498376980017099e-01	 8.05172092688119511727507e-01
-4.03313681731407358554975e-01	 4.01583130008573152558427e-01	 8.22234190374478868257313e-01
-5.05773530361375400765667e-01	 2.73454816359990249274858e-01	 8.18178219824577612762084e-01
-5.96902370669744275488711e-01	 1.38175575516227694405913e-01	 7.90325926576876391926874e-01
-6.73989165649065080643254e-01	-4.68888433887118798865101e-03	 7.38726349165463314072611e-01
-6.15696042903003837309939e-01	-1.57119121946968004488454e-01	 7.72160581920753208429176e-01
-5.39791169713604190860679e-01	-3.02828664926648671862353e-01	 7.85442736803875996010049e-01
-4.44519532932829530835761e-01	-4.41265647555702078541628e-01	 7.79542823152407748921178e-01
-2.80671514857625259420359e-01	-5.69339054109835873695999e-01	 7.72707281066280060599638e-01
-1.12064462158718874951191e-01	-6.10008553638150541331697e-01	 7.84430443576337066424742e-01
 5.30014848112705314053805e-02	-6.29763026322420760294563e-01	 7.74977014681743070489972e-01
 1.67748258480776318846139e-01	-5.12055786087671660489207e-01	 8.42412840423745867823868e-01
 2.57847746569546676376206e-01	-3.81906078992875819277941e-01	 8.87503400791959773385997e-01
 4.17374089912569912197426e-01	-3.66282103029039352026786e-01	 8.31646733938322113566244e-01
 5.32421616458131463645032e-01	-1.84689708906648014652419e-01	 8.26085306582854062007470e-01
 6.44230305139779635403841e-01	-6.38749535099501497548147e-02	 7.62159631739708687270252e-01
 6.14890491823065432619444e-01	 1.12348542056669997712959e-01	 7.80568695351875785348739e-01
 6.89174225488821567964237e-01	 2.24479219092752091402332e-01	 6.88946998772323015991503e-01
 6.24843078485999403604012e-01	 3.80216095507945828213536e-01	 6.81914106016902832330118e-01
 5.41408450154308606983022e-01	 5.25298839076245416279676e-01	 6.56458696161958399351022e-01
 3.93512482418921005766776e-01	 5.68792464301196121212456e-01	 7.22234767049240722336378e-01
 3.00126521213694041900766e-01	 6.96866226630842855449544e-01	 6.51384320847114728358918e-01
 1.45631751666248837606688e-01	 7.21517777279125360756495e-01	 6.76907297919597361612887e-01
-1.07763134058919789193265e-02	 7.27665622170518666678163e-01	 6.85847368866113193952572e-01
-1.65375138055091186473078e-01	 7.15388066691003854380426e-01	 6.78874787975932592054562e-01
-2.94795096104894016608711e-01	 6.40145067394222500034573e-01	 7.09443545325033286808036e-01
-4.29226261934123221042370e-01	 5.41837848977388403248767e-01	 7.22617853005041999026048e-01
-5.39418078405770606842395e-01	 4.22033818682556183254917e-01	 7.28639549144325049390147e-01
-6.35321593264079220730878e-01	 2.90648066023348694564277e-01	 7.15465006027044658765135e-01
-7.18009147384025991911471e-01	 1.50389701302252210002308e-01	 6.79592379309158722833217e-01
-7.84407783360681731821273e-01	 4.01049535872652265083849e-03	 6.20232492965468229506598e-01
-7.36460028440802827454092e-01	-1.49822548114840109478862e-01	 6.59681613041737224811811e-01
-6.69309932737658042078976e-01	-2.97768786806739182981829e-01	 6.80704020512847174373405e-01
-5.82758540079826414803676e-01	-4.36763021573766063720967e-01	 6.85295955737215356506908e-01
-4.67819934740968945696693e-01	-5.59041099221140092012661e-01	 6.84556468116820360236829e-01
-3.51597408620462847927968e-01	-6.56819017995834752987605e-01	 6.67059247631245022525093e-01
-2.01724128132024227433305e-01	-7.03104369305933896150407e-01	 6.81873611450303562797615e-01
-4.56029699261845181124109e-02	-7.32093147739269034524057e-01	 6.79676387825206451687166e-01
 1.13651887705897999825133e-01	-7.41231846069304589619264e-01	 6.61557706321660887738290e-01
 2.15574165479491236530052e-01	-6.31657293333660052603307e-01	 7.44672305753487528967582e-01
 3.33778242362367860707195e-01	-5.03285753025258131287956e-01	 7.97054286562268954341448e-01
 4.96599846543142042776253e-01	-4.75181255651943190709829e-01	 7.26354849016904724479105e-01
 5.51004469560483323142819e-01	-3.27236379081428274684384e-01	 7.67665569587464458045645e-01
 6.62793592973124234823956e-01	-2.20931821580781867497834e-01	 7.15467527793382074285944e-01
 7.58109725526805000583863e-01	-1.09652119233162675948634e-01	 6.42842170994832207142622e-01
 7.31816152284814780415445e-01	 5.45178029704066133276363e-02	 6.79317987701141934309135e-01
 7.98812872842882604196291e-01	 1.70295019252578255786190e-01	 5.76972790171481619836413e-01
 7.49401132458517027501443e-01	 3.30201648352118903861907e-01	 5.73903139994403677093260e-01
 6.77800511072935263356953e-01	 4.77670108179582386664919e-01	 5.58943409426190251920730e-01
 5.87803802859610757813869e-01	 6.12872616950053461515324e-01	 5.28085073389291115297794e-01
 4.49699768414088152379549e-01	 6.63770850503908715900536e-01	 5.97644021395373092886416e-01
 3.41271246781943426995554e-01	 7.82578648887264360922700e-01	 5.20677053868981110085201e-01
 1.87797701040497366786752e-01	 8.13844989522449546726079e-01	 5.49898496554689475424027e-01
 3.10773026850854755531728e-02	 8.26407583056560590684114e-01	 5.62214112171185109723126e-01
-1.27545082378531293709756e-01	 8.17450060117135390846954e-01	 5.61700677563722994278805e-01
-2.87273166166063687043675e-01	 7.62077897237447232647867e-01	 5.80268391818024253936414e-01
-4.22432496030442194978605e-01	 6.73077599054870745476364e-01	 6.07056284003403723303904e-01
-5.48632809146702205005397e-01	 5.65772213064720475017566e-01	 6.15551657987895239898535e-01
-6.54066830167568835641134e-01	 4.40820055179910907927621e-01	 6.14714779898555163661911e-01
-7.43728340949294408623871e-01	 3.04254186245680069422548e-01	 5.95228985366799134837379e-01
-8.18036148292031084494624e-01	 1.59621904079282367350245e-01	 5.52573712572035691259487e-01
-8.72977502904290769691897e-01	 9.67719636157058325787172e-03	 4.87664465891834986166486e-01
-8.35109241443810157434768e-01	-1.45116708343522665680680e-01	 5.30597489453808912607258e-01
-7.75895833101041820789590e-01	-2.95297710596989892994912e-01	 5.57480868095593495858964e-01
-6.95957870652433641112111e-01	-4.38202371113016408976648e-01	 5.68877248822503900349545e-01
-5.91310517836412641301536e-01	-5.68313551514468162650928e-01	 5.72163943866655921866027e-01
-4.70740510097097941688560e-01	-6.82206252671855750691066e-01	 5.59462242666069697882847e-01
-3.17414628012442245896807e-01	-7.67589490338625557441787e-01	 5.56825222350255999437252e-01
-1.59598479962058975578643e-01	-8.10838547788706454078067e-01	 5.63088957993052696693326e-01
 9.02160795494283233864063e-04	-8.31831177775569252652588e-01	 5.55027997299603281788904e-01
 2.72567986706366394145107e-01	-7.35024223860129888308279e-01	 6.20843042130337252615391e-01
 3.68960644856242026001780e-01	-6.17509432195701091217188e-01	 6.94658292757387774152278e-01
 5.07335563277404144599814e-01	-5.91692185849649110451764e-01	 6.26506969983944728141978e-01
 6.32538230570539372621397e-01	-5.17031334041035739446102e-01	 5.76692280585095140565954e-01
 6.47658567260795403619511e-01	-3.85511499042944183468506e-01	 6.57205648453629831529099e-01
 7.58537941967079576421895e-01	-2.75480811461160046693664e-01	 5.90534091406286432146544e-01
 8.45723422747068576121876e-01	-1.62041088644440306465455e-01	 5.08423620426812883366097e-01
 8.33106776491067457790507e-01	 5.08703451087238762290399e-03	 5.53088800324638474315009e-01
 8.86640144859868750693010e-01	 1.21787475555105800806288e-01	 4.46135701688158803346340e-01
 8.48668751479319083408370e-01	 2.79913585430276223853241e-01	 4.48786959429639975560633e-01
 7.89715824412524858288975e-01	 4.29351552398862801318558e-01	 4.38185076337765044840467e-01
 7.10743582908770488160144e-01	 5.66291780617499851402386e-01	 4.17321433141248143705582e-01
 6.12471866599633929517665e-01	 6.89479005539872624730435e-01	 3.86648307307440208813176e-01
 4.88257105261446722188623e-01	 7.43917347457440536473428e-01	 4.56280592742665747074682e-01
 3.95606905383809714926713e-01	 8.38468202693762432176072e-01	 3.74788272874348404872791e-01
 2.39551728015942072547162e-01	 8.80540122303374084289374e-01	 4.08979293630539419979186e-01
 8.08060423740992461727473e-02	 9.01576681144463321082583e-01	 4.25005731175910173025301e-01
-8.03182691746358590201282e-02	 8.98922037655764172292550e-01	 4.30683347546198802557882e-01
-2.43851338107414689071462e-01	 8.60391642011129387235258e-01	 4.47507259450186101190639e-01
-3.96650241082326826536075e-01	 7.89700545174982782015149e-01	 4.68018840646043876585480e-01
-5.29790162142884657470177e-01	 6.93644893971812837030200e-01	 4.88036008060316051082594e-01
-6.49760570125250458417554e-01	 5.79684980079846035039282e-01	 4.91707764205872754903481e-01
-7.49772080643505978159169e-01	 4.50029428222957550431715e-01	 4.85093125926172930029168e-01
-8.32135784472500139585804e-01	 3.09485096402520865055408e-01	 4.60183671271655936330092e-01
-8.96873099672507834156931e-01	 1.63041217894166035051740e-01	 4.11140127391398213507756e-01
-9.39401373251791849128267e-01	 1.73401660137088194091337e-02	 3.42380458810465415631086e-01
-9.12104955786193105637949e-01	-1.36216074417735477641855e-01	 3.86664881648810909720027e-01
-8.61853879794004629211202e-01	-2.86094609774969088622498e-01	 4.18757404879877614956030e-01
-7.89633062297256049788530e-01	-4.30929911217900751818632e-01	 4.36782598720221348909121e-01
-6.93999427266128066094097e-01	-5.65985818083586056381762e-01	 4.44999829980349870250933e-01
-5.78233007259518871912007e-01	-6.86668474708425180530469e-01	 4.40605260019916455949129e-01
-4.33973799300716389648613e-01	-7.87578746575029686738390e-01	 4.37477381659677255765217e-01
-2.74730847570276104363529e-01	-8.58759183137693837828408e-01	 4.32499279502288891396944e-01
-1.13610495009207224104131e-01	-8.95622245922456317046567e-01	 4.30062144384480926628811e-01
 4.84775557522602526527855e-02	-9.07719502483371187828709e-01	 4.16767598788134852050291e-01
 1.62555959478967060327648e-01	-8.31362416962842631917852e-01	 5.31424587029592498943487e-01
 3.24522969893797585960726e-01	-8.14438759372729803587276e-01	 4.81013876351522928764837e-01
 4.25360437864654106210338e-01	-7.12813480967827151069116e-01	 5.57642752351466208793340e-01
 5.77429397534360067112402e-01	-6.52993137220837738254886e-01	 4.90076783377456415280449e-01
 7.07485729850181321864966e-01	-5.61175454261673811728883e-01	 4.29588234932662460519026e-01
 7.47054990327481238665541e-01	-4.21865939358656516500190e-01	 5.13748937357387913671403e-01
 8.40870272439679489195896e-01	-3.15944693196958947822850e-01	 4.39449810294530229803911e-01
 9.12946328496159642540420e-01	-2.05906071888164565741874e-01	 3.52323276047678213274139e-01
 9.09730343514584927078204e-01	-4.57129828644620914146479e-02	 4.12675447884253088215445e-01
 9.49162773728691511188060e-01	 7.58258829072172707563837e-02	 3.05516717135082327416740e-01
 9.21502127085306876885795e-01	 2.35921926245237528751986e-01	 3.08503929462805748240584e-01
 8.70603864030690455244610e-01	 3.88584654716657151851678e-01	 3.01746380348741294330495e-01
 7.97115667622618095933262e-01	 5.32434425322181437145730e-01	 2.84816072514151807926197e-01
 6.99834119875450966219432e-01	 6.64867764656871917949843e-01	 2.61118862164967380223857e-01
 5.59039600580713225141949e-01	 7.82855211890342572722545e-01	 2.73152781788294496401193e-01
 4.35495910644065342687270e-01	 8.69935855660941781408724e-01	 2.31419357115522111856265e-01
 2.85214150865436777415596e-01	 9.23109322940503851384619e-01	 2.57918719844901112026037e-01
 1.30531053893989945624554e-01	 9.52096327368614159247784e-01	 2.76539739242881887903991e-01
-2.87585937828636513391434e-02	 9.57476891789355355477653e-01	 2.87073065565245255648108e-01
-1.91221212312431443347549e-01	 9.33377800570733273666235e-01	 3.03710930596026495997819e-01
-3.48401572863171027361062e-01	 8.80128157189711601837701e-01	 3.22476000577269550362303e-01
-4.92871348667679953781118e-01	 7.99803825413879176942089e-01	 3.42624684627111542045697e-01
-6.22331294518190913933608e-01	 6.97008165085132636029641e-01	 3.56206930965652590614923e-01
-7.35958425802738291920946e-01	 5.76585317771338257131220e-01	 3.54844426221520736763893e-01
-8.28805551053552247431355e-01	 4.42880817122647318928585e-01	 3.41961898999865288040212e-01
-9.01213375896495083594573e-01	 3.02370251064446371458416e-01	 3.10462046595822382943908e-01
-9.53127893191881292445089e-01	 1.67263159597648286558425e-01	 2.52131423390694053843220e-01
-9.81810865493704443274225e-01	 2.88758325783422357957431e-02	 1.87652899501741327048521e-01
-9.66143795477876876631740e-01	-1.20268571601091930900473e-01	 2.28257830412530920982661e-01
-9.27036562190425295071350e-01	-2.65766676341391561155802e-01	 2.64520861386409011917209e-01
-8.65139231293053145854799e-01	-4.08787384926676766738751e-01	 2.90563219287083951414274e-01
-7.79652342112590046596665e-01	-5.46877650358192912705135e-01	 3.05068944629005300850366e-01
-6.71614159509874464326629e-01	-6.73681370615169194948635e-01	 3.08363148952516874512497e-01
-5.38168975852033715234768e-01	-7.84014039288861264154207e-01	 3.09347926497555769653758e-01
-3.85793071183387681344357e-01	-8.70814537947575018073110e-01	 3.04706000475935989690868e-01
-2.24156189019413726315477e-01	-9.28834451177426023704697e-01	 2.94992483345292766383494e-01
-6.26529406514353542911877e-02	-9.56599664476840416682535e-01	 2.84590391528815156441112e-01
 9.96766320370340019874078e-02	-9.58073944529740706421705e-01	 2.68624060424558996906796e-01
 2.11602724473406028637967e-01	-8.96032847227935413947364e-01	 3.90319642964623680914116e-01
 3.81455734704393645273512e-01	-8.60944661954902490386132e-01	 3.36549864823164401883560e-01
 4.87928059543465741931811e-01	-7.67611434836559136662970e-01	 4.15570564186525326366706e-01
 6.38633254027712871092604e-01	-6.88070993938897701447388e-01	 3.44537188340986233470176e-01
 7.61228581369064571937599e-01	-5.88700264881271806416407e-01	 2.71961477116818395316500e-01
 8.15558501277191649769804e-01	-4.56602073405067199196594e-01	 3.55498069694751672731314e-01
 8.99186245132639672128505e-01	-3.45829277764015119434049e-01	 2.68078733221202125669436e-01
 9.58807557051315262341973e-01	-2.26045349689448477059628e-01	 1.72021999828696509071690e-01
 9.62147235336087924828519e-01	-9.11178550337770204459176e-02	 2.56846713097843959427991e-01
 9.87247506935739704836408e-01	 2.59396196829221950541644e-02	 1.57065260894546587788767e-01
 9.70533162955410810823764e-01	 1.80979674894703873588853e-01	 1.59096627490256131709501e-01
 9.29817044577677109806757e-01	 3.33156790031692351394810e-01	 1.56354778848019432269112e-01
 8.65267513103707086585814e-01	 4.79580497443944986368791e-01	 1.45995469925421811341337e-01
 7.75208077265209127837409e-01	 6.18253001149851377782340e-01	 1.29675223200038297610703e-01
 6.51728096857717265066867e-01	 7.47232066310843268119868e-01	 1.29979717044797465907990e-01
 5.22800697333880237671622e-01	 8.45864235678692844011550e-01	 1.05797569286393958187809e-01
 3.58771179975709897380654e-01	 9.27834423069236580161601e-01	 1.02012370752836437071132e-01
 1.99815171176521616525079e-01	 9.72492723019254046157300e-01	 1.19715500426193111049855e-01
 3.81266171512307169844114e-02	 9.90170824088376866356498e-01	 1.34566341217810192532056e-01
-1.26616592621353801773054e-01	 9.80412817050871909785315e-01	 1.50860686182093584051245e-01
-2.87785945889514116480257e-01	 9.42638158948498894318391e-01	 1.69152447935767585862621e-01
-4.39915417245624995601361e-01	 8.78100974602795791845722e-01	 1.88183697676573502555186e-01
-5.78329490623177511210429e-01	 7.88495435914874920335649e-01	 2.09308260269268242570462e-01
-7.04684203100685135900960e-01	 6.75643111001958507344511e-01	 2.16625391992599503065975e-01
-8.12332585559622399884461e-01	 5.44523626638884317152645e-01	 2.08829572786173728315973e-01
-8.96700030890186128296193e-01	 4.02184420450363455667997e-01	 1.84869539266329124815869e-01
-9.55792308134613466386043e-01	 2.65583089199650512757245e-01	 1.26200976390355296130608e-01
-9.90527237437901164618381e-01	 1.21937492164241212400100e-01	 6.31430114766114575219902e-02
-9.96906068520365562513064e-01	-5.61423881575643865526892e-02	 5.50120241332174297888002e-02
-9.73122497884825410352505e-01	-2.11293747591922487227833e-01	 9.15836030027163683353564e-02
-9.24500551204518794534692e-01	-3.59092018368225573965447e-01	 1.27873582755684306322408e-01
-8.50992011398563730217859e-01	-5.02010044345595263237669e-01	 1.54267663208983274447661e-01
-7.52199132737130127246417e-01	-6.37599500597040291793860e-01	 1.66323003664299362558410e-01
-6.28468272776029457382663e-01	-7.58648838780904277712125e-01	 1.71696154675344908602241e-01
-4.84679838564358977937019e-01	-8.57786251148968115209925e-01	 1.71137960222232377027751e-01
-3.28250246720966531999153e-01	-9.30706414563943984497030e-01	 1.61360916634581574857776e-01
-1.68935335304890410501599e-01	-9.74983928402105792798693e-01	 1.44454808999291389737252e-01
-8.73390738709568272002404e-03	-9.91467290035598192154964e-01	 1.30062798875085428029763e-01
 1.52330102332147249155625e-01	-9.81546520551921264363671e-01	 1.15593978718159906549090e-01
 2.64135326884716470363657e-01	-9.32664040681369321816874e-01	 2.45703716519317688637969e-01
 4.34937211208630047920565e-01	-8.80800223061246834177496e-01	 1.87137888631130622218990e-01
 5.44802440524158382295639e-01	-7.94990047808653232941367e-01	 2.66797909819616652082885e-01
 6.83830822367037849396354e-01	-7.05110425452422973080502e-01	 1.87602490119731735163100e-01
 7.87833608007220020930106e-01	-6.07658032763539912579631e-01	 1.00348997564853242847605e-01
 8.55735506929251821262028e-01	-4.82866549278802292821666e-01	 1.85894157434058376887620e-01
 9.25905999755252562266605e-01	-3.66007631109442010952648e-01	 9.34692119731457549125508e-02
 9.72200074468451691522830e-01	-2.34148004272336562880952e-01	-1.31426740764033862449156e-03
 9.93090802176350817553896e-01	-9.80999422014829924876267e-02	 6.43976705541274979660571e-02
 9.94571957550173357809342e-01	-5.03877450186222611283604e-02	-9.10367860084854430002821e-02
 9.96969759637500674287480e-01	 7.73423324202372475255629e-02	 8.33438564874461156051222e-03
 9.69695890073399735520354e-01	 2.44194251800028239163254e-01	 7.68428022533867820242914e-03
 9.16135070372149362682990e-01	 4.00862371031988684588754e-01	 2.42741113731443670931132e-03
 8.35991989338346508375821e-01	 5.48711948022537421287836e-01	-5.70892804529293893672781e-03
 7.25312502850263496334549e-01	 6.88356893185832374726374e-01	-9.30380635200157152242539e-03
 5.96820627863478003760633e-01	 8.01956871983907415568638e-01	-2.58904158798348195402728e-02
 4.42967075395525711201117e-01	 8.95958791505909402097529e-01	-3.22182252584632886072136e-02
 2.77299250915197359468323e-01	 9.60160081760041972387398e-01	-3.46084214667497294670717e-02
 1.13294889941086801554704e-01	 9.93326186492858087540014e-01	-2.16183982013722110482323e-02
-5.26054257534596947376571e-02	 9.98600909064418784666373e-01	-5.37527645928268914959913e-03
-2.16894288165213250385577e-01	 9.76120997792257694136708e-01	 1.20276943074203186007098e-02
-3.74549604323186124954503e-01	 9.26720654686761458052047e-01	 3.00236919496125222173166e-02
-5.20685704264358562021187e-01	 8.52313930194155910946563e-01	 4.94708173746958648764327e-02
-6.52084506546476871946538e-01	 7.54644417074204043593966e-01	 7.27846144509459030969012e-02
-7.73377546092563816770848e-01	 6.29696933560674243501865e-01	 7.32730718895314853122969e-02
-8.71275969458401799982994e-01	 4.87662859772142798231442e-01	 5.53454627153633638148023e-02
-9.36033982524806407177209e-01	 3.51890574124078037154817e-01	-3.66161185506233598577208e-03
-9.75941974088936126108251e-01	 2.08087913133978702484583e-01	-6.50898119442385458821576e-02
-9.95891461042773262768435e-01	 3.69016812694665866101396e-02	-8.26950043326507150398541e-02
-9.87350421648627851745061e-01	-1.36030884570894350371617e-01	-8.14539336873118385851100e-02
-9.55390281220175219267787e-01	-2.91626360226116598806101e-01	-4.67276852765244957166324e-02
-8.98550331268435531484329e-01	-4.38754776129912316129378e-01	-1.00771325572076003024291e-02
-8.15093454156702867940965e-01	-5.79077762397167128405329e-01	 1.70764776222985803499910e-02
-7.02820546292065473359401e-01	-7.10781426325442500235852e-01	 2.88624964355521096415202e-02
-5.67644869966295484431384e-01	-8.22650026026185310357164e-01	 3.20349228197013072283461e-02
-4.18041360193722677518480e-01	-9.08081448481935504801754e-01	 2.50899200941761338357061e-02
-2.64997612579230046314649e-01	-9.64239882161194827858708e-01	 4.20891637757496786531597e-03
-1.08950894361758726658351e-01	-9.93928326842889453551777e-01	-1.53682698137168789742635e-02
 4.79403595941541790792506e-02	-9.98414080249679924961015e-01	-2.95134932051227642790803e-02
 2.03050554994061382974024e-01	-9.78302387698167352780843e-01	-4.11692888045025184862169e-02
 3.13444001650641457246138e-01	-9.44446242380709843899922e-01	 9.88643165261871986748687e-02
 4.75888979449257731868528e-01	-8.78988085848722788817611e-01	 3.01599763717121070738525e-02
 5.86944643160758006139588e-01	-8.02327053942414658571636e-01	 1.08477114531020116250382e-01
 6.98162544513348692909460e-01	-7.15795046429392622933108e-01	 1.43705582977932989907632e-02
 7.86884817124766544615966e-01	-6.12216226473244029548937e-01	-7.74827504763755808836478e-02
 8.67578111393605300172283e-01	-4.97203890715452012649678e-01	 9.82403624392433338918806e-03
 9.24573610565140313610755e-01	-3.72455754928685711657721e-01	-8.02517866906588966946501e-02
 9.61244643284597466426078e-01	-2.26933334892616078715122e-01	-1.56556690279217508576792e-01
 9.67306232564820622776836e-01	-9.34578151162093612169812e-02	-2.35763205854852747611616e-01
 9.64041753687066904632275e-01	 5.83651501688634971598546e-02	-2.59262427655321481267947e-01
 9.80971918678522181167523e-01	 1.42960645973710581690952e-01	-1.31363421343076408609463e-01
 9.40336388605839901266847e-01	 3.09456786210552781124505e-01	-1.41435404803617409408290e-01
 8.73701616882144649345321e-01	 4.64021264604799754671660e-01	-1.46047083682245198987815e-01
 7.79552143082654080963323e-01	 6.09113293567237978898277e-01	-1.45874781284884680321312e-01
 6.58937772379620367857456e-01	 7.35870682823508093228781e-01	-1.55869658023130325252836e-01
 5.13356709483802631233118e-01	 8.41956682224845875950336e-01	-1.66053708434629132550953e-01
 3.56950736948613511767547e-01	 9.17781457449223236899627e-01	-1.73963696656002975160504e-01
 1.91557598288519786988715e-01	 9.65918160134315750831036e-01	-1.74091339418916829506756e-01
 2.51731486907469208247345e-02	 9.86592509061991362884214e-01	-1.61249910535659568555644e-01
-1.39898944562402677282975e-01	 9.79472102958358625812707e-01	-1.45129889535740852490875e-01
-3.00522124243556842948522e-01	 9.45136557624961626267179e-01	-1.28075525690811514722967e-01
-4.51321928284621365357054e-01	 8.85340262386676513095551e-01	-1.11719008438769362712151e-01
-5.88629330088751290261939e-01	 8.03216864267594976567466e-01	-9.14230863370946306156739e-02
-7.11111400345674549150488e-01	 7.00198822270880816276417e-01	-6.35781848505110047664601e-02
-8.23711937642667813008757e-01	 5.62309869461241174093402e-01	-7.28440422508524199063373e-02
-8.92879495475936590942467e-01	 4.30135154889547954848439e-01	-1.33228957388330682132249e-01
-9.37557897467387713064113e-01	 2.88961946577102557487393e-01	-1.93613486944745422091430e-01
-9.67642315110630701902039e-01	 1.26148640904065217904773e-01	-2.18528877737923205026860e-01
-9.73076607415759076147310e-01	-4.24631836708043441941385e-02	-2.26536518320504393075865e-01
-9.53147114986862331598161e-01	-2.09137915940887209043098e-01	-2.18567859732678504425252e-01
-9.13719482921848902279294e-01	-3.62371343394686962202655e-01	-1.83857869060203654720809e-01
-8.49733286120094799542812e-01	-5.06429354358795769108781e-01	-1.46569613164796941351398e-01
-7.57818801248049900287640e-01	-6.41879731373239503788852e-01	-1.17051590878495884173738e-01
-6.33185361968139570620906e-01	-7.66444873451309516276808e-01	-1.07882127108630015976942e-01
-4.88775645580419360047841e-01	-8.65166970770056331652142e-01	-1.12180573077555051364484e-01
-3.40131093052120359043755e-01	-9.30332463394457076510946e-01	-1.37085181889113616460207e-01
-1.85898164090260581415848e-01	-9.69279414178492948472865e-01	-1.61056790721994552706420e-01
-2.72581190007483951942557e-02	-9.83660579070846363691771e-01	-1.77957467195249768865395e-01
 1.32999686990269261332998e-01	-9.72869275673261313386320e-01	-1.89305191982350295987203e-01
 2.93763745004239351654718e-01	-9.35943713526369291955120e-01	-1.94196362560049129442064e-01
 3.53967295912968438198476e-01	-9.33875342613738723684946e-01	-5.08330392769625813431666e-02
 5.88821998868040430430426e-01	-8.05398389340051035212298e-01	-6.79859404398963917959264e-02
 6.83642174069991948037739e-01	-7.11614594428549906979242e-01	-1.61981624973777715847945e-01
 7.59954028632051081793009e-01	-5.99097226940425664487577e-01	-2.52095987747143313040254e-01
 8.53973471238060222177069e-01	-4.92513519415755329777795e-01	-1.67808651786266194161357e-01
 9.00859626872457575075259e-01	-3.55157343705321759674831e-01	-2.49630114135688419008119e-01
 9.19093989614226725137769e-01	-2.14078155591629876175475e-01	-3.30812305625848512846687e-01
 9.20448036528550894708189e-01	-5.01436093098846444315875e-02	-3.87635177062290392502319e-01
 9.04812722000057800819661e-01	 1.12141291307494020412783e-01	-4.10777639229223501260435e-01
 9.34538342599983029579391e-01	 2.18174850487698995804564e-01	-2.81136658629121571895126e-01
 8.81830136340566173025479e-01	 3.72717765261336431148464e-01	-2.88889387309700096384546e-01
 8.05199969762297795838890e-01	 5.18821757727087384814979e-01	-2.87188078449942485459445e-01
 7.02653365211732050532589e-01	 6.51591727698543232705219e-01	-2.85843433983458961034074e-01
 5.71338153749874400055830e-01	 7.66014903825003812265493e-01	-2.94608012768925120461461e-01
 4.23472463900208428988492e-01	 8.50975189651404284596481e-01	-3.10664286515272447530833e-01
 2.67822601717060404524773e-01	 9.10302124927787614794283e-01	-3.15628096597023066749443e-01
 1.02110545847830691545965e-01	 9.44977415879210136395727e-01	-3.10791119411267080518968e-01
-6.30434901101092348696397e-02	 9.52248379585930782020853e-01	-2.98744944611127827283070e-01
-2.24876114207504002040494e-01	 9.32458126123670294482793e-01	-2.82758865970401063183459e-01
-3.77214388618875684500154e-01	 8.86120236578089803813896e-01	-2.69258669954521523415281e-01
-5.16808033513047049289924e-01	 8.17269965393825681410078e-01	-2.54910298265001777906491e-01
-6.42660974490223635413599e-01	 7.30286946149310334241989e-01	-2.31663221403809599374668e-01
-7.53722921497122722023221e-01	 6.27001013655652084111125e-01	-1.96904765012497762199928e-01
-8.24493894895139245448945e-01	 5.03366965295934831736702e-01	-2.58517921099107761406799e-01
-8.74058103270339281642975e-01	 3.67623068665180130487613e-01	-3.17609369340158265160312e-01
-9.11833443317949909889819e-01	 2.13897657261417684093630e-01	-3.50439101506964001409017e-01
-9.29412843539234367895574e-01	 5.25327358479879824582071e-02	-3.65283558251175699549407e-01
-9.23567668171326072723559e-01	-1.11278976151710104480763e-01	-3.66932898191490053374508e-01
-8.95174964101113301850887e-01	-2.71667527706596856340582e-01	-3.53353276532645421692536e-01
-8.49473608117287448671107e-01	-4.21053232737415628061939e-01	-3.17976043615818770859960e-01
-7.79550939890017002831257e-01	-5.60585419341317559016602e-01	-2.79364134667480723539512e-01
-6.81336676564683108026088e-01	-6.89116637196043324564698e-01	-2.46776403870810290275273e-01
-5.45261421829329684385357e-01	-8.01544098614834110705374e-01	-2.45391605073178975526815e-01
-4.02181141339826742076013e-01	-8.73209506667898205378719e-01	-2.75237146866843473969055e-01
-2.52125514875623679689198e-01	-9.19127054981348279305564e-01	-3.02717990132756131771430e-01
-9.55136747514251233104332e-02	-9.41979458308617845219146e-01	-3.21794714158082528765448e-01
 6.46477172377268594072319e-02	-9.40798547587587519203112e-01	-3.32744294486076619410397e-01
 2.28287636449823388984370e-01	-9.14682346754792874321538e-01	-3.33528049164231732426344e-01
 4.00176732123274259134149e-01	-8.66200077444366334233905e-01	-2.99259099949376494720354e-01
 4.61880770078095082009639e-01	-8.74386161333265632400469e-01	-1.48711112903315095801204e-01
 5.58598821783581112043748e-01	-7.93248766769826807454535e-01	-2.42329837865963765297650e-01
 6.41997607150449733914854e-01	-6.91678196960491376010793e-01	-3.30787460860566429055041e-01
 7.08616733132546805506990e-01	-5.70727696846623167026280e-01	-4.14888203708789371493282e-01
 8.16610472000663056846292e-01	-4.68692069255680243689000e-01	-3.36860625831638449412253e-01
 8.59223716600141629307075e-01	-1.68088782698407435134413e-01	-4.83198474710762493344873e-01
 8.49422181469181802881963e-01	 2.09606276569594874746236e-04	-5.27713855885313498639277e-01
 8.20067287541444644993760e-01	 1.64730859449851468889747e-01	-5.48045060053761523555238e-01
 8.63135841182422591799650e-01	 2.70878550014164554138318e-01	-4.26170541929560720006975e-01
 7.99173710812911219925070e-01	 4.21118492366205021681935e-01	-4.28929592512263091474978e-01
 7.13910871856874851282271e-01	 5.57333677764715762492642e-01	-4.23922680065377921465597e-01
 6.09506850329020299916749e-01	 6.70516442735489825999196e-01	-4.22976476205641771510813e-01
 4.80144207711311388209197e-01	 7.60037879589765319465755e-01	-4.37954291439153098330905e-01
 3.31811512024169530388207e-01	 8.26987459833823601584868e-01	-4.53864364943795062234955e-01
 1.75291108827095004629726e-01	 8.76388639112362644034704e-01	-4.48571042757943239109863e-01
 9.67977586533998873852269e-03	 8.96704798893515286906108e-01	-4.42523226035128502964255e-01
-1.56884768544763769648753e-01	 8.89888979608758901029830e-01	-4.28351226646472793557763e-01
-3.14014230971719598972669e-01	 8.52466294064537333241560e-01	-4.17966841066505334634229e-01
-4.58930751756548405140279e-01	 7.89400223595727257297483e-01	-4.07712953043173953471268e-01
-5.92237812307739752704094e-01	 7.06720127823538879496823e-01	-3.87041386161768530271843e-01
-7.13384627491811529331756e-01	 6.07305092082266462227835e-01	-3.49661119356040606120928e-01
-7.78621222283656932994234e-01	 4.68850709790584130320923e-01	-4.17046764929749180783602e-01
-8.26264964853901551222748e-01	 3.15066413135250633636986e-01	-4.66925436412569561106523e-01
-8.55586955218613165463637e-01	 1.55195368424842550236775e-01	-4.93847506502989586074648e-01
-8.64233479003587268252318e-01	-7.29533951523161482838331e-03	-5.03038042090967030262050e-01
-8.49457715461083395780406e-01	-1.69809970024704159907714e-01	-4.99585992321488370215832e-01
-8.13821747489804070418984e-01	-3.26660846102920066069686e-01	-4.80610918452718971494164e-01
-7.61426658517852628094147e-01	-4.71915883529126778395124e-01	-4.44437670063262457720299e-01
-6.86402289619575056711653e-01	-6.03584209822119244215344e-01	-4.05632837007081192837177e-01
-5.87731607542088752005327e-01	-7.17783792437016177068188e-01	-3.73306823954139055388168e-01
-4.55831953422935531872184e-01	-7.91675365689075261066421e-01	-4.06776776131208828157781e-01
-3.12745813963191954254484e-01	-8.42991969488485981543135e-01	-4.37669504565287414976638e-01
-1.61472968471590871963883e-01	-8.74101865716548798168617e-01	-4.58118334935223137094340e-01
-3.43839976890197721384745e-03	-8.82340212807938506500705e-01	-4.70599539172182945723222e-01
 1.58133582628136176717604e-01	-8.69172339110955260998992e-01	-4.68543717244806534605317e-01
 3.28621761784021471086703e-01	-8.35212523200222767272294e-01	-4.40939654342273057441304e-01
 4.94142530192891449303261e-01	-7.74846271834659039434712e-01	-3.94254251566799274186792e-01
 5.73809912732024085535443e-01	-6.63611984420698131081906e-01	-4.79959704749982285498788e-01
 6.33099906512424759341684e-01	-5.33593560975809788615720e-01	-5.60769489236989215896756e-01
 7.51819579127311232724651e-01	-4.34039963466326672580919e-01	-4.96363405737149987473344e-01
 8.47171207952318261469316e-01	-3.27722797216796424280005e-01	-4.18208934147763555788657e-01
 7.75834720122695720156969e-01	-1.17925020395442267662212e-01	-6.19817857613729317201035e-01
 7.54264460711012052485103e-01	 4.72598495138329341425099e-02	-6.54867643064044102629850e-01
 7.14264679520324463624092e-01	 2.08824986639081333628098e-01	-6.67995578237547849020928e-01
 7.64091934174666032042467e-01	 3.26233235888503669830385e-01	-5.56538760492864326145934e-01
 6.81118887743639489507075e-01	 4.80847377365643979807430e-01	-5.52143876575163727871143e-01
 5.52775520678622900305754e-01	 6.21067523323182602013048e-01	-5.55620693649620633891573e-01
 4.07741864035372270080870e-01	 7.14317471063191988811525e-01	-5.68768074742988627434670e-01
 2.40084239115235270611848e-01	 7.77670951086157691278800e-01	-5.81022762002668446967846e-01
 8.63579207200992071680190e-02	 8.15249931820887563382882e-01	-5.72634139913906214935935e-01
-8.60897593530077637202780e-02	 8.23975120516505787904293e-01	-5.60047814123357801108227e-01
-2.47593689765866681318229e-01	 7.94715241394707283539844e-01	-5.54188641062839049133970e-01
-3.95979143375169206908737e-01	 7.36812987193841584243614e-01	-5.48002864877871753712668e-01
-5.33650872082431226850474e-01	 6.59231375400834429534314e-01	-5.29745920619295262987691e-01
-6.60420563717808550840971e-01	 5.65963997184966594033995e-01	-4.93487013921407313699063e-01
-7.18998537847130858580158e-01	 4.13918237831432833662149e-01	-5.58312452811335124813752e-01
-7.56615847526760032515369e-01	 2.54542396713116403361710e-01	-6.02279526089759542628599e-01
-7.76600340841207992248485e-01	 9.15291669791644391107610e-02	-6.23309170634782083730840e-01
-7.76539372183250753423067e-01	-7.37017721878851367334207e-02	-6.25743279808587460344427e-01
-7.51130550381599038090030e-01	-2.39703381898976830566284e-01	-6.15097703612710433596078e-01
-7.04365876154774306350248e-01	-3.98806224451521029727985e-01	-5.87215725136376431869678e-01
-6.35816680980363591046967e-01	-5.43444437079727671324747e-01	-5.48092411910813592790248e-01
-5.39475142215497527331536e-01	-6.66548739058765327136769e-01	-5.14469969376968427887675e-01
-3.96731982750462119913237e-01	-7.34280871221185682529153e-01	-5.50849649197985402615529e-01
-2.42925916104663880412673e-01	-7.77211923295050177706855e-01	-5.80455532812565011546724e-01
-8.42956749279327316459742e-02	-7.99915697900305922019015e-01	-5.94162532848639846072558e-01
 8.19920607317389249502071e-02	-7.97420721562973722207346e-01	-5.97827311854309151328835e-01
 2.47976281014492760945700e-01	-7.80149489243605609445353e-01	-5.74347054042382065830452e-01
 4.16230830391010497848470e-01	-7.35699453603747000052238e-01	-5.34320325085203884363239e-01
 4.90343520342377603427053e-01	-6.17552263228955178320234e-01	-6.14973523201641225632841e-01
 5.42587198974817108698687e-01	-4.79971033008001646269491e-01	-6.89367056786073795215941e-01
 6.68629341919331099397539e-01	-3.85594773423997727590518e-01	-6.35807733385351570021271e-01
 7.74863731847026726562433e-01	-2.80585576438397044096718e-01	-5.66443228720082569971339e-01
 6.68415560355973270567631e-01	-6.82747698589635798605002e-02	-7.40647820812777357701862e-01
 6.36290337850842768752102e-01	 9.61903859203207395323076e-02	-7.65429301512661197648413e-01
 5.85286527306200787812429e-01	 2.55983136104512676300970e-01	-7.69358378770223505505044e-01
 6.48207752358728961361578e-01	 3.63175899161520598923403e-01	-6.69275710040537652467663e-01
 5.62823528988981469645125e-01	 5.00051268152519101661824e-01	-6.58162901138803491107865e-01
 4.35376751372182402288757e-01	 5.88475080334308842111568e-01	-6.81281266578007027590047e-01
 2.98691209389449208178036e-01	 6.69333212707810765174088e-01	-6.80276864077934750874022e-01
 1.35211821234612783459994e-01	 6.93102289848288255491582e-01	-7.08044475443088905386446e-01
-7.75276095139280051193875e-03	 7.38363835106811472464017e-01	-6.74358021902306647987757e-01
-1.71450925581413310405665e-01	 7.17652717258895345153746e-01	-6.74966041759287871393269e-01
-3.21810004578478026093791e-01	 6.65236602228259754632234e-01	-6.73719959633823028966049e-01
-4.63064327260097163829755e-01	 5.93234780504053427208078e-01	-6.58516456908604053133161e-01
-5.94670065678350567850430e-01	 5.05833543810216723635165e-01	-6.24899943144903713410088e-01
-6.38735162476561590949586e-01	 3.49334791915411280172066e-01	-6.85552766294073578912105e-01
-6.65912330434086041641706e-01	 1.87506094791712818459217e-01	-7.22081873883984259876456e-01
-6.77641396535716422633300e-01	 2.24164925907225191792360e-02	-7.35050772777672833946383e-01
-6.69777772882698685386060e-01	-1.44673666664130035064417e-01	-7.28331837232348733301990e-01
-6.32364836225192905594383e-01	-3.13808098927224998764274e-01	-7.08264915800271843693281e-01
-5.70295637637209473780331e-01	-4.70783744993301778158923e-01	-6.73146010269726535746315e-01
-4.76540632947098419247567e-01	-5.98555532889921804162725e-01	-6.43925693847698932259505e-01
-3.27563974328208273867347e-01	-6.58578302863081943563373e-01	-6.77478015673048883371621e-01
-1.65299421855376604817423e-01	-6.90107746900855967275845e-01	-7.04576041887391091300685e-01
-3.24778219703841146762113e-03	-7.06590169572372639450464e-01	-7.07615562416829990688427e-01
 1.68435396903574868820996e-01	-6.93371225525117873544900e-01	-7.00618198938431469002808e-01
 3.27641022711699592129264e-01	-6.73205979412164090547321e-01	-6.62906531511148089386154e-01
 3.94474308258304651175763e-01	-5.51215153642749977613846e-01	-7.35222329991909173685372e-01
 4.27872062975319711330968e-01	-4.18590664933003675507450e-01	-8.01066384862197167215925e-01
 5.62122103128541938943386e-01	-3.30558938582100503289496e-01	-7.58122370925578215050677e-01
 6.79074193802521541840633e-01	-2.28824295367348357066462e-01	-6.97493857436101150071295e-01
 5.41797389299443099552889e-01	-1.94718568820005585862098e-02	-8.40283544845354390950831e-01
 4.97508820791715433706770e-01	 1.41268133968383002851965e-01	-8.55878664040369718790657e-01
 4.41986339277819662019198e-01	 2.86354484765405647994641e-01	-8.50087751321315643338039e-01
 4.97535177112208848448915e-01	 4.07520042166521268001134e-01	-7.65758553833073118966013e-01
 3.64821403956230305709596e-01	 4.95032584049059809494508e-01	-7.88573448668616783230334e-01
 2.29186479527004494105569e-01	 5.77861652074849629912023e-01	-7.83293986101861627879828e-01
-6.25587611999994241962497e-02	 6.32044246069206061555690e-01	-7.72403050491083043027629e-01
-2.19016440864478856287434e-01	 5.85377955520592574423233e-01	-7.80617990967148789316354e-01
-3.67116937133835197215603e-01	 5.20201304742932024716140e-01	-7.71113323068161715667657e-01
-5.06268763880753258632694e-01	 4.38460623487822831467753e-01	-7.42592903527446779321508e-01
-5.37730615540819356645841e-01	 2.79338755819355188947384e-01	-7.95497105341927857047324e-01
-5.56594671157244369474881e-01	 1.15548059863375143785369e-01	-8.22709558654309836001062e-01
-5.61239183050196155377876e-01	-4.99856782831030951874673e-02	-8.26142851676225808965626e-01
-5.47532304199290109636422e-01	-2.16560494980110845864019e-01	-8.08275898361559108629137e-01
-4.94333171669539883641420e-01	-3.85890425497005029598085e-01	-7.78924447489532489896646e-01
-4.00087279423141040091139e-01	-5.13002656200066464720067e-01	-7.59446142643088184520650e-01
-2.49186133180156671462768e-01	-5.67147495181614336168252e-01	-7.85015916870442920227902e-01
-7.65522592922084771371871e-02	-5.83573940823710279879322e-01	-8.08443694507380739011637e-01
 7.72256336091032835611259e-02	-5.96507958629569734476661e-01	-7.98883256055136103945813e-01
 2.47124964242359079769074e-01	-5.65983270808049332423195e-01	-7.86506318610114774081410e-01
 2.85263223534807319747841e-01	-4.12260515677094985242945e-01	-8.65254968498988974445751e-01
 4.26453595700003462720673e-01	-2.76475011333886022679707e-01	-8.61219425479050393335001e-01
 5.58010669215408205978690e-01	-1.78233761179170252519910e-01	-8.10467037835406967083429e-01
 4.00573408344139958447983e-01	 3.65054751808238028831788e-02	-9.15537161894251716454107e-01
 3.20865811478285856139792e-01	 2.05512140307135465766564e-01	-9.24559295670516423371055e-01
 3.15172276617636470952277e-01	 3.70457605631870356965862e-01	-8.73743439735691462821876e-01
 1.82512592644562876564862e-01	 4.56867670672711168045055e-01	-8.70609605403163011594359e-01
 6.85050603688237003119355e-02	 5.67626012133026547346049e-01	-8.20431451770238573395488e-01
-9.29305693953484251990105e-02	 4.99241772619453461068417e-01	-8.61464776844440893732724e-01
-2.50649317868789300867149e-01	 4.39261362388901621667259e-01	-8.62684400556864572351401e-01
-3.97486615727256631380726e-01	 3.64150350201968064922653e-01	-8.42258222141806234262162e-01
-4.20471789498247650040952e-01	 2.01637771372439683625899e-01	-8.84616122050744135840716e-01
-4.31336914499084289609243e-01	 3.69291091076208721766250e-02	-9.01434804681363166523056e-01
-4.29967600983989839402710e-01	-1.27242551855293040130590e-01	-8.93832867543718045943990e-01
-4.12386360146176300656151e-01	-2.89184856642567988949111e-01	-8.63892127903713391567919e-01
-3.10804733386709830522676e-01	-4.08988704839875982788300e-01	-8.57979403609327451185607e-01
-1.61527986323639571875077e-01	-4.65910359562372811126352e-01	-8.69963359278246084471675e-01
-1.15797057602491128280864e-02	-4.30805702660310929630327e-01	-9.02370410069978867717566e-01
 1.36641155552952586749171e-01	-4.75174415816324080541477e-01	-8.69217158805996592541021e-01
 1.33350806589824760761687e-01	-3.32727304645832333562794e-01	-9.33547054585339375343267e-01
 2.80108306644497873083566e-01	-2.56851868480926115445584e-01	-9.24968353083828076499628e-01
 4.19667329224806873178011e-01	-1.24379018342390970652822e-01	-8.99115783743951957340812e-01
 2.59182758662332590748889e-01	 6.52592982113059105753194e-02	-9.63621046682331061639104e-01
 1.74955815001519909834826e-01	 3.05672093500474972849190e-01	-9.35924694648127775131741e-01
 3.42241972030020782935544e-02	 4.12457078139927491022831e-01	-9.10333929400680919030719e-01
-1.25826878038585943109240e-01	 3.49316051847546216180262e-01	-9.28518116508614599347027e-01
-2.76157482607388315987151e-01	 2.78434298041202732409971e-01	-9.19897486937676589491275e-01
-2.90638859003065963548806e-01	 1.11651179925337892817616e-01	-9.50296305190478918234476e-01
-2.95083371644688008395008e-01	-5.78925935278775047332367e-02	-9.53716022405736385536557e-01
-2.89249953216809907452500e-01	-2.27807993280816217795959e-01	-9.29751570453871911681176e-01
-1.62327861165273673593745e-01	-3.24228543584894612905600e-01	-9.31947164282571294258162e-01
-1.60528101592036301359379e-02	-2.65581632864234029600681e-01	-9.63954720705884504639016e-01
 1.28437423458699989664566e-01	-1.77868247266078416402024e-01	-9.75636569051090751791833e-01
 2.72617150604431812688233e-01	-9.74873496948970852393757e-02	-9.57170886438667878337583e-01
 1.36930916544232422760174e-01	 1.60717346905610819485233e-01	-9.77455808974491802132434e-01
 7.36894454872446570681266e-03	 2.59108982869527160186607e-01	-9.65819979940649719907242e-01
-1.44283863158560343720183e-01	 1.85855464790265073604658e-01	-9.71925878367088436071697e-01
-1.54027264031660809928681e-01	 1.43108797698791694041898e-02	-9.87962955102635986825987e-01
-1.54183979581336394470981e-01	-1.57752820209231980896902e-01	-9.75367288848921876187603e-01
-1.59217257612725114623853e-02	-9.06015140537151653088443e-02	-9.95759943108758260876812e-01
 1.22525044414609651788339e-01	-1.27779387418480404325916e-02	-9.92383160766398542129707e-01
-1.07183224071325695903045e-02	 8.79946126031610209583533e-02	-9.96063283992335679606356e-01
