-2.28011243467731508638430e-02	 6.35658009248160193321864e-03	 9.99719812056383605458620e-01
 6.90557989189593129930600e-02	 8.97217806661438910253992e-02	 9.93569976755417472169540e-01
 4.64488357203591689659206e-02	 2.02521132488880428734745e-01	 9.78175698203367027794286e-01
-4.39838504047301015464910e-02	 1.21942830131233859169981e-01	 9.91562084331162552075511e-01
-1.33402298542734637498697e-01	 3.74264322220955597542158e-02	 9.90355031751058434430490e-01
-1.14311425212706513354632e-01	-7.85935964844402534801304e-02	 9.90331229769858767397750e-01
-3.07813158955085822837683e-03	-1.08741112952062249363827e-01	 9.94065337621156674963174e-01
 8.99975605318636961982293e-02	-2.30671923793343489061947e-02	 9.95674818268519112862691e-01
 1.84057774582129241025541e-01	 5.22912177794551333298578e-02	 9.81523491394381220054299e-01
 1.61441738357470859765996e-01	 1.64474855386393947753731e-01	 9.73079948956786733305080e-01
 1.37706871336016306583971e-01	 2.75540133548145549369224e-01	 9.51375032461497793789817e-01
 2.57787101644307604930706e-02	 3.14803915092960462374094e-01	 9.48806594172069694970162e-01
-6.53330551211195598160231e-02	 2.37017199646887471997658e-01	 9.69306163696532108176029e-01
-1.53911714413825367886446e-01	 1.54511275965738881232880e-01	 9.75929018815219206928191e-01
-2.40507501024206760131818e-01	 6.74003046047145365493591e-02	 9.68304363767035214394241e-01
-2.23118829677828339752566e-01	-4.99628081572313365033011e-02	 9.73509992575443461326756e-01
-2.01156848797626658376103e-01	-1.66322882139049166294598e-01	 9.65335496632527823024361e-01
-9.12781283050093095177147e-02	-1.93747115473307973676498e-01	 9.76795965664737364519965e-01
 1.98136672091226359593286e-02	-2.24515134639125840676499e-01	 9.74269148084707437007523e-01
 1.09119792413269453557056e-01	-1.35136953277104898685224e-01	 9.84799916106143258254235e-01
 2.03992096440157200110121e-01	-6.09005783004603062913418e-02	 9.77076426976221434905767e-01
 2.96527890737669219678452e-01	 1.03808841842914587744184e-02	 9.54967772889861010732204e-01
 2.76121939859552023577294e-01	 1.23512228598032264281770e-01	 9.53153399886369601112790e-01
 2.52663936979017567097117e-01	 2.33890969255143132965458e-01	 9.38858854914386364853840e-01
 2.28048261349632741534776e-01	 3.42466558750155858348307e-01	 9.11433292475777312446894e-01
 1.18363239170440420755526e-01	 3.86141906074853991093221e-01	 9.14813954848722188373245e-01
 8.93226188648482861964784e-03	 4.23721574659699951048708e-01	 9.05748442927447605654834e-01
-8.44766037461267410568766e-02	 3.49301382588616371460688e-01	 9.33194646116875747843267e-01
-1.74379703405943331517847e-01	 2.70248253848941355492741e-01	 9.46867255919040418099542e-01
-2.60131699027066398688390e-01	 1.85805875721354429863652e-01	 9.47527137188541201950898e-01
-3.43255361251808555067555e-01	 9.72648108775610170662063e-02	 9.34192332197627761658509e-01
-3.28358000930663307403989e-01	-2.05037977812235067132107e-02	 9.44330777588745839956630e-01
-3.08224846146522124534783e-01	-1.37319933423401402405872e-01	 9.41350455517256157200734e-01
-2.77471469731067899022747e-01	-2.52795458127021199778994e-01	 9.26878654320850481340699e-01
-1.65811655443443450863583e-01	-2.80774614198560701350260e-01	 9.45342324737845629556432e-01
-4.82863892068835162674212e-02	-3.06514561642874272529014e-01	 9.50640441028172356041637e-01
 8.11677266299969946139470e-02	-3.43876241501967883085200e-01	 9.35500363807625023859771e-01
 1.24880940976217463811437e-01	-2.48714003817391754447286e-01	 9.60492631354357251360909e-01
 2.19937259019709840934809e-01	-1.75552469503162250630268e-01	 9.59587897248729504440234e-01
 3.12494546572086973057480e-01	-1.05445219009511925722933e-01	 9.44048973385778200650975e-01
 4.01587950154592254747854e-01	-3.27717751329340140076241e-02	 9.15233920397003908320244e-01
 3.85625064754439084158122e-01	 8.32419746122905063190345e-02	 9.18892857244946403838526e-01
 3.66081963677829247405526e-01	 1.94348630866100186009859e-01	 9.10061869078282459355478e-01
 3.42671002542330349616151e-01	 3.00397749209905140510557e-01	 8.90133572159963804004690e-01
 3.21493619700772059744054e-01	 4.00097262447601631496497e-01	 8.58233087845970965545916e-01
 2.13401910640946324004830e-01	 4.49567716654376836604712e-01	 8.67380246879627558875825e-01
 1.05878979574295192800371e-01	 4.91371606862605447840764e-01	 8.64490361804900131481588e-01
-2.77946958299003831285856e-03	 5.26268109700294139940979e-01	 8.50314148571759464978470e-01
-1.00053260852514633305610e-01	 4.56597524550818645305839e-01	 8.84029437047683108730212e-01
-1.92484432469309796331913e-01	 3.82196612812783942381145e-01	 9.03811646534499302241272e-01
-2.79708883708013833491179e-01	 3.02047892301773146517263e-01	 9.11334192890222438698800e-01
-3.61796812156807368054956e-01	 2.16343242847687772245635e-01	 9.06806852635840154874813e-01
-4.40895591835676836645064e-01	 1.26466924469994995705591e-01	 8.88604070503263621105816e-01
-4.29353137470917911588941e-01	 9.11119269833470489527993e-03	 9.03090731605353691513471e-01
-4.11751774524299896107493e-01	-1.07243859356719484221543e-01	 9.04963662699429294278275e-01
-3.84566723564900514453768e-01	-2.22580495546448930976879e-01	 8.95860680088625516148682e-01
-3.52958638721417139461067e-01	-3.34791379543405820395918e-01	 8.73690409433082515455737e-01
-2.44802238068138555693309e-01	-3.63193877350675708992611e-01	 8.98978348844849950438629e-01
-1.32559510324007701065341e-01	-3.87594262646909604175249e-01	 9.12249233370934664577590e-01
-1.48728765251037765848796e-02	-4.04160142232423691410759e-01	 9.14567316808629460211932e-01
 1.02775826510177512029820e-01	-4.46606722493756602698767e-01	 8.88807946020136907527842e-01
 1.99427993951978216324861e-01	-3.96651600135981274863894e-01	 8.96044632447433153643601e-01
 2.17427348100153600141127e-01	-2.95316881210342330188467e-01	 9.30329666285199863295929e-01
 3.17310515277450799764836e-01	-2.25785454622357606435656e-01	 9.21051011277515541131322e-01
 4.09072151274027573375491e-01	-1.53351200590886638241983e-01	 8.99523976517231482752379e-01
 4.94771087650939522806226e-01	-7.76134790624205123110713e-02	 8.65550529254377920551633e-01
 4.84127821278638070801037e-01	 4.60803096005802451107236e-02	 8.73783072467711252606648e-01
 4.67241169474973350173030e-01	 1.66421261478343879280928e-01	 8.68325776005536065227375e-01
 4.42804286706818706065292e-01	 2.85525912617643651270072e-01	 8.49940772582376546928629e-01
 5.14635690194273576203443e-01	 3.43638383910153610845128e-01	 7.85533428621520757317853e-01
 4.19442620182147341001411e-01	 4.05830112937569376097002e-01	 8.12015891351773100304001e-01
 3.15594165164459428130073e-01	 4.96469253868333737500507e-01	 8.08652337458791947710779e-01
 2.07487737902847857451860e-01	 5.48168870733841684383947e-01	 8.10222023755429510138981e-01
 9.85995961824406019768929e-02	 5.88053718993362339872988e-01	 8.02789476270544533065276e-01
-1.11061600336695761453987e-02	 6.20566966777500117480315e-01	 7.84074800611446742770738e-01
-1.11459697067288115990280e-01	 5.56735490295987123232635e-01	 8.23178188349615647112500e-01
-2.07141970519021306751384e-01	 4.88308041403574533134702e-01	 8.47730771383286563214199e-01
-2.96711019137548825952422e-01	 4.13472973142627375775504e-01	 8.60815120454417548323534e-01
-3.80321413598876501005464e-01	 3.32383940559992263619193e-01	 8.63062302742950371303721e-01
-4.58190862513367991315505e-01	 2.45613029722554970790682e-01	 8.54245499338312730408518e-01
-5.32604123325613465489425e-01	 1.54421624262794404680577e-01	 8.32157923579770586464122e-01
-5.25296569194813267600352e-01	 3.82408443598240069261074e-02	 8.50059499220381820094872e-01
-5.10888483510655189157035e-01	-7.68366243946143612220112e-02	 8.56206219650280209165771e-01
-4.87222733611245961693470e-01	-1.90993649949353000438990e-01	 8.52135806976451859462429e-01
-4.57047877906179789153640e-01	-3.03080184779613959200617e-01	 8.36211479767775545113295e-01
-4.22306599990417919077146e-01	-4.13218265527613981547006e-01	 8.06788572451843544186545e-01
-3.18472013248673080365592e-01	-4.43781277606919599687529e-01	 8.37635812524098799514150e-01
-2.11608650673400344732755e-01	-4.69688162282341281628106e-01	 8.57096732680751705046873e-01
-1.02395640890653130683496e-01	-4.90115566871834107409711e-01	 8.65622240839786338817419e-01
 7.08001707744706620245578e-03	-5.03249004339973771138261e-01	 8.64112442329705188193145e-01
 9.26931708651186347935891e-02	-5.58495158705491157036249e-01	 8.24312521909923545671006e-01
 1.95406218534500242256513e-01	-5.05668330697645829197029e-01	 8.40307056430864340867970e-01
 2.95836763624202525591045e-01	-4.49677667170282513442459e-01	 8.42775536508179823336206e-01
 3.11875024220364283067397e-01	-3.42146562055049618944480e-01	 8.86380109964938989186578e-01
 4.09549580081077557736080e-01	-2.73449754111581566640155e-01	 8.70341526891443173497009e-01
 4.97882240159507050147880e-01	-2.00413331341456363299258e-01	 8.43769975499466751145405e-01
 5.80078401317545511162166e-01	-1.27560286933471461745526e-01	 8.04510672099712387250747e-01
 5.73549944983743897886086e-01	-4.45600217960801653349634e-03	 8.19158473467570091841594e-01
 5.62517826395358855329221e-01	 1.15013219020344809040424e-01	 8.18746392015267998587547e-01
 5.42403239052785979268378e-01	 2.30964881899281576638217e-01	 8.07746216081695611599400e-01
 5.86232520183254890433489e-01	 3.91290403458577684681075e-01	 7.09382303444914819046119e-01
 4.93684962960254658526082e-01	 4.56640835318278204280062e-01	 7.40104252701440090689289e-01
 4.04802708002832745126653e-01	 5.22567992956780802416006e-01	 7.50371548188425885328456e-01
 3.03657292633719821939309e-01	 5.92475780853237821155233e-01	 7.46166668870102745003692e-01
 1.96801504138005317612325e-01	 6.40731915440145849416353e-01	 7.42113051027550985061509e-01
 8.80859416248405552307688e-02	 6.77441160760234861726303e-01	 7.30283739786044328035075e-01
-2.14187015692386580056894e-02	 7.06783192624207412535497e-01	 7.07105902851206891135405e-01
-1.20732889156177095046907e-01	 6.48035867433053747177496e-01	 7.51979443865516739009536e-01
-2.18644640009814761327789e-01	 5.86425054033884896043105e-01	 7.79936008526554536146591e-01
-3.10644394540254997760798e-01	 5.17823565682953623756646e-01	 7.97093981262002815313394e-01
-3.96285975606445239893816e-01	 4.42212354839293164676661e-01	 8.04615224045092780613686e-01
-4.75670391112493706753384e-01	 3.60405308001001456474910e-01	 8.02399958240022970201721e-01
-5.48762455598061582584535e-01	 2.72967461927932752985271e-01	 7.90157283111791675089819e-01
-6.17638064556051191722474e-01	 1.80678825418095406751817e-01	 7.65426928750871926609989e-01
-6.15365451273504948659365e-01	 6.64971345990854612040266e-02	 7.85432041916464318553892e-01
-6.04634401566751633616548e-01	-4.65579170294791594431061e-02	 7.95141245819817932272144e-01
-5.84795333700051211955895e-01	-1.58786306225388612611837e-01	 7.95488105906017373136763e-01
-5.57008148553562065785627e-01	-2.69471304900655350689220e-01	 7.85574400219400725831065e-01
-5.22646791036806113162072e-01	-3.78656494601315007919595e-01	 7.63845266343370021822068e-01
-4.80197608897903971403309e-01	-4.86628069480140978964045e-01	 7.29796806243194429164589e-01
-3.77399584529011178357649e-01	-5.20578097402827344453158e-01	 7.65877273524800727955153e-01
-2.69847712187651134208011e-01	-5.49236750606334145352605e-01	 7.90898984706951191370194e-01
-1.56977429616289521074890e-01	-5.71789755237248953356755e-01	 8.05241927868134421686364e-01
-3.74710205340110097393946e-02	-5.88388221322464266549446e-01	 8.07709863521008819553515e-01
 8.75717605241418811656828e-02	-6.45839401169715832118357e-01	 7.58434344327474030400538e-01
 1.93594390366835761296826e-01	-6.06038475665737763620200e-01	 7.71517062696115862863167e-01
 2.91255119867752987339315e-01	-5.53494771203211777255149e-01	 7.80265335255594272290125e-01
 3.87508433762173365444426e-01	-4.95608962085848092637974e-01	 7.77308799939493533237567e-01
 3.99740069338227588247037e-01	-3.88720418432530800956215e-01	 8.30123071152167768538277e-01
 4.95118244325068457278860e-01	-3.20229726341639431286268e-01	 8.07657629508705010579206e-01
 5.79609179967079057860246e-01	-2.48353604132308947161079e-01	 7.76127364426988042289679e-01
 6.58774631178988268054297e-01	-1.76777339845223591119350e-01	 7.31276799462579951693897e-01
 6.55689444386071684789385e-01	-5.53197250871823933970894e-02	 7.53001381497380384288931e-01
 6.51233079595607500245080e-01	 6.16172408663774942572111e-02	 7.56372125126538508155249e-01
 6.37759760415856136184232e-01	 1.75219648292786578380742e-01	 7.50040374144260391098271e-01
 6.15829501507574317287208e-01	 2.85030906837652864282973e-01	 7.34514402323220405577331e-01
 6.53436758494988834122807e-01	 4.30970185102679925748248e-01	 6.22322345894893547146864e-01
 5.66959005720059416866263e-01	 4.99279718096144409233972e-01	 6.55192528140207119946581e-01
 4.80298300286440549289324e-01	 5.65113908405056153405610e-01	 6.70790439160486418046503e-01
 3.88804163694983107024683e-01	 6.26709630997094202520259e-01	 6.75326854722164138244977e-01
 2.88646939561409965335770e-01	 6.83467229516165786229465e-01	 6.70488993540780398028289e-01
 1.83212692109391506178895e-01	 7.26159444339160353720786e-01	 6.62665504494591495188160e-01
 7.54655749168604145227235e-02	 7.58765586238155487208701e-01	 6.46977381477232049711290e-01
-3.32743446744714899132589e-02	 7.84061843234127531232502e-01	 6.19790161240711179324592e-01
-1.31359157688775346484178e-01	 7.29754012376019334240596e-01	 6.70972319184924614887677e-01
-2.29481692221954830523956e-01	 6.74546801985154598213512e-01	 7.01658581410181891868660e-01
-3.22976160712197091218201e-01	 6.12376226750649066410404e-01	 7.21582813350101104354906e-01
-4.10480343164430494518058e-01	 5.42603242613815095474195e-01	 7.32862612622983355947781e-01
-4.91675357142764335449669e-01	 4.66163879965933392046651e-01	 7.35490707074971772350125e-01
-5.66330568353943131221229e-01	 3.84041445995626229414910e-01	 7.29233745177421455174738e-01
-6.34018940499028182955499e-01	 2.96757344582908200170124e-01	 7.14111378935100682419090e-01
-6.96470002060616821815131e-01	 2.04381545835234879060494e-01	 6.87864608736111882159037e-01
-6.99163347253100142530968e-01	 9.48621938168695000292985e-02	 7.08640796202202549736171e-01
-6.92112452613261486256135e-01	-1.50053776159685559737911e-02	 7.21633696261654633552496e-01
-6.76386352801104262510989e-01	-1.24789225340687717769050e-01	 7.25898857268208685944444e-01
-6.51898360414161825993062e-01	-2.33541983521283358360421e-01	 7.21447620844557380159756e-01
-6.19513920873516865661657e-01	-3.41060662490017652004326e-01	 7.07022012631708829388799e-01
-5.78582601264049367628672e-01	-4.47303500420928479286431e-01	 6.82027676876613697665164e-01
-5.34256584140564982909893e-01	-5.51248996899899590395933e-01	 6.40854465319006694201676e-01
-4.36484258123030599563208e-01	-5.88667978426622662269097e-01	 6.80405396499690562350793e-01
-3.34972080489880197351482e-01	-6.19612611334943608198955e-01	 7.09840768881988992689003e-01
-2.30252173666161019660592e-01	-6.44061576670410085299068e-01	 7.29498884151877025061594e-01
-1.23150445296262622818517e-01	-6.61364831872998326645074e-01	 7.39885482345026823658429e-01
-1.45345843098873689358541e-02	-6.72607243708938207227277e-01	 7.39856906144156889482133e-01
 6.10888174869338232420013e-02	-7.36208338839150600030337e-01	 6.73992164792548975604802e-01
 1.69701934453816566383821e-01	-7.01431310436442023714676e-01	 6.92239387915805082229781e-01
 2.74242594926872418348296e-01	-6.56303860430555219274140e-01	 7.02891344314130694925780e-01
 3.72051885042087304711345e-01	-6.00547493194546588846094e-01	 7.07757093397428094228019e-01
 4.67205666565040256266172e-01	-5.38075026814576973244186e-01	 7.01565485644789044172853e-01
 4.83701308614293334908751e-01	-4.31218666455624510813749e-01	 7.61632132820729279565342e-01
 5.76679293391041070115932e-01	-3.63730479364179792867162e-01	 7.31533410689842455987275e-01
 6.56284533390315338863275e-01	-2.92296205339445724913361e-01	 6.95595816244474640654971e-01
 7.32389149355534119223421e-01	-2.22069574883273557208696e-01	 6.43654595118716810198123e-01
 7.29570921169574337916686e-01	-1.03735846410762971858688e-01	 6.75991971219497056466707e-01
 7.31735433370308885336897e-01	 9.91915142069197883212262e-03	 6.81516592597318782154048e-01
 7.24629320344368998974005e-01	 1.20522906400618315392315e-01	 6.78517926903929202708809e-01
 7.08911155781735136116595e-01	 2.28036010787291798518339e-01	 6.67416325086840234170893e-01
 6.85823574587297590809953e-01	 3.31377905018490959143662e-01	 6.47946532212232417791142e-01
 7.32627302683473757838328e-01	 4.05924140128315680264848e-01	 5.46335819641935449553216e-01
 6.50573939005340440289160e-01	 5.16758211458218763567629e-01	 5.56519991354828658103315e-01
 5.63638305438015629889037e-01	 5.89763539388243662742184e-01	 5.78351820478861911034585e-01
 4.72813900216473015358787e-01	 6.55337058925075766069313e-01	 5.89050384060242349093528e-01
 3.76643314932208095324739e-01	 7.13781042106947372083425e-01	 5.90471368692503051356368e-01
 2.74543340961109105791138e-01	 7.63841264291677313202911e-01	 5.84099714859718122106358e-01
 1.68485732015701328290191e-01	 8.02043224633447349170012e-01	 5.73008921332569753914754e-01
 6.06786851528863177551720e-02	 8.30604670873732353619801e-01	 5.53546726023066426591868e-01
-1.43056254470526944544417e-01	 8.00897755326969273959037e-01	 5.81461687103360214123882e-01
-2.41824861392627182832271e-01	 7.51402848803638390151605e-01	 6.13933624443403047621359e-01
-3.36290744691685850042973e-01	 6.94417025880490257350175e-01	 6.36155271299394309281183e-01
-4.25847368838250084355224e-01	 6.29027691591874993370936e-01	 6.50367728030947556128183e-01
-5.09887057368623053399403e-01	 5.55739072271302037009377e-01	 6.56634808915122158978761e-01
-5.88026767418081242055905e-01	 4.75182751438955830458610e-01	 6.54542491771730072791513e-01
-6.59849082367251038583333e-01	 3.87348048575820169681094e-01	 6.43863865862653539373639e-01
-7.24703282644822754932079e-01	 2.89494100556754008213289e-01	 6.25298582971890448689578e-01
-7.91588262267449160880517e-01	 2.84713945210291863308072e-01	 5.40671797343999616103360e-01
-7.69015953813712016540194e-01	 1.58717560629426768237238e-01	 6.19211755967077115414554e-01
-7.70002820679136501524908e-01	 3.86338485267729639383028e-02	 6.36869752692168500374237e-01
-7.60128370793297536422983e-01	-7.61934924587451961608409e-02	 6.45290176294406658819014e-01
-7.40340610327639536691890e-01	-1.87690614288566287592985e-01	 6.45498268012919540481676e-01
-7.11282422909277900480163e-01	-2.96383283571283406843122e-01	 6.37365094808157284234085e-01
-6.73304191826982645352473e-01	-4.02722127626624959439994e-01	 6.20061572094334989557751e-01
-6.28107419902469654715560e-01	-5.06180699150773905081735e-01	 5.90984068203785573025755e-01
-5.76901086643687666111191e-01	-6.08725885693864321446256e-01	 5.44644776267571240069287e-01
-4.81706877544512412914202e-01	-6.51041634003194591429065e-01	 5.86603166476934889672634e-01
-3.81742593569229848871061e-01	-6.85793079403873573340888e-01	 6.19645418361816302521561e-01
-2.77538293910566780109406e-01	-7.13589606079704785734918e-01	 6.43243631533359061513977e-01
-1.69605511170258294040281e-01	-7.33991047372964833250819e-01	 6.57640565169921420540788e-01
-5.80235304728294459808424e-02	-7.47050657776524573705501e-01	 6.62230008854273188845241e-01
 1.69534340158728584480041e-02	-8.07518741829881481208986e-01	 5.89598221391953170034128e-01
 1.35734953065506674940721e-01	-7.86091719115635578774004e-01	 6.03022248058999510433864e-01
 2.44590667933399258382465e-01	-7.47736725043176009286583e-01	 6.17304783054205219450239e-01
 3.47947273402416545895477e-01	-6.98830245315839926334434e-01	 6.24955184924188889006302e-01
 4.44869111366091141146484e-01	-6.40064923636904259396374e-01	 6.26425069167915959944537e-01
 5.37763585635126273309936e-01	-5.73693675328899810317296e-01	 6.17807326641948595380427e-01
 5.60536316372400644780782e-01	-4.68191468064987403874255e-01	 6.83078170679470408899192e-01
 6.56059140874998503178972e-01	-3.97896023075765659093861e-01	 6.41299585603209765238830e-01
 7.32236462991740388872586e-01	-3.20601255050456501738410e-01	 6.00869867380132260947789e-01
 7.93605203486792865064103e-01	-1.51221751517116226315451e-01	 5.89340956379905800410768e-01
 8.01682171599918058646495e-01	-3.77682580717278448823038e-02	 5.96556162000751788454522e-01
 7.99466485353483080622539e-01	 7.40602046481295267499334e-02	 5.96127859510043434099202e-01
 7.87122987841336163583605e-01	 1.85413081101835269803857e-01	 5.88268128805268464276423e-01
 7.65668496012464894207028e-01	 2.96058706693941020571259e-01	 5.71052533839681797367405e-01
 8.18620033279311765106456e-01	 3.24183086094014638600669e-01	 4.74095526032822900397434e-01
 7.85789248405563967025955e-01	 4.24486833254871465115343e-01	 4.49829062515384514586714e-01
 7.18772830595899248073977e-01	 5.12402780325996620724993e-01	 4.69903190786514546317676e-01
 6.38507577909643075919632e-01	 6.02763059556747804457189e-01	 4.78523528142294707343751e-01
 5.50251266785515058543865e-01	 6.73480018240989353195403e-01	 4.93607342359342171622671e-01
 4.56392418556536560991788e-01	 7.36175503993815816272672e-01	 4.99751525864170376145523e-01
 3.56517589723933991940896e-01	 7.90467195242822717737852e-01	 4.98053030773211558024371e-01
 2.50533260359091902724771e-01	 8.35116626031865649792962e-01	 4.89707368107727081252278e-01
 1.39819981337267001952895e-01	 8.68819826725170774039952e-01	 4.74976295732840170238376e-01
-4.68979354507555873388114e-02	 8.51738240001422841629619e-01	 5.21864497901261215062618e-01
-1.47645413593899460513725e-01	 8.63627911951910687271550e-01	 4.82024544543396660234436e-01
-2.47996798691690001348320e-01	 8.19827834891468598677022e-01	 5.16120052871268053529263e-01
-3.43450121631440452585338e-01	 7.68017256113302626552297e-01	 5.40547415370328576678105e-01
-4.34289857629701459007521e-01	 7.07314925758799506461116e-01	 5.57761521941768312338183e-01
-5.20017957110241901830250e-01	 6.38278118149144368942416e-01	 5.67611106458354663928390e-01
-5.99864735792622338905744e-01	 5.61679904376067629101499e-01	 5.69805215641748019628210e-01
-6.73045179825809580798079e-01	 4.78106441104562518429333e-01	 5.64291074612715659597484e-01
-7.38398805802386704044693e-01	 3.87212001164422670029808e-01	 5.52117804226464503614125e-01
-8.60039864407293741521698e-01	 2.54601576232977522273870e-01	 4.42164527082360370169312e-01
-8.27418359663984914753598e-01	 1.83473893701260437616440e-01	 5.30769430563836519532117e-01
-8.34187787720691353854363e-01	 7.33466249463524816443183e-02	 5.46581199298546871467863e-01
-8.30619460375458640299939e-01	-3.65821213981364357081816e-02	 5.55637526126155134598150e-01
-8.16637880225769219322274e-01	-1.45283896873957596440619e-01	 5.58565270930335922017207e-01
-7.92859723102873892308651e-01	-2.52280798753735546746668e-01	 5.54732239969348728259035e-01
-7.59430152728892693403395e-01	-3.57060288750445375960396e-01	 5.43850892546495101598225e-01
-7.17557161540358090512370e-01	-4.59384730135375174420176e-01	 5.23524010567417152905989e-01
-6.66708061025254594689216e-01	-5.59048938840912557068918e-01	 4.92914440186930480347627e-01
-6.16001648668501711192391e-01	-6.54583789764677570488516e-01	 4.38248823175830526377439e-01
-5.24151240213996949535158e-01	-7.01302435151364478294056e-01	 4.83156674209199998859532e-01
-4.26052562737811335580318e-01	-7.40318841017767570455987e-01	 5.20006949394575701539623e-01
-3.22621919834027770512819e-01	-7.71708261662447436712853e-01	 5.48070666725131272478677e-01
-2.14576066189454794930214e-01	-7.95218425676938345247891e-01	 5.67084444578186519514418e-01
-1.02185395240690965468211e-01	-8.10291127311290049206605e-01	 5.77049767351224929257114e-01
-2.90607037374994714440390e-02	-8.66205728485153425566523e-01	 4.98841769940916335279724e-01
 9.13859576950263458039458e-02	-8.53738324582231755677242e-01	 5.12620210170928736204132e-01
 2.07924402112325212854671e-01	-8.26041021771574679455341e-01	 5.23854629985079811582693e-01
 3.15498266071550625966324e-01	-7.84522107591331341325258e-01	 5.33840712953124962858453e-01
 4.16583563989069649569075e-01	-7.32625909947707487646085e-01	 5.38254038802736922697534e-01
 5.11047733580114682538920e-01	-6.71658485725541543054362e-01	 5.36381480436732283045842e-01
 5.99926685481435684188511e-01	-6.03030023318479213578769e-01	 5.25778245103173835772736e-01
 6.27234851927449099662226e-01	-4.98523035462346664203892e-01	 5.98373815972055300704824e-01
 7.23613692368747174477051e-01	-4.28993725991825558541137e-01	 5.40691785841174721305435e-01
 7.89008559860599922863855e-01	-3.41600765107760551142491e-01	 5.10660757983707580542898e-01
 8.17521444395172158792207e-01	-2.36766567795100885129855e-01	 5.24976456927888635028978e-01
 8.55910730959568488707134e-01	-1.17545912145197550824349e-01	 5.03586913219764453764071e-01
 8.62627775958788811649924e-01	-2.66223128447292279458170e-03	 5.05832217903310232820502e-01
 8.57555514937981100409559e-01	 1.09145686061662722243781e-01	 5.02678583205593887406337e-01
 8.42409658274981154590932e-01	 2.18353584094846897567521e-01	 4.92613113871285368539077e-01
 8.80537609122476694345494e-01	 2.71372875107571798203310e-01	 3.88600413762933194483651e-01
 8.48594935442772424494251e-01	 3.84064581662837079001349e-01	 3.63842043547783100532200e-01
 7.85168821512241210669458e-01	 4.99326116800466179856954e-01	 3.66310456861451527732498e-01
 7.09766982385133915478548e-01	 5.91764859299785062063393e-01	 3.82158582284641168413941e-01
 6.24935404133004412940977e-01	 6.75938429191449419164428e-01	 3.90593113870834063305892e-01
 5.33590414306645111075511e-01	 7.44719987753493684046191e-01	 4.00840878155533542059885e-01
 4.36546456400363380723206e-01	 8.04039449125442340360337e-01	 4.03667877907495920020153e-01
 3.33976228766830862682014e-01	 8.53642089093491929219226e-01	 3.99693710667035739803055e-01
 2.26806139452084720709024e-01	 8.92653364048589748058760e-01	 3.89524000235643430567478e-01
 1.16475391299466504713145e-01	 9.20496450447552905238524e-01	 3.72987624372568049579968e-01
 2.40300070841689902834126e-02	 8.92563900199293325243843e-01	 4.50280182575872378603066e-01
-9.76113430797690417861645e-02	 9.11480725472221253724570e-01	 3.99593434373985922913874e-01
-2.29240632669023725043189e-01	 8.83469691965202308381322e-01	 4.08570723024076432050578e-01
-3.33798673169751425326979e-01	 8.35862280178877425917960e-01	 4.35789736414571304834453e-01
-4.30559543345975070938181e-01	 7.78544775481466055921942e-01	 4.56603232800884661912733e-01
-5.21257456648052119874137e-01	 7.12102620309370548667971e-01	 4.70319595634003662087963e-01
-6.05809718484967563156829e-01	 6.37245945660948609479135e-01	 4.76353009571523156040485e-01
-6.83506361387314909094925e-01	 5.54620673923377549563440e-01	 4.74568184774171064610471e-01
-7.53341300640907873820140e-01	 4.64193218026290821409674e-01	 4.65834242072286630609312e-01
-8.12754417951674690279162e-01	 3.63465754358793580180986e-01	 4.55327246613277003550735e-01
-8.76037636026698152136305e-01	 3.25354508474889225766447e-01	 3.55952952059422733643856e-01
-9.13562475977566124107909e-01	 2.02732054171418402122029e-01	 3.52566754951705585430233e-01
-8.85733393510628297384812e-01	 1.33722179838135585283609e-01	 4.44516292434241067077494e-01
-8.89607479849203852673156e-01	 1.96442292742031072994013e-02	 4.56303228185568621189105e-01
-8.82229502322811831582783e-01	-9.16564179207381840575053e-02	 4.61811873261377736632483e-01
-8.64060135230519610338717e-01	-2.00557891288789535977344e-01	 4.61710531553277792049528e-01
-8.35855705602697285350189e-01	-3.06828425401690307872116e-01	 4.55193977087720802465753e-01
-7.98070554930784492597695e-01	-4.09758118194656795196806e-01	 4.41793700640970954385267e-01
-7.52027856039549691402613e-01	-5.09060571671701711515823e-01	 4.18702087539385314762796e-01
-7.02262724329578258419815e-01	-5.98642581474305379707346e-01	 3.85297450890839165982271e-01
-6.62566801811133587740699e-01	-6.77466538785650662646276e-01	 3.19443769642728581104052e-01
-5.70830603046396545252605e-01	-7.33969597155202602145607e-01	 3.68023169212913725534264e-01
-4.73584860745219105027104e-01	-7.79239371601798014310702e-01	 4.10491633798505894947795e-01
-3.70207255923611977532772e-01	-8.15890607074099882822793e-01	 4.44149867668297615441730e-01
-2.61623840136640695153147e-01	-8.43786871142157113290239e-01	 4.68590100578625323723969e-01
-1.48288114974903351139801e-01	-8.62300744873742863738642e-01	 4.84198368798758216335898e-01
-7.51143797500254534194042e-02	-9.12306743252942142774486e-01	 4.02559605735572367812836e-01
 4.66671438678403077693346e-02	-9.07285431767516525880524e-01	 4.17917842387292071126836e-01
 1.66741340970971929635880e-01	-8.87562246240113039696951e-01	 4.29453820870657754227295e-01
 2.81354563882902808380493e-01	-8.54166108049831396265006e-01	 4.37309809221409218071841e-01
 3.88008727976466072373540e-01	-8.08012595670405842085415e-01	 4.43356371615496236415765e-01
 4.88037276061198010967956e-01	-7.51265775767523846795370e-01	 4.44318974763835972119352e-01
 5.81732562324756452554197e-01	-6.85075204440947382877880e-01	 4.38473705244986911022664e-01
 6.69432122896295722647153e-01	-6.08942851540078100569531e-01	 4.25498808920539095534963e-01
 6.83270510905072070428901e-01	-5.25054583486786130563928e-01	 5.07404270071744156744842e-01
 7.48372658677463387100204e-01	-5.11207526110917132022848e-01	 4.22617118668400792991235e-01
 8.00894947901973242032625e-01	-4.16364732967551276487939e-01	 4.30357632168822223928117e-01
 8.53660341600302130515843e-01	-3.03088986021810335991233e-01	 4.23557655734288607263238e-01
 8.84083764290639728677945e-01	-1.94170713532355543318175e-01	 4.25080735536237430682860e-01
 9.08275367629573393557507e-01	-7.37677603772307760587879e-02	 4.11818132294209326982326e-01
 9.11175996947043320695059e-01	 4.30832476313701903669617e-02	 4.09758631832321251753370e-01
 9.01506469187119185981771e-01	 1.57951373165276576227001e-01	 4.02911218172164353745757e-01
 9.13479384474722877484965e-01	 2.92384520871501352168309e-01	 2.82960608732778229335025e-01
 8.82236067660644440735496e-01	 3.93174973553057471864491e-01	 2.58984480404204298054083e-01
 8.30912042284245200285397e-01	 4.87819560705861465788047e-01	 2.67614002211702395328530e-01
 7.64447982986529050997149e-01	 5.81906109892220579915545e-01	 2.77496955979575354866995e-01
 6.87655390342890915356122e-01	 6.66126770499810505477001e-01	 2.88799566751509084738814e-01
 6.00902548234132805049512e-01	 7.42524774983076785161984e-01	 2.95927501361493927589663e-01
 5.07128135428591031441670e-01	 8.07097013370413951527382e-01	 3.02349905350205616638704e-01
 4.06832166029160280373844e-01	 8.62014447331755140346843e-01	 3.02355223661425309700235e-01
 3.00358623660473778027580e-01	 9.06688121375554545444686e-01	 2.96144133403404841153872e-01
 1.87855048626992593430174e-01	 9.40234218878469252267394e-01	 2.84024812921943703436511e-01
 6.74189618891112424359235e-02	 9.61584430849903748494967e-01	 2.66101608271842926534134e-01
 3.44161154819304371255129e-03	 9.36872028955708757713694e-01	 3.49655482826116803529715e-01
-8.46902770266430016121717e-02	 9.53650100630827557424141e-01	 2.88754294416486589902604e-01
-1.94048080673928396988615e-01	 9.29138050668691484190731e-01	 3.14718644484798082405774e-01
-3.12660931244654605176692e-01	 8.91113754798376844767915e-01	 3.28875991951926793799288e-01
-4.16263490386297618783829e-01	 8.38900488142862443829983e-01	 3.50671751877855042422993e-01
-5.12064102198450443736988e-01	 7.76378088248494413470269e-01	 3.67460772501375765308751e-01
-6.01165631618169382655026e-01	 7.04390607562239257077863e-01	 3.77403968367089281965576e-01
-6.83475033662140685208897e-01	 6.23527053463891922646667e-01	 3.79573302484741081919140e-01
-7.57976091817551655971386e-01	 5.34021048450327606715859e-01	 3.74558091682723581783421e-01
-8.22849751651930638729482e-01	 4.34371749303554766097335e-01	 3.66387048915932822534813e-01
-8.80479476508789549171752e-01	 3.92084931884257748002653e-01	 2.66505717830078203700594e-01
-9.25672716875011514225946e-01	 2.71992113904996446471785e-01	 2.62964467574473115263345e-01
-9.54375711400590631683372e-01	 1.47716477854970718031069e-01	 2.59512704233798352504436e-01
-9.31684115976114779478223e-01	 7.98375013905338604125461e-02	 3.54387755727426423391080e-01
-9.32017308267581667813317e-01	-3.61033589132652779629673e-02	 3.60610987859260545551621e-01
-9.19866423233640762013863e-01	-1.49315317470352176831838e-01	 3.62699185794614686884074e-01
-8.96078131615863360259766e-01	-2.60241511731519437056193e-01	 3.59608589457366956132489e-01
-8.60840135134397499427905e-01	-3.69224999794508790262881e-01	 3.50181611836683059912900e-01
-8.13040760684904828536901e-01	-4.77032423793222193353358e-01	 3.33773558142155923889050e-01
-7.56084688453135145280726e-01	-5.86005701955304769690258e-01	 2.91433116104872769192013e-01
-7.06667573926205827561375e-01	-6.73791089375052942855859e-01	 2.15931720319247927308837e-01
-6.12565973768697369372660e-01	-7.50017868827613787274800e-01	 2.49471690217731939531731e-01
-5.17409500992473514457970e-01	-8.03470222984361659435137e-01	 2.94487706127403048306235e-01
-4.15905920276302354388065e-01	-8.45985542554382297097959e-01	 3.33662594948983537435083e-01
-3.07911632735261064919285e-01	-8.79180718997017662807991e-01	 3.63636755251985854808794e-01
-1.94366203661826608684038e-01	-9.02280387588372034812778e-01	 3.84853064230320007776953e-01
-1.20977096515939450127597e-01	-9.45754113003468677156604e-01	 3.01518987554009854079595e-01
 1.57831554648985169196640e-03	-9.47627276746594970902038e-01	 3.19374471875678078713889e-01
 1.23932860041078729551600e-01	-9.34991021581870085377375e-01	 3.32313761020108233701364e-01
 2.42086371152183094102028e-01	-9.08852444877024323588444e-01	 3.39678410181487255847799e-01
 3.54518096770032709041942e-01	-8.69183579509696602194424e-01	 3.44727173534760455986259e-01
 4.59658438678634706509030e-01	-8.17310991596361113842306e-01	 3.47443323100751433329947e-01
 5.58431834562953754996784e-01	-7.54205116159608723869212e-01	 3.45439616872942001357671e-01
 6.24109801576137823708734e-01	-7.41974147341049161674675e-01	 2.44870006848770721541442e-01
 6.51415181126235531827717e-01	-6.79712079294807480778218e-01	 3.37119787403532766845160e-01
 7.37171989768214630522891e-01	-5.88079573303378566606625e-01	 3.32776010199785032828146e-01
 8.09838782310903559924498e-01	-4.85883566143133660553133e-01	 3.28752652943248901973305e-01
 8.62848581849634310714237e-01	-3.79180486962803153794255e-01	 3.34237165956640269737221e-01
 9.06773086158916941101893e-01	-2.65870726635872967058560e-01	 3.27223664999869101599472e-01
 9.33509948111678866666807e-01	-1.52920664152351976072808e-01	 3.24306101163290116939919e-01
 9.49137242586843843383804e-01	-3.63673763116714662824158e-02	 3.12755349554325490224471e-01
 9.48445957775551184987251e-01	 7.70623358665740720852000e-02	 3.07427489938692455329061e-01
 9.36166004459560552319886e-01	 1.86648581332837293356164e-01	 2.97918645238362367333451e-01
 9.54236593388440468288536e-01	 2.35344021934818570240822e-01	 1.84514810185978539447405e-01
 9.25365816106543448427146e-01	 3.42357739183395903825868e-01	 1.62755291166538335057012e-01
 8.78270326992915850716770e-01	 4.52027864702906012617234e-01	 1.55923193450775460222602e-01
 8.17742290572340824184039e-01	 5.50357691402939663838367e-01	 1.68534737437502774026754e-01
 7.45984184504429936879433e-01	 6.41378281977041941885886e-01	 1.79280494972093584760131e-01
 6.64621449141087450307452e-01	 7.22834852709474895426922e-01	 1.89177443290876295955982e-01
 5.74683207572323384582091e-01	 7.94777913550196890568600e-01	 1.95108377747296918292008e-01
 4.78334704402330002093180e-01	 8.55381693173205337465959e-01	 1.98791522828505290432233e-01
 3.76622394295993034862846e-01	 9.05280798500400218919992e-01	 1.96525438509195043979005e-01
 2.71097392864489861175059e-01	 9.43890194959500883342685e-01	 1.88619997458890409358645e-01
 1.63183258561981764378501e-01	 9.70619697373676593166181e-01	 1.76829373112404708567880e-01
 5.34040972542436306880198e-02	 9.85434004705201482821053e-01	 1.61455333659585587025020e-01
-5.11046498816264266329412e-02	 9.80294695785556391420812e-01	 1.90815681156397187745455e-01
-1.70358036289806780150258e-01	 9.64057735518348168923808e-01	 2.03889239683499257083099e-01
-2.80308387002190795289636e-01	 9.32856724461482156307568e-01	 2.26286410999919473940878e-01
-3.91364864335416118290567e-01	 8.87812616453773850722087e-01	 2.42120426707921276854307e-01
-4.92593122763223256743714e-01	 8.30449341574822197387107e-01	 2.60203586609255577144495e-01
-5.86218052715069437574869e-01	 7.62656087943256566497041e-01	 2.73320482573187029107231e-01
-6.72510262911176104339006e-01	 6.85128507311790535538876e-01	 2.79872961802062059089025e-01
-7.51457097946580443448283e-01	 5.97849886925409856885949e-01	 2.79083755616442497071716e-01
-8.21491121960339465424283e-01	 5.00068943713584679322537e-01	 2.74013481554325533107175e-01
-8.73622473231659313341879e-01	 4.54377607080593493016352e-01	 1.74140071345777164291135e-01
-9.25753583111578626230198e-01	 3.37012881089680915724927e-01	 1.71471925794592500169600e-01
-9.62356217819589798700974e-01	 2.14454528934476196244674e-01	 1.66972348140242143887946e-01
-9.82812466917326599258331e-01	 9.30614886261935253530808e-02	 1.59434043436637362667341e-01
-9.65887714130098773424038e-01	 2.70511596714440340216701e-02	 2.57544478591490044738777e-01
-9.61548748198977398793375e-01	-8.86771140261427698314733e-02	 2.59923785531401607684643e-01
-9.44748135430911073484594e-01	-2.00940212097077269826073e-01	 2.58986470230007537196570e-01
-9.16206885373848090026172e-01	-3.09933976757798435031077e-01	 2.53980064659904081203479e-01
-8.76378396775500667637004e-01	-4.15406055197400037037880e-01	 2.43718515854946693455219e-01
-8.25005839507236937713230e-01	-5.16454605878469252822072e-01	 2.29434096955692529151705e-01
-7.82510075509290636830428e-01	-5.98107237049469775413968e-01	 1.73048301683356248181767e-01
-7.31530396346911526705981e-01	-6.74840874722055894530115e-01	 9.72269151259115699259539e-02
-6.50578167566267850929762e-01	-7.46858253081838951992211e-01	 1.37661896288192198145595e-01
-5.56085011848609145346245e-01	-8.12775073221867927486528e-01	 1.73684023290916228488001e-01
-4.58325226831037435548666e-01	-8.61957041249602040622335e-01	 2.16721123775487828355679e-01
-3.52756773240342047515128e-01	-9.00902052253009455462518e-01	 2.52859943801658437756430e-01
-2.39935188119468484346797e-01	-9.29560434008087854707014e-01	 2.79908029589668760905852e-01
-1.66424631923192789528798e-01	-9.66296824408378940418629e-01	 1.96400837644629483458303e-01
-4.36620226971096633827862e-02	-9.75087520809142183075835e-01	 2.17480929132367994949249e-01
 8.00039664083249529857866e-02	-9.69309286644682410738483e-01	 2.32462625347199636216544e-01
 1.99827807954980729565619e-01	-9.50049060758671237714168e-01	 2.39740754398317268414331e-01
 3.15238155361521554809201e-01	-9.16974642157579622470109e-01	 2.44504419273444267846074e-01
 4.24564756364021078649529e-01	-8.71044456491481322579773e-01	 2.47035063238034063859416e-01
 5.27278423710459298590081e-01	-8.12751309985892289589060e-01	 2.47816004337148759750775e-01
 5.89911326675982117251351e-01	-7.93990700589052522673228e-01	 1.46912879072899654753215e-01
 6.83980607760080738799502e-01	-7.14340784972632314442365e-01	 1.47945162586798545367728e-01
 7.15516723791418285394172e-01	-6.55550731285097665335115e-01	 2.41431267002368998841888e-01
 7.95487576015722508415706e-01	-5.57343970961716617118498e-01	 2.37838631086826374216869e-01
 8.62544295584506293117499e-01	-4.47946372051390762081269e-01	 2.35290003868895397642902e-01
 9.11715904586463010694786e-01	-3.37526262166591151103745e-01	 2.34201049681544537506284e-01
 9.48271971423406245804699e-01	-2.23189811055676090578714e-01	 2.25757782709031878942696e-01
 9.69741443486843324173208e-01	-1.08090665470937388747963e-01	 2.18901669299490148068443e-01
 9.78088722226060580666740e-01	 9.75974599099505187027592e-03	 2.07959608607977852745563e-01
 9.72304578448264456014272e-01	 1.24054655980854508512401e-01	 1.98076371781226445722979e-01
 9.80612309501078582840705e-01	 1.75891491259852594808422e-01	 8.63810266050722141972784e-02
 9.55780022215270252949892e-01	 2.86454520320048811043989e-01	 6.65459008684103764386109e-02
 9.15648330063044801896410e-01	 3.98050048980167381351691e-01	 5.60740060959049879674154e-02
 8.60790540834401762815276e-01	 5.05789439356935655034420e-01	 5.67158517966100672591523e-02
 7.95305572478694045024383e-01	 6.02236134403358658317984e-01	 6.92869742681580802479147e-02
 7.18472995600100250435105e-01	 6.90980612928177251319539e-01	 7.96388545298008371231546e-02
 6.32131326358419065591931e-01	 7.69888059371351185511401e-01	 8.76490859836023539219951e-02
 5.37479473474625657480885e-01	 8.38260494682371182229019e-01	 9.18431197657497144781757e-02
 4.36689462806732708877178e-01	 8.94881623360493039243124e-01	 9.21368180764672584093233e-02
 3.31275168562512045689061e-01	 9.39611759373169430631378e-01	 8.59447749519219178493401e-02
 2.22814939148598678553270e-01	 9.72005313150172245428848e-01	 7.45598692329985379689816e-02
 1.09847531430244352290693e-01	 9.92036382805201011336749e-01	 6.16225204730723660762060e-02
-1.52929221410628059935055e-02	 9.97402565889386805153549e-01	 7.03864197814821068721614e-02
-1.28140253926240371695755e-01	 9.87046521846425495283484e-01	 9.65362058224412261653313e-02
-2.45108331839433257748340e-01	 9.62783187095624382045855e-01	 1.13887840917643409777149e-01
-3.55454535905240454063403e-01	 9.24944021970521279563116e-01	 1.34650024602249174243696e-01
-4.62709205118350730412402e-01	 8.73638354164214092634211e-01	 1.50519824714180683322695e-01
-5.61410774434206061300756e-01	 8.10841324811906738467826e-01	 1.65391318775977708144254e-01
-6.51906967771503476072326e-01	 7.37826688531761143430288e-01	 1.75011665500387936234006e-01
-7.34179876293134525688799e-01	 6.54848672762045613815474e-01	 1.79312924877112395138923e-01
-8.08936482026998304739607e-01	 5.60185571393571168918868e-01	 1.78364496602441108263903e-01
-8.55619735736904751810528e-01	 5.11526002177928207359514e-01	 7.90949866513382532362542e-02
-9.14251534462347081877454e-01	 3.97532773372562819869103e-01	 7.81781672077488387628819e-02
-9.57895889630185015661823e-01	 2.77496349530735375576995e-01	 7.36969512714912705630965e-02
-9.85239895518728592271884e-01	 1.59186373782263135279180e-01	 6.29447907320257460384028e-02
-9.97655236396455591396659e-01	 3.90540176943043743085227e-02	 5.62033183421165941084929e-02
-9.87315273222801215169397e-01	-2.73490071308862200960554e-02	 1.56398794975985550026465e-01
-9.77369691849480637380054e-01	-1.43528917727060140174800e-01	 1.55396059249101492483192e-01
-9.54314335321034046266675e-01	-2.57078029889757309067733e-01	 1.52299165949043135981356e-01
-9.18158040757207083437663e-01	-3.68361955965879450669576e-01	 1.45929029291222644992843e-01
-8.67021727228331040571163e-01	-4.79434387560880692635834e-01	 1.35705536136609877795323e-01
-8.64425227794224593225181e-01	-5.01917981770614196612712e-01	 2.91095367228117879454530e-02
-8.07518176293614331484605e-01	-5.85821180650749728791027e-01	 6.87600120447705298598606e-02
-6.77503985913668449470038e-01	-7.35356687291360833214071e-01	 1.54561161669963375436820e-02
-5.91684828871434920216643e-01	-8.04241929304141733858557e-01	 5.57133954496827482616439e-02
-4.95299164989598084130051e-01	-8.63653917801672110776678e-01	 9.37051088598143122609940e-02
-3.94719100181411597372261e-01	-9.08685435429669952078768e-01	 1.35969156024327880727398e-01
-2.84543061762474791542843e-01	-9.43464769792575763673881e-01	 1.70027862902168203085296e-01
-2.10816966710285963459981e-01	-9.73577336627665546053834e-01	 8.77688791773908599802567e-02
-8.85571506361896992887139e-02	-9.89658093568792418537328e-01	 1.12847192720875552640614e-01
 3.57569281243099029721222e-02	-9.90823034629925047944710e-01	 1.30350129028933447994376e-01
 1.55944163215221642815322e-01	-9.78168642309992009131747e-01	 1.37359110220367730548219e-01
 2.72749858674962153415322e-01	-9.51516966309911227384077e-01	 1.42207515332950507058740e-01
 3.84269363324347967836303e-01	-9.11860132611945095604256e-01	 1.44388901800749286374881e-01
 4.90132640954451026527039e-01	-8.59313773654464152507160e-01	 1.46115819399337237838310e-01
 5.50469164626436247012009e-01	-8.33686400133033078674316e-01	 4.41665600731807397871798e-02
 6.46259142178298606751241e-01	-7.61615756474296690115011e-01	 4.78598019328810853068035e-02
 7.35010354138693977610330e-01	-6.76112051208232256449548e-01	 5.13056870133186751492538e-02
 7.70623485432761490265818e-01	-6.20592991644526525973902e-01	 1.44926817467158935981431e-01
 8.44489999746050323814472e-01	-5.16168182640893591361930e-01	 1.42853237828594104019686e-01
 9.04242304118253237277258e-01	-4.04467235531046742647021e-01	 1.36938346801709409650272e-01
 9.47289086801094470935425e-01	-2.92983374739530677555166e-01	 1.29630737688961134024268e-01
 9.69187680529119632844015e-01	-2.45011372595048793066042e-01	 2.53902975499531516345719e-02
 9.76863796440441078949846e-01	-1.76217508912759363015610e-01	 1.21179671383239803694742e-01
 9.92009486750718094683066e-01	-5.74321072531008211536907e-02	 1.12333126249763243231783e-01
 9.93261665905242341345627e-01	 6.02238714859910512222640e-02	 9.90169093962322832691569e-02
 9.93488419729584570916359e-01	 1.13452682358693282549389e-01	-1.04522116717090073068075e-02
 9.73526007107405111362652e-01	 2.26593347379797166452065e-01	-3.00427763153020069286647e-02
 9.39769443665955606093121e-01	 3.39088135870522222603540e-01	-4.30421754054598967864642e-02
 8.92392395458729725810088e-01	 4.48839569458105935861880e-01	-4.66781899401886024580932e-02
 8.32360637281229553963158e-01	 5.52599335389526991058062e-01	-4.25410863970214769835820e-02
 7.62338491521907135606284e-01	 6.46506723677749417511507e-01	-2.94801727193945289906551e-02
 6.80320124170639695115881e-01	 7.32643712633597066208324e-01	-1.99428931427907268902899e-02
 5.88534001555367836111543e-01	 8.08352693469834293615861e-01	-1.39158892382331821763186e-02
 4.88832508183717040495253e-01	 8.72289859472972772813648e-01	-1.23765909457209145883017e-02
 3.83906826397982126053421e-01	 9.23219620475169033824159e-01	-1.67654709064369751569945e-02
 2.76011789966896792236639e-01	 9.60753616252150055565551e-01	-2.77485253245355785456372e-02
 1.63140094040393590635318e-01	 9.85864612006715823611103e-01	-3.81611911415142210368678e-02
 4.05429565824611953805956e-02	 9.98605782843770439782816e-01	-3.38047207137283228783886e-02
-8.30778956884509062197353e-02	 9.96348520933720060988037e-01	-1.96897963719103695490187e-02
-1.98797026288075662225907e-01	 9.80032613770531635388750e-01	 3.97722077817194794718825e-03
-3.14269513253557342125077e-01	 9.49066918554153593490241e-01	 2.25090458592964726136643e-02
-4.23605041773648050007495e-01	 9.04901406378321171430912e-01	 4.13788994353717562435513e-02
-5.27537659353926158267711e-01	 8.47696370787998865203861e-01	 5.58111182134579733582491e-02
-6.22572584561423281179771e-01	 7.79701539751599503880186e-01	 6.68497259642445995631022e-02
-7.08368089505081233170358e-01	 7.02015409345152940900903e-01	 7.34099095005472379593670e-02
-7.54941271062603780350742e-01	 6.55163199670099394289480e-01	-2.87203594061357578293148e-02
-7.85663098501064860457177e-01	 6.13603488567848742718525e-01	 7.88939444512194998360144e-02
-8.26653628899339798508095e-01	 5.62379463966107384642612e-01	-1.93162195252134308298686e-02
-8.91450728950852533394311e-01	 4.52811767305592138832537e-01	-1.66463582377581222060403e-02
-9.41863671773372601592200e-01	 3.35388890909731229861279e-01	-2.01771070255718151797986e-02
-9.74763572248528387120814e-01	 2.20608308228501887038320e-01	-3.41753208887115578207272e-02
-9.93975615674225321249935e-01	 1.01157075654286485177913e-01	-4.21867454316826387406003e-02
-9.98524508208900485328741e-01	-1.65043159177086611044682e-02	-5.17340706136875869147751e-02
-9.95678938998836970952766e-01	-7.77877641401148040012359e-02	 5.07199584407599657343013e-02
-9.80460318713263445644657e-01	-1.90823747545317223828221e-01	 4.77897562396711605980926e-02
-9.53220057379115082163423e-01	-2.99205006319406441317454e-01	 4.29870492539402848652941e-02
-9.14384053078432623706817e-01	-4.03082191589170635293016e-01	 3.77697008133421191500290e-02
-8.85846083252786242745458e-01	-4.57884449620409972325774e-01	-7.49569715337553982292818e-02
-8.22960355791510944634126e-01	-5.65256979370245882243751e-01	-5.67520930780135088311589e-02
-7.57359371115970070320600e-01	-6.52752833612271654573078e-01	-1.79031057074561031350335e-02
-6.16717201287812599730387e-01	-7.84329952215089720723995e-01	-6.69807412171795901745242e-02
-5.27055568248953831833603e-01	-8.49403773030747100136750e-01	-2.69380463082139129382675e-02
-4.28635537535345889637028e-01	-9.03392019657128675369506e-01	 1.24271791489249314177634e-02
-3.25595219314274597621761e-01	-9.43926921452578393534338e-01	 5.46783331562621169319449e-02
-2.51262790383373624258923e-01	-9.67576537774118339285678e-01	-2.57420612580070810870847e-02
-1.32717280267862697273884e-01	-9.91135968623570007274282e-01	 5.96784876816123469739361e-03
-8.24199497730904694081655e-03	-9.99609451372323598583591e-01	 2.67023266011828866450806e-02
 1.11199006711029405036761e-01	-9.93255653903904023316329e-01	 3.28327107380550556325893e-02
 2.28391837447592643828287e-01	-9.72825697367644126600794e-01	 3.80438053889111185701388e-02
 3.40691815660490449069187e-01	-9.39339449846896656914907e-01	 3.96293414440392136044444e-02
 4.48266196191789145775175e-01	-8.92921409202202420729577e-01	 4.18183493229635216970053e-02
 5.06565302577739462464024e-01	-8.60031314849280636991580e-01	-6.11369912813906971060796e-02
 6.03879747959970680781794e-01	-7.95004661834652459617701e-01	-5.74180952746813078046983e-02
 6.93783268781626882848457e-01	-7.18376667114835720795440e-01	-5.09876465789645891280024e-02
 7.76344656850650793877833e-01	-6.28695822182537278344228e-01	-4.50614796657720084738230e-02
 8.16181894016197118091327e-01	-5.75793736260636124235646e-01	 4.80488206218468646979680e-02
 8.81815287052883922669366e-01	-4.69581739047151280885828e-01	 4.35291841560711198488853e-02
 9.01823743195326099630904e-01	-4.26930642079413447120828e-01	-6.66645562711581790571458e-02
 9.32063575562513069172610e-01	-3.60925177752031145494982e-01	 3.14723239416535155443810e-02
 9.78729628595143896774289e-01	-1.90221370197287575898315e-01	-7.68384306859416083002046e-02
 9.92162167965316865725356e-01	-1.23858617517462202273215e-01	 1.65310412565414892316351e-02
 9.99979664924355748922835e-01	-5.88819863355414131050880e-03	 2.44925593292631867126108e-03
 9.93313818552420957352922e-01	 4.87635469267016785632762e-02	-1.04641169545909684668317e-01
 9.78521375647945945708273e-01	 1.63329936638159034512086e-01	-1.25774596790554415992602e-01
 9.50657927375044065065879e-01	 2.76195141423943080205561e-01	-1.41300208679229849506598e-01
 9.10122123566961094276451e-01	 3.86759768625109467965473e-01	-1.48642529469250078699716e-01
 8.57536567967793761368966e-01	 4.92693735483582306855510e-01	-1.47932138540789015479504e-01
 7.93123235381209656935653e-01	 5.92501089724849494544401e-01	-1.41060243064118601141743e-01
 7.19148802541370257834785e-01	 6.83158093945565370042061e-01	-1.26964634760925842993373e-01
 6.31830711049215842933791e-01	 7.65983709433165849134184e-01	-1.18570272235706625219009e-01
 5.34581286517374576483519e-01	 8.37232162350139863526977e-01	-1.15174452166867322122634e-01
 4.30736681391145126429620e-01	 8.94669404641252108412175e-01	-1.18459139381521222356142e-01
 3.24413687799467387318231e-01	 9.36982719437779554283452e-01	-1.29688637294610248362758e-01
 2.12875714691120043742245e-01	 9.67160235458117245599396e-01	-1.38870475779930224735637e-01
 9.38556098027935881145112e-02	 9.86150874076970440640366e-01	-1.36739087556459859573721e-01
-2.80525965431778316616640e-02	 9.91537771090342245905447e-01	-1.26751332649332582036550e-01
-1.49109637679613910021814e-01	 9.82719186964471025369505e-01	-1.09678236323088332260234e-01
-2.65353170398218263237311e-01	 9.60144555035550295585267e-01	-8.78073367959604222932057e-02
-3.78862316796329035017976e-01	 9.22831451108253597581665e-01	-6.96093223437296293454324e-02
-4.85984983251512847601816e-01	 8.72349635215982077696140e-01	-5.31480008332418721317403e-02
-5.85407284470828459532754e-01	 8.09636991972043418286376e-01	-4.22640807181676181336627e-02
-6.74662191306991787520531e-01	 7.37262677129784882446017e-01	-3.57025563828511360853213e-02
-7.16911062953992872515130e-01	 6.83144706177999272433965e-01	-1.39110884675323592807317e-01
-7.91214495961214292485408e-01	 5.97669676920949188847487e-01	-1.29501268990114215551301e-01
-8.57016439337553337374231e-01	 5.02603977790816003334839e-01	-1.13631264245499463694244e-01
-9.14430376377360021322716e-01	 3.88352725849134272628760e-01	-1.14014240706619654486254e-01
-9.51331724675193224349812e-01	 2.78606971225613786469211e-01	-1.31704613476570420171896e-01
-9.77234072553413546380341e-01	 1.60276051799695479216368e-01	-1.39014944017436831158463e-01
-9.87507516399301343845707e-01	 4.36319144571397157794657e-02	-1.51410571281164835211186e-01
-9.84520280645785561546290e-01	-7.47587874520138223610743e-02	-1.58527413073727807546476e-01
-9.89459650648195410127528e-01	-1.32966496845791731784558e-01	-5.73542540332399389257922e-02
-9.67475410885068276556353e-01	-2.44840686120532252667559e-01	-6.35953437980758262693115e-02
-9.33097164605539708404081e-01	-3.52927971829568531969556e-01	-6.90762484894020117875968e-02
-8.95621943182732360710929e-01	-4.08089879038179392800600e-01	-1.76985834224637456069118e-01
-8.39528414052711835502407e-01	-5.17872134807554784785566e-01	-1.64318270402302346600010e-01
-7.71872287746311114275954e-01	-6.20180648970392489616188e-01	-1.39961187662647063012500e-01
-7.00169099901311708933349e-01	-7.06573197881584014190537e-01	-1.02555095333088347464567e-01
-5.48423430836154190970433e-01	-8.22839574572602039381763e-01	-1.48885106800786815028914e-01
-4.55616011675130438973724e-01	-8.83483909541165957080011e-01	-1.08950591953895448149581e-01
-3.55577161967036037282242e-01	-9.32114669718419941446541e-01	-6.87540863017570419435387e-02
-2.76517804943668288331082e-01	-9.49288933024582171071870e-01	-1.49627621735379912060182e-01
-1.72987447533009930378256e-01	-9.79284180580259344672811e-01	-1.05251302420751050026304e-01
-5.18974939472489418812451e-02	-9.95621973319969044702304e-01	-7.77401850039371455913795e-02
 6.55287735436181351111884e-02	-9.95142869814756747537388e-01	-7.34618846390386187605870e-02
 1.82508268882312557623848e-01	-9.80896010820087926873612e-01	-6.73331103308003886542821e-02
 2.94631870934294937125486e-01	-9.53273751982289474504739e-01	-6.67923229972235965590244e-02
 4.02808634840001733579129e-01	-9.13011589067661111229768e-01	-6.44596146938421210581538e-02
 4.58807324928474258296518e-01	-8.72617319419718984185863e-01	-1.67436114505567584798129e-01
 5.57474650647964864447204e-01	-8.13739227538795129035520e-01	-1.64470311757151876896899e-01
 6.48746341722974184662576e-01	-7.44216875173064562609682e-01	-1.58963602150609978336249e-01
 7.32138824261124754322339e-01	-6.64535442418331956382360e-01	-1.49550619455118799505655e-01
 8.07778022905575654455390e-01	-5.71793540365103769573807e-01	-1.43341595175649816340524e-01
 8.49818145706471628209044e-01	-5.24319374014815098306030e-01	-5.38359848124553425074978e-02
 9.10612222298451401414354e-01	-3.79359267402951561010127e-01	-1.63926589777778380918605e-01
 9.47397852199059364863842e-01	-3.12190833186163974044547e-01	-7.05279612858496635086070e-02
 9.71784188003876669981196e-01	-1.41925135306261746004353e-01	-1.88395190793039096766037e-01
 9.92922727817055594812246e-01	-7.32326655599101761229264e-02	-9.34956324077651362847163e-02
 9.80425712975233176749157e-01	-1.66364401033133671448105e-02	-1.96185244597280483702662e-01
 9.70651420259015185187934e-01	 9.79136134848576367151196e-02	-2.19655968831932474349955e-01
 9.48256816949925362969509e-01	 2.10187073848936062381298e-01	-2.37971433358749095976492e-01
 9.13985161856849526174074e-01	 3.20720076311469481922245e-01	-2.48535221963153529767254e-01
 8.68173604975653545601233e-01	 4.27601006113540738073908e-01	-2.51857045155115255585798e-01
 8.11627525600207899714178e-01	 5.29279354997228668189280e-01	-2.47232934824228728354356e-01
 7.43472580669231608574421e-01	 6.24912077693610346074138e-01	-2.38187776650457289084883e-01
 6.66415249433121359423637e-01	 7.11606647411668458147460e-01	-2.22500999284309441961227e-01
 5.73595692404537338404680e-01	 7.90154354467003550155368e-01	-2.15972400486247995132771e-01
 4.71803131729087055212801e-01	 8.54365293266824865625608e-01	-2.17857179252184202100651e-01
 3.67947708414089580397643e-01	 9.00767780656544725381707e-01	-2.30720370153792986300800e-01
 2.59055799893655847032647e-01	 9.35747809193746227229838e-01	-2.39303426909357547236468e-01
 1.43446679180677938436617e-01	 9.60273033584085999869728e-01	-2.39371575595876684428021e-01
 2.49530477653394956727428e-02	 9.72431627225527117630577e-01	-2.31849252271242339817903e-01
-9.46424957409313510892090e-02	 9.71212425052771166633647e-01	-2.18607464243660981617623e-01
-2.12708695908976674893154e-01	 9.56634203554642681410769e-01	-1.99012590742588674208591e-01
-3.28247254733292137540701e-01	 9.27513499890132764313933e-01	-1.78808409426441161649279e-01
-4.39265822417268581023819e-01	 8.83628718301282867209068e-01	-1.62005634004848908524821e-01
-5.41986808176413314974695e-01	 8.26839646407110828718601e-01	-1.50288053058478476842197e-01
-6.33939616750096246455826e-01	 7.59563623904124129992965e-01	-1.45546087396313694739547e-01
-6.73314413369653030905226e-01	 6.95983579263530494074530e-01	-2.49508633406150981404181e-01
-7.49387495847307238960866e-01	 6.16503545457936619200723e-01	-2.41540388973554287499468e-01
-8.16753202917332554733321e-01	 5.29883824554636229109406e-01	-2.28336019934723521984665e-01
-8.74823189023164027311452e-01	 4.37561381136034266425838e-01	-2.07904847672361225985327e-01
-9.13400804571732338743573e-01	 3.35691471038296718187866e-01	-2.30239454655053910059337e-01
-9.47462782687320537178266e-01	 2.18232485574357676361146e-01	-2.33856489459748240200554e-01
-9.62900323190186147037650e-01	 1.04162151143049885870795e-01	-2.48944198304535180277242e-01
-9.66592638838431383874195e-01	-1.54908528266064562939341e-02	-2.55848986752073070949365e-01
-9.54723526383637333125876e-01	-1.30719268859308679342490e-01	-2.67236713268367620521815e-01
-9.67618035751424354629080e-01	-1.89050337331428036646841e-01	-1.67258204113964914494517e-01
-9.38074953917067966280285e-01	-2.99917089791276236798723e-01	-1.73392964345796707359426e-01
-8.93164382253703981184856e-01	-3.53467276196701374324505e-01	-2.78061631534169850787919e-01
-8.44217653091957176414439e-01	-4.63916084821753116340659e-01	-2.68474245415764700695149e-01
-7.83198701993016777045398e-01	-5.69604088414485509872520e-01	-2.49300974041331752095729e-01
-7.11699006899076613841260e-01	-6.66473574595922602092912e-01	-2.22030398693966013468071e-01
-6.35031798309474426744714e-01	-7.49866993134103321239081e-01	-1.85564295444608146068433e-01
-4.72216367729609842740501e-01	-8.51148748890720119320008e-01	-2.29254246002153411199131e-01
-3.77024730787498540962588e-01	-9.06549551233436612385219e-01	-1.89790051196233072738906e-01
-2.90327400885993403001351e-01	-9.18106362239696549565338e-01	-2.69797531326317174826812e-01
-1.90953111793449120670019e-01	-9.54157269748709291334876e-01	-2.30479529854795334165019e-01
-9.17420403618650626142994e-02	-9.78273540595496426952593e-01	-1.85914705714727457319668e-01
 1.64921845767051350462040e-02	-9.83139723685683919462974e-01	-1.82110657456188262948160e-01
 1.33492174238260402630019e-01	-9.75844142789993318487518e-01	-1.72939435640357325185690e-01
 2.45032465455104320195545e-01	-9.53791836063185294314337e-01	-1.73897165969463196599776e-01
 3.53452278794669449979438e-01	-9.19544918799721333613206e-01	-1.71780758306828984505188e-01
 4.05321849420270163832924e-01	-8.72856591214372201648075e-01	-2.71727012930548073033066e-01
 5.07595469902939022688315e-01	-8.18245827308900719465612e-01	-2.69852932216026464296021e-01
 6.02334684745213455592250e-01	-7.52711529862323369677313e-01	-2.65741002416271743236109e-01
 6.89632748999717826166034e-01	-6.77011579374216632132288e-01	-2.57025276773163280363832e-01
 7.70303582816422083290320e-01	-5.89997826252685930725761e-01	-2.41939982882716342338369e-01
 8.56870544217989582591599e-01	-4.82924544109120001955660e-01	-1.80434905571414533342889e-01
 8.64915252212256957520253e-01	-4.20617310971804658770168e-01	-2.73866179367691087165326e-01
 9.14074961521440521039494e-01	-3.14599014435005430723180e-01	-2.55918785625636802105731e-01
 9.52329558717081914309688e-01	-2.54336221117778427114331e-01	-1.68468092591019746873116e-01
 9.18364672907632240139719e-01	-1.43219855915540816848619e-01	-3.68909745638129671352345e-01
 9.55349264418760224515381e-01	-8.19939010372798815495798e-02	-2.83874590562844475449822e-01
 9.49894008460937300242222e-01	 3.13679238262085310906535e-02	-3.10994254038312212262696e-01
 9.32343061381084359240390e-01	 1.42137819427347100731396e-01	-3.32465421033505903469774e-01
 9.03937797092825401357175e-01	 2.51543075215528710852908e-01	-3.45864916257901500173944e-01
 8.64411885318358108598602e-01	 3.58528231893005699948418e-01	-3.52490566478079025980463e-01
 8.14395173822438644961608e-01	 4.61027454144622428344746e-01	-3.52440331658634420364251e-01
 7.55093158142447595793101e-01	 5.58201450984238900510093e-01	-3.43868379828031145439837e-01
 6.83511056535504812892157e-01	 6.49342731887302959670194e-01	-3.33416634466326911034884e-01
 6.04567045993200546938340e-01	 7.31406069386416390898376e-01	-3.15505702902131313081213e-01
 5.06604847077504749641719e-01	 8.02892012292381385130113e-01	-3.14190937989415608466715e-01
 4.06135265994277849799232e-01	 8.52171940193769628102416e-01	-3.29935039154897247204445e-01
 3.00925515447521441103618e-01	 8.91283849169540620671626e-01	-3.39200433906224951829955e-01
 1.89970116908203728867122e-01	 9.20947358773461899339452e-01	-3.40245965516224602165352e-01
 7.44325814673073155036676e-02	 9.38988210263410727485223e-01	-3.35798945505238033426565e-01
-4.18213915941716488089419e-02	 9.44867509326930976598646e-01	-3.24771244144935300468546e-01
-1.58832941483574324736949e-01	 9.37779079671502091564150e-01	-3.08775799618664914536481e-01
-2.73585970954558166390314e-01	 9.18123157439943882174305e-01	-2.86706442671524008858341e-01
-3.88345897102118475796573e-01	 8.81605255955874800299910e-01	-2.68252934513170560038020e-01
-4.94846017783740155238092e-01	 8.30297713622513811060344e-01	-2.56384721535430459837812e-01
-5.88535302666630233403566e-01	 7.67471962146930586357030e-01	-2.54190843331223159662358e-01
-6.30924187420062621001193e-01	 6.89568622767010919183406e-01	-3.55569661562318228842372e-01
-7.11873821950172902539578e-01	 6.09838660454498637797371e-01	-3.48328106585036489928342e-01
-7.85360404429768732548212e-01	 5.21029438356183649538877e-01	-3.34271386032591766301891e-01
-8.51370097071961540180496e-01	 4.21571250679409148531818e-01	-3.12164441300218975516856e-01
-9.03677328004880875411686e-01	 2.80463338517831173302142e-01	-3.23585541391131381594448e-01
-9.23792544110961788561553e-01	 1.69605259294487858978684e-01	-3.43280339467098571937242e-01
-9.36227154926430604753307e-01	 4.64334538225206830408531e-02	-3.48314008826049348321874e-01
-9.29262508536492060073897e-01	-6.92947484482783343517909e-02	-3.62862822656104977436797e-01
-9.09827813420493236584718e-01	-1.82427756344359426332602e-01	-3.72737794758791596283487e-01
-9.30205732576577570824838e-01	-2.43190784390205305687260e-01	-2.74910053416293820305327e-01
-8.78468235853332890528122e-01	-2.93910708774698381517965e-01	-3.76709508592877662103149e-01
-8.35983728780981705241970e-01	-4.04855271584037557097702e-01	-3.70436788513318793203410e-01
-7.82603810195815041694800e-01	-5.11695359236829960813964e-01	-3.54540738988461001657271e-01
-7.17668318561538565170110e-01	-6.12333138111143204795894e-01	-3.31662950152732061148697e-01
-6.42688870878770690531212e-01	-7.03914418410788278457346e-01	-3.02416115314598499264065e-01
-5.61701956657085332835777e-01	-7.83244741507713948536207e-01	-2.66493127093583137554589e-01
-3.86854458666673617361909e-01	-8.69433579840435344365801e-01	-3.07292821353770839731823e-01
-2.86475188468056862767241e-01	-8.79787535167223189169761e-01	-3.79349257751446455877442e-01
-1.83077950488345186919048e-01	-9.22922632734413328492451e-01	-3.38668389477917330943058e-01
-7.33161793249418602957945e-02	-9.54114257675076293807592e-01	-2.90328643351514814607839e-01
 9.11983399968232730237183e-03	-9.32657055979112303845113e-01	-3.60648921473770200929465e-01
 6.81630288404901918397627e-02	-9.59295698094388082921569e-01	-2.74053945632773965357387e-01
 1.83561619262730540969031e-01	-9.42771959603283749018487e-01	-2.78363367057213317856679e-01
 2.95041117977518918547020e-01	-9.14318822534602726470609e-01	-2.77437974079817462058628e-01
 3.45600605703159369230804e-01	-8.61853809676366711123308e-01	-3.71171432203426243656708e-01
 4.51264012250262136483059e-01	-8.11632722253309735194193e-01	-3.70962417793874343896476e-01
 5.49157884125831552424302e-01	-7.50074383935818267410411e-01	-3.68529560368964559380345e-01
 6.39873743542931250338768e-01	-6.78335431725660131796474e-01	-3.61140740418354866392292e-01
 7.24200838564994398005581e-01	-5.96776154183854434798207e-01	-3.45530559023782102290312e-01
 8.05619118342552953393465e-01	-5.08885924855002946820548e-01	-3.03336367165949971624883e-01
 8.18446187715364925630013e-01	-4.24484825845236335428723e-01	-3.87244716479547335108435e-01
 8.75277321970469701639672e-01	-3.27896226075808261413158e-01	-3.55490751735463961225037e-01
 9.35035997033325183558361e-01	-2.11072111409695617467719e-01	-2.84879356986336873536203e-01
 8.72132780440876276273343e-01	-1.23931920254500532729836e-01	-4.73313101891864318471193e-01
 9.15758685269837946485438e-01	-3.38587307343528459702142e-02	-4.00299408825339986250924e-01
 9.02512672086491996026325e-01	 7.37655537821285400834626e-02	-4.24298856701872562080524e-01
 8.79205528933465263463631e-01	 1.80843640927388971118006e-01	-4.40787040904052795919910e-01
 8.46185164858746508009801e-01	 2.86595611902341174115350e-01	-4.49258969872943836332269e-01
 8.01943240713231197958066e-01	 3.89652098348143238748520e-01	-4.52833612850514599657004e-01
 7.48499861209667383121769e-01	 4.87613259311193869560697e-01	-4.49423260538463154034616e-01
 6.87318114886964481868858e-01	 5.80480268527384102306144e-01	-4.36619361456413002109400e-01
 6.11041134428054633076499e-01	 6.66940571510877378003102e-01	-4.26402399277513999287237e-01
 5.33989295732426150209449e-01	 7.40371837997780279927440e-01	-4.08295203918654925345777e-01
 4.39615076844358632079945e-01	 7.90239394607565315276076e-01	-4.26919528039415685505276e-01
 3.39565427568627786758526e-01	 8.32760227350920367861420e-01	-4.37270767537207394326515e-01
 2.33769478950119208304770e-01	 8.66968166743247503625014e-01	-4.40134102933688209358110e-01
 1.23114871310921580871423e-01	 8.91580810703044401854811e-01	-4.35805445638529520557825e-01
 7.97857573184484504535963e-03	 9.03287921359892109762768e-01	-4.28960689871014599905408e-01
-1.06237818366245184709129e-01	 9.03950571247015166598260e-01	-4.14230480156851821327280e-01
-2.20861642349398090701129e-01	 8.91217475125358760124072e-01	-3.96171108196833376968726e-01
-3.32640306727340850923014e-01	 8.67193324723109615348449e-01	-3.70575449667162881706162e-01
-4.44970400963566437013696e-01	 8.20942981635923052508019e-01	-3.57846284274468240393929e-01
-5.41971403781480454142638e-01	 7.59961067950674196147531e-01	-3.58784298266245860187240e-01
-5.68205336594191035004542e-01	 6.84196900692173981539668e-01	-4.57184094812041530442315e-01
-6.50678679087903333311260e-01	 6.10363048821695897139250e-01	-4.51745730708664638974881e-01
-7.25845648329909609586252e-01	 5.28793719721318722370995e-01	-4.39915101791044094170502e-01
-7.93366426588957618371012e-01	 4.40557747209147032574350e-01	-4.20093542601489622345667e-01
-8.52292416387372853137094e-01	 3.45916897624503505426219e-01	-3.92350782981775392244117e-01
-8.68341281071998039031712e-01	 2.40346435681619230440020e-01	-4.33839844229852500401279e-01
-8.94317097432964835945768e-01	 1.10266393591160305476251e-01	-4.33633775994763215333450e-01
-8.91440410717373676874331e-01	-5.29136450142912370675496e-03	-4.53107046515228262251185e-01
-8.76905748413650432127042e-01	-1.18031816628783231548638e-01	-4.65945059703829600472602e-01
-8.51312389742486241850372e-01	-2.29648479611447187132001e-01	-4.71729573890685982551219e-01
-8.15186611480228529025283e-01	-3.40534287649526257180099e-01	-4.68515941456011164589768e-01
-7.68397371248395244514029e-01	-4.48217545611964252039172e-01	-4.56800297355575923852200e-01
-7.11639760493688711129323e-01	-5.50393244497608513654541e-01	-4.36618973128609089151553e-01
-6.43213006440327195178952e-01	-6.46184078431843333945039e-01	-4.10759254463225753628564e-01
-5.64613009469828397435265e-01	-7.32749521318340479858477e-01	-3.79855615392436452015801e-01
-4.79270501664409598330252e-01	-8.07382139825072675520801e-01	-3.44142218458926840707335e-01
-3.84666177113447638191701e-01	-8.24229644270270789263577e-01	-4.15544733682221834047965e-01
-2.86128032748887151104356e-01	-8.25807665648766286992100e-01	-4.85975769180920447176675e-01
-1.88808348396508618449730e-01	-8.73207439114197403462470e-01	-4.49288521833585308140613e-01
-8.99672689039266587629484e-02	-9.08980912320173972673842e-01	-4.07013011540851288305731e-01
 2.92459503669320330931924e-02	-8.86639316004798838655176e-01	-4.61535911605670701174375e-01
 1.22231402166930611108420e-01	-9.16659153901519863083536e-01	-3.80520012473530344632167e-01
 2.29628061999461147157930e-01	-8.96102149901054301217584e-01	-3.79831396918527686157319e-01
 2.75493654727866854603491e-01	-8.42425427407135885005118e-01	-4.63057928841076549275613e-01
 3.86102061886215874864092e-01	-7.96007843085565824914340e-01	-4.66150953612108565060623e-01
 4.87415677789380663575969e-01	-7.38349455331959059201097e-01	-4.66118052488978640290895e-01
 5.81341927828666449329376e-01	-6.70560826254736452867178e-01	-4.60857614932220494008419e-01
 6.68863687440062415490161e-01	-5.93790156279254799365219e-01	-4.47252297847580415623980e-01
 7.51387398474355761024412e-01	-5.11273370107909186366157e-01	-4.17152871777769995720320e-01
 7.62132571880781761741730e-01	-4.18065025925186517508081e-01	-4.94343581910960228054108e-01
 8.23828094615862038807563e-01	-3.27395420886320231979028e-01	-4.62730492732289666601986e-01
 8.80508099095881235918171e-01	-2.35516993061805679499088e-01	-4.11384532287838056152651e-01
 8.15580892339406116064993e-01	-1.03331497321835732994266e-01	-5.69342084964817751746580e-01
 8.62571331877426406009590e-01	-1.06616725257258366382773e-02	-5.05823117465144078686023e-01
 8.43512945167065764096037e-01	 9.95517662668784358848129e-02	-5.27802384580372763167588e-01
 8.15007196392284249952809e-01	 2.07853271980094539417294e-01	-5.40888423943383656045114e-01
 7.77207913593139676500243e-01	 3.14072809950356635066981e-01	-5.45257855604196040033571e-01
 7.26249257684598359396944e-01	 4.17223818786017330850768e-01	-5.46338998013305210399437e-01
 6.67716264326238762016885e-01	 5.14462243932445884020410e-01	-5.38036792349933179480104e-01
 6.01813941657083129044281e-01	 6.07450658759693729038531e-01	-5.18482089179153060598537e-01
 5.02558358413799810548994e-01	 7.00310803478772392338669e-01	-5.06951550859984223507126e-01
 3.95889617990066000619009e-01	 7.53211008332054454683657e-01	-5.25304280674629087144467e-01
 2.87085411013132951740801e-01	 7.95473327852012079830502e-01	-5.33670452113910620539627e-01
 1.75764010793120428743919e-01	 8.27789254092272330787239e-01	-5.32796361961373809990050e-01
 6.16178400014236737902706e-02	 8.49032095487392668431426e-01	-5.24735878919905696093906e-01
-5.68117336723811330867484e-02	 8.54383168757483657529406e-01	-5.16528632179339863839118e-01
-1.68537118793315982001602e-01	 8.49925702542473016087854e-01	-4.99220932800830685671656e-01
-2.81512473627551496058175e-01	 8.31048977051039639007968e-01	-4.79696075587989212429818e-01
-3.82785074499678690251869e-01	 8.03926778644481143665246e-01	-4.55167355286583530382671e-01
-4.78163207929512334981581e-01	 7.48820259801780574449026e-01	-4.58942442026178121228241e-01
-4.85266214825764485851778e-01	 6.79470487157754710061397e-01	-5.50305876608889854573192e-01
-5.76807531273623497192204e-01	 6.05441269842282858704152e-01	-5.48392141298352453482323e-01
-6.59200426290081020752609e-01	 5.24049818430000313718153e-01	-5.39283400247457356257996e-01
-7.33831333483594971944797e-01	 4.35652615822753663810118e-01	-5.21246939870615544343480e-01
-8.01592369186924447177489e-01	 3.39652358433416456939824e-01	-4.92022305461766340517471e-01
-8.42121916384191759874511e-01	 1.69681264118918789796098e-01	-5.11897398462252573025921e-01
-8.40837085838653242042540e-01	 5.83333668191532081492845e-02	-5.38135868897347990902347e-01
-8.30783211658228992746444e-01	-5.15355503120147051543398e-02	-5.54205144581747854992670e-01
-8.11077294108404789341193e-01	-1.61314901570594304569539e-01	-5.62255391715417496278917e-01
-7.81499639549684266270901e-01	-2.71017643446968381493178e-01	-5.61967748473313433166254e-01
-7.41612519297508598903335e-01	-3.78747130854897640084289e-01	-5.53679945537478901407269e-01
-6.91232211699108201052866e-01	-4.82421676776345453863115e-01	-5.38021705218161838679691e-01
-6.31907960915701227833097e-01	-5.80401837644847207187127e-01	-5.13639986556581495946716e-01
-5.59697613834288398848571e-01	-6.72191681023358134083878e-01	-4.84661660368546021171454e-01
-4.76222367856695694143809e-01	-7.54521469227809049584721e-01	-4.51563515828361017323545e-01
-3.80383484709464203543661e-01	-7.65959136169578780339862e-01	-5.18280817972879837007838e-01
-2.74422909805946746431005e-01	-7.63925111580851856629693e-01	-5.84046650936224764905091e-01
-1.76725789150846163133579e-01	-8.16521023033825454895407e-01	-5.49601141185865671445754e-01
-7.55501943153992494561777e-02	-8.57620541464710894885570e-01	-5.08703425383279506100109e-01
 3.63526590415496550501295e-02	-8.30833259549851432801404e-01	-5.55332854247232665656497e-01
 1.41418999853347132633630e-01	-8.65308010072527444833668e-01	-4.80877026052193179417316e-01
 2.09249102508305584446902e-01	-8.11983639684635494226939e-01	-5.44882906672581102114350e-01
 3.18309547590532926353291e-01	-7.68329866232893010646876e-01	-5.55291138563596131660915e-01
 4.20456503666094216775662e-01	-7.15514678085629407533474e-01	-5.57902387491666873486906e-01
 5.16059256846705505239470e-01	-6.52343354390612084614531e-01	-5.55095479539538860791481e-01
 6.05868485620761121346334e-01	-5.80251990492479441385854e-01	-5.44271077369651634647596e-01
 6.89887702329486929286873e-01	-5.02028857090254687634001e-01	-5.21557268977428933887097e-01
 6.99052497127918059938168e-01	-4.00415093484059569917122e-01	-5.92446925191931317300487e-01
 7.66225478667170833979583e-01	-3.11320080097392759554964e-01	-5.62119492251796804005437e-01
 8.26586084520663622043912e-01	-2.19819973094260101564856e-01	-5.18106769214258577882504e-01
 7.49046180468259437112977e-01	-8.01042568919024117191086e-02	-6.57657302516826081095758e-01
 7.98094791314691520689450e-01	 1.23364013543622412505396e-02	-6.02405608604355102819738e-01
 7.73227952211873570398382e-01	 1.23020554086112246516826e-01	-6.22080764202349256741797e-01
 7.40044826665266275433908e-01	 2.31169907838551430545593e-01	-6.31580658535306871392834e-01
 6.98348706673350583251647e-01	 3.37192782589590622777109e-01	-6.31355772332167441973638e-01
 6.39368082990284469779851e-01	 4.39813088263566132063431e-01	-6.30692398753459948501643e-01
 5.79227974555792890498651e-01	 5.29970712855770464955185e-01	-6.19375489511120758123752e-01
 5.18448504265919485334280e-01	 6.22215261401644514904774e-01	-5.86565697005300701327712e-01
 4.23564403808542155882577e-01	 6.73451469408520075887736e-01	-6.05851726231608211925561e-01
 3.22413722766085708570927e-01	 7.16715201015058589462114e-01	-6.18359694681063221111117e-01
 2.16280253596738220034368e-01	 7.52872319703370651566843e-01	-6.21615735103766775537792e-01
 1.05993928479591131841531e-01	 7.80366371411454817774711e-01	-6.16273976000595524737946e-01
-8.94490225395790962414910e-03	 7.97105779198528430207205e-01	-6.03773438875853329932397e-01
-1.33820468696713046341529e-01	 7.92102294747829227539171e-01	-5.95538442766724629429120e-01
-2.47063899234004513694174e-01	 7.83655357748111458526807e-01	-5.69950620640041982767343e-01
-3.80541680228699885635280e-01	 7.45580901110523552866027e-01	-5.47080569484914125411024e-01
-4.09939875606854908784982e-01	 6.57049425597764913398180e-01	-6.32641565745631129225046e-01
-5.00022607326963353102656e-01	 5.88008780076647585843830e-01	-6.35785393599694326205451e-01
-5.83185882187298276768672e-01	 5.12019833252190359473843e-01	-6.30658320466654931379935e-01
-6.59293548477145052721937e-01	 4.29772380699981693119582e-01	-6.16950336513308439378989e-01
-7.28215728575410614631380e-01	 3.42635049376604827742199e-01	-5.93551240916970535010933e-01
-7.90534814144252639955823e-01	 2.53627210196325336699630e-01	-5.57429767660411856766700e-01
-7.80468994997019605008859e-01	 1.42000957537669086905296e-01	-6.08854560553443779902238e-01
-7.73703420992331691863342e-01	 2.99831296385146099658936e-02	-6.32838074298507358150800e-01
-7.59355799764500849491355e-01	-8.08770265066524468577924e-02	-6.45629673998537545465126e-01
-7.36306140613065318589747e-01	-1.91232642120557128073699e-01	-6.49063435946813926946675e-01
-7.03294179261697682825627e-01	-3.00151941065107230599551e-01	-6.44426962262957814253639e-01
-6.59921073631555943350691e-01	-4.05896121567651979589186e-01	-6.32259847747199787981742e-01
-6.06093592052669216663219e-01	-5.06789630427626702768862e-01	-6.13037379091782907991615e-01
-5.44894071153772308058194e-01	-6.01543604647588159295424e-01	-5.84153869223729582671467e-01
-4.68598023771392757641507e-01	-6.89694476621557472917345e-01	-5.52030271846808529012662e-01
-3.68190706330877803864610e-01	-6.99590745825299675786368e-01	-6.12379287800600247138050e-01
-2.62312072306308541325137e-01	-6.88784994278433537751027e-01	-6.75845846609438249963375e-01
-1.68098259586607762239296e-01	-7.46590312092559438283956e-01	-6.43697041327275454314361e-01
-6.83085585230513714360967e-02	-7.93766844433264728841948e-01	-6.04374170122251586079187e-01
 2.49362543671081404728085e-02	-7.53838340821098906729958e-01	-6.56586581591667717283656e-01
 1.21978861672344965350057e-01	-7.87330199309277167785126e-01	-6.04344532994824934490907e-01
 2.32640030269817249530817e-01	-7.37503348460512353490515e-01	-6.34009012022377027584241e-01
 3.40138457761482659869046e-01	-6.87293367917569897329599e-01	-6.41820579265081070374777e-01
 4.39995652703764672519782e-01	-6.27650997295822854482594e-01	-6.42228971002824722269509e-01
 5.34115471592913060305818e-01	-5.58907480347793472752471e-01	-6.34305203680658014064875e-01
 6.21625328796969300881869e-01	-4.82825810111094877452587e-01	-6.16815359478527280856497e-01
 6.26798710745146703260389e-01	-3.77853556512923016708072e-01	-6.81432363509950511648583e-01
 6.99481902050013704119635e-01	-2.90237466025216162002209e-01	-6.53059937540005908118701e-01
 7.64216369357625602276585e-01	-1.98693238060366206276797e-01	-6.13591344426350326912711e-01
 6.73456989735273015007522e-01	-5.60647331613229535363097e-02	-7.37097299325030874683762e-01
 7.21910060705361011912373e-01	 3.76012825779580284191184e-02	-6.90964548874162365343921e-01
 6.91278169891789140422134e-01	 1.47586480473444414673878e-01	-7.07356149766523500943549e-01
 6.54069669303985579134064e-01	 2.55690326303498638438327e-01	-7.11909632419301829919789e-01
 6.08773901922793569951864e-01	 3.63996661230656826102603e-01	-7.04911885947904548466170e-01
 5.29620159039232873965375e-01	 4.70655563828828227279644e-01	-7.05681108841823445665398e-01
 4.72903715471909069645307e-01	 5.67031058263559706311696e-01	-6.74416677475706771716091e-01
 3.70619424272651987184446e-01	 6.18786797624104489834451e-01	-6.92635648402472492435322e-01
 2.64096998349092837443663e-01	 6.61749336174021540735168e-01	-7.01669859361396031083302e-01
 1.54410751151301067762844e-01	 6.96140521367029752042299e-01	-7.01103198138284922080743e-01
 4.21476868954913513887206e-02	 7.21235875964317818542781e-01	-6.91406091751687434943108e-01
-7.38259579322970149739547e-02	 7.36128071313673748576889e-01	-6.72803976325489272447555e-01
-2.05384733900501409431527e-01	 7.17274822551607793563733e-01	-6.65833267428250330510764e-01
-3.10297953333712572820957e-01	 7.15080185493467967994263e-01	-6.26398841371483383611007e-01
-3.12314151218864854975266e-01	 6.37177123845067527874164e-01	-7.04602855371000758033517e-01
-4.09961618511333891756721e-01	 5.68047222133915230557477e-01	-7.13620224470628450319509e-01
-4.98371252988149660012596e-01	 4.92655568638289520499995e-01	-7.13383897270400413326286e-01
-5.79284323969091463624181e-01	 4.11456720596473868312160e-01	-7.03656904378595515758832e-01
-6.53101269556043861896910e-01	 3.25090756418113024928118e-01	-6.83940590837963657833143e-01
-7.20511059222202709939609e-01	 2.34947707870225175330603e-01	-6.52428837579261955426091e-01
-7.08465084970465563962705e-01	 1.21338843779706037628863e-01	-6.95236728293316730287188e-01
-6.96948633894578062353276e-01	 8.57676725076360682575860e-03	-7.17069760048495985493844e-01
-6.79270362302809349586141e-01	-1.03045247270593928745619e-01	-7.26617816951905304279080e-01
-6.53364760384767984113807e-01	-2.13528830144868592144647e-01	-7.26305671590356416444934e-01
-6.17021116197079555476535e-01	-3.21850416703112707228485e-01	-7.18120638496724250643410e-01
-5.70075596926944982989482e-01	-4.26254821348212187270832e-01	-7.02367881573318419974328e-01
-5.12415664760028088942079e-01	-5.24903147850900753113024e-01	-6.79637309073563122829853e-01
-4.49983827370094735531580e-01	-6.16572280040616593765890e-01	-6.46028775358247098203890e-01
-3.46268516487806821135820e-01	-6.23784644285391931539664e-01	-7.00707379754973547214547e-01
-1.77787794704768936648875e-01	-6.55525004848201087170878e-01	-7.33947183435416428132214e-01
-6.53617835807267510972451e-02	-6.26785706967009748069586e-01	-7.76445435809247297420654e-01
-7.54108820568498428027482e-02	-7.11035211042748360732446e-01	-6.99100942300038941112916e-01
 3.56573547085289044300538e-02	-6.72359230381961547884373e-01	-7.39365686501183727585840e-01
 1.35353125417949970987763e-01	-7.08979797175591786029258e-01	-6.92117893596495448171879e-01
 2.48429659410799391627833e-01	-6.55576717620135140940363e-01	-7.13093171780128431969104e-01
 3.53098731167365287308968e-01	-5.98086870510905144193714e-01	-7.19453529681013170815618e-01
 4.52536302356458641771297e-01	-5.32624725857305025833455e-01	-7.15207519853485962357809e-01
 5.44209229646292480531145e-01	-4.58788514073891318112430e-01	-7.02388363885436128875028e-01
 5.45083150696103579946339e-01	-3.52218190126909247439357e-01	-7.60806614962655003431280e-01
 6.23251936708729137315288e-01	-2.66419380406170136499355e-01	-7.35239918076277199077140e-01
 6.92714356976944278798669e-01	-1.75482865818534644608562e-01	-6.99537406749727086463508e-01
 5.90030386511527504822539e-01	-3.13426308041024892503401e-02	-8.06772447774051881808077e-01
 6.33624281665773780858331e-01	 6.29214639345956616711675e-02	-7.71077920225874291482171e-01
 5.98848905125453856435058e-01	 1.68621886033952617101050e-01	-7.82909093305472980617310e-01
 5.60737716250866657929919e-01	 2.74736339116994632281177e-01	-7.81084603319227022133475e-01
 5.17941298281438644579566e-01	 3.81337275655110108374402e-01	-7.65714498837834600664110e-01
 4.14662140045344518313186e-01	 5.14231645728256747673868e-01	-7.50747044046544131923326e-01
 3.05528682887107827514939e-01	 5.62854323948150936374191e-01	-7.68015126118059554549689e-01
 1.95888001796263422349398e-01	 6.01794509711857994460615e-01	-7.74255293060971849783414e-01
 8.56733848976754946979995e-02	 6.31781256556713466387976e-01	-7.70397634331644876048983e-01
-2.49462664814818768643789e-02	 6.52956841398986798097326e-01	-7.56984178869607338135950e-01
-1.36716045256553203612881e-01	 6.66808202106187852820085e-01	-7.32581425217239234903843e-01
-2.25325229379628844128547e-01	 6.09194087126872285686829e-01	-7.60336179077830576211738e-01
-3.18028093242668508100479e-01	 5.38915567637219816710115e-01	-7.80018040090538988806657e-01
-4.07969347904303225593736e-01	 4.66663144139473851090827e-01	-7.84720664359234376661334e-01
-4.92042215365735668974878e-01	 3.87713211235277799282528e-01	-7.79469642854426991718242e-01
-5.70034021493251663592616e-01	 3.03090702420576452169598e-01	-7.63673516920963413312506e-01
-6.42296552369159612361216e-01	 2.14067055717996279629034e-01	-7.35955456852464440231643e-01
-6.26744678228835505606753e-01	 1.00925490986057672659904e-01	-7.72661085846218065320556e-01
-6.11315689961855701639593e-01	-1.16962001381980366943036e-02	-7.91300401938977771010286e-01
-5.90757683184675919108031e-01	-1.23321591316969139673354e-01	-7.97368888829583344346474e-01
-5.62139189779889414388947e-01	-2.33623573144092988584930e-01	-7.93359664581579360209673e-01
-5.22161285342903958017757e-01	-3.41465196101886969692885e-01	-7.81504390224486589211494e-01
-4.70962683131772863465159e-01	-4.44625021128592867736273e-01	-7.61907305178077254304014e-01
-4.07764450050121074475840e-01	-5.40166790478261438224195e-01	-7.36171170136223462776570e-01
-2.78150612388344264935824e-01	-5.76395828130433551805822e-01	-7.68374964546490790695543e-01
-1.67176455455113254222610e-01	-5.71224109372934996109450e-01	-8.03588856077883995077116e-01
-4.66477904816993624304011e-02	-5.35991741192177073571656e-01	-8.42933471287594549004041e-01
 5.19277050867709769055303e-02	-5.83705439111685042696820e-01	-8.10303322093557931715679e-01
 1.50877253673177391668503e-01	-6.23198514467035336039658e-01	-7.67371921489260588877812e-01
 2.57745115682304459792107e-01	-5.64208942568376059512048e-01	-7.84369635100563122875883e-01
 3.62776845283545645859391e-01	-5.01431776141944118840854e-01	-7.85467462344083044989418e-01
 4.58024980847615059698086e-01	-4.30240022160050972210854e-01	-7.77886007234517951047792e-01
 4.54697231688918512837461e-01	-3.21685849707090520954722e-01	-8.30523113220012376700652e-01
 5.37603772308062999307765e-01	-2.40682711866640475228962e-01	-8.08117575733048876251985e-01
 6.12250443346030959190784e-01	-1.51124238630944152106395e-01	-7.76086888898921078983051e-01
 5.01723320950672846407770e-01	-7.43034119767922631577539e-03	-8.64996242329360898182244e-01
 5.30735588427437510183893e-01	 9.31970065718111945196611e-02	-8.42397799820628345734974e-01
 4.94596275216967806720447e-01	 1.98804990841315087912733e-01	-8.46079842661486725141629e-01
 4.55481387180517893753517e-01	 3.06166548917114089700675e-01	-8.35941834254211535437662e-01
 4.24255620203868144546533e-01	 4.19230434391173356623028e-01	-8.02653730823958411200181e-01
 3.22414658472853665749369e-01	 4.64104133366509130631528e-01	-8.25018873356212711911439e-01
 2.16655953140596463368794e-01	 5.04193037984380310057020e-01	-8.35972235434180643842694e-01
 1.07838403487636652622328e-01	 5.36673092313173394352077e-01	-8.36870880554613227886307e-01
-2.84095154104217501728202e-03	 5.61458910085603002393384e-01	-8.27499740954538598458612e-01
-1.15055100986772324000995e-01	 5.79617543599102336138174e-01	-8.06725372657304262702382e-01
-2.11822100308088817621766e-01	 5.14076709740909576495937e-01	-8.31177799464729694101095e-01
-3.04817924139802576277702e-01	 4.40680440981279120116199e-01	-8.44326229640917413910017e-01
-3.93779377465692304038924e-01	 3.63694876364483221653501e-01	-8.44194194950993015424956e-01
-4.76942242366976021372693e-01	 2.80384138911545566230643e-01	-8.33013104394397907448422e-01
-5.54484113920838184164097e-01	 1.92320487602094941648190e-01	-8.09666719989104777255307e-01
-5.36074913882121584229878e-01	 7.96046926313359326510266e-02	-8.40408697966261386547160e-01
-5.17572357113653236382333e-01	-3.31219757685781504563671e-02	-8.54998122730689313897301e-01
-4.94426634410654930462670e-01	-1.45140753283144463559040e-01	-8.57016023725200914995526e-01
-4.62989108996292197950595e-01	-2.56020440138296112575489e-01	-8.48583890480023694813383e-01
-4.18391127309411081647283e-01	-3.65016704177530293407017e-01	-8.31692052541163739931562e-01
-3.60259838785782160464066e-01	-4.71108908762620015586720e-01	-8.05151690454994684031931e-01
-2.55861360557512629299026e-01	-4.87391257449538262136457e-01	-8.34856111156537128437094e-01
-1.42337183107652531788290e-01	-4.79987109217295981888896e-01	-8.65651489509607463546104e-01
-5.36730182448570958264611e-02	-4.27082201480083689659750e-01	-9.02618413445799738781261e-01
 5.32702007895261286929411e-02	-4.82901126335921471177670e-01	-8.74053080705824325669084e-01
 1.57102773665530326407946e-01	-5.27385778401245675084397e-01	-8.34974825516739516118037e-01
 2.67314774562907420119018e-01	-4.65796245222598548352266e-01	-8.43550039557174557991459e-01
 3.64770228892077552629303e-01	-3.96237961810631034165198e-01	-8.42578279885126346648860e-01
 3.57560069642507361020733e-01	-2.84665758488794551350765e-01	-8.89447133078321017229939e-01
 4.43219143260513648296950e-01	-2.08596740390965540434820e-01	-8.71805133585298652754147e-01
 5.22942680306330065498344e-01	-1.26294394268140874881823e-01	-8.42959476541117469494679e-01
 4.12212453529564315513056e-01	 3.19284864753153208027925e-02	-9.10528124171094632721690e-01
 4.16256758023208495167466e-01	 1.36969060920907825806836e-01	-8.98871396669430500203646e-01
 3.78973378045745323827731e-01	 2.42489133573601994831037e-01	-8.93072336841378433547334e-01
 3.48723565037824367873753e-01	 3.53799005861801962868896e-01	-8.67881408165027568024641e-01
 2.40074051309257852082624e-01	 3.98201285642511448870096e-01	-8.85324904202186457879975e-01
 1.29241074689941226605328e-01	 4.34846141302938915540466e-01	-8.91182123926940961133880e-01
 1.64428564224396132897876e-02	 4.63753479885603947519002e-01	-8.85811685611938459672388e-01
-9.79089446170018501414134e-02	 4.86310891824933366756056e-01	-8.68283107665018816234692e-01
-1.94119194055212329619309e-01	 4.15661533254575665807806e-01	-8.88562450406165882377252e-01
-2.86664492925468528117250e-01	 3.38535430946693749465481e-01	-8.96223872974560187287807e-01
-3.75069063275547787128517e-01	 2.57455968676512547688162e-01	-8.90527721054455323468346e-01
-4.58112808539141436181552e-01	 1.70328275592256855874851e-01	-8.72422451101614093715853e-01
-4.37741203273209256163767e-01	 5.83926397292423363105662e-02	-8.97202841381130489217810e-01
-4.17066132029859981678044e-01	-5.36986276158102002198369e-02	-9.07288432035717185009105e-01
-3.92038476886890530082042e-01	-1.64982104728075229527207e-01	-9.05034108616742605235572e-01
-3.58981498427533074480067e-01	-2.74913857554190677046080e-01	-8.91938705691931121855021e-01
-3.11953590182450335444031e-01	-3.82602352067480999675553e-01	-8.69655332740914777112096e-01
-2.00236285607086977877955e-01	-3.94782024234497208592387e-01	-8.96689792106272531846400e-01
-2.59514971337224571723556e-02	-3.30243408240152636068387e-01	-9.43538982295086037233034e-01
 7.02372853447252865066730e-02	-3.82653128033353662207361e-01	-9.21218382010310143925835e-01
 1.68901208208030034763070e-01	-4.26923928120116480400270e-01	-8.88373987386144370326235e-01
 2.66465090225876499729907e-01	-3.57158454477956910366743e-01	-8.95228570861002492797809e-01
 2.56524015081270595484142e-01	-2.41507915528845984454165e-01	-9.35878921882257075459677e-01
 3.43250767110642229784645e-01	-1.67853426490697454909196e-01	-9.24123443103402553155945e-01
 4.25925523699094421559153e-01	-9.17229570723313708535684e-02	-9.00096854459318418406610e-01
 3.11598054657736600603357e-01	 7.24430065197754075034808e-02	-9.47448501576676815894018e-01
 2.95413469943911655146707e-01	 1.79385514088575337421361e-01	-9.38377173161663802325450e-01
 2.65696191507853396451821e-01	 2.88696449442325642209539e-01	-9.19815141154795790079390e-01
 1.52448023889356770732562e-01	 3.28336938319876703307187e-01	-9.32177265838938784447976e-01
 3.78958852164030524090066e-02	 3.60995366688100782770476e-01	-9.31797320833983255816690e-01
-7.81168258552453198539922e-02	 3.87571573156733462095502e-01	-9.18523835944999422764567e-01
-1.73542229166827294273290e-01	 3.13326921142723646696027e-01	-9.33653755512732774768381e-01
-2.65874496535520199458347e-01	 2.32720869317050632618660e-01	-9.35495456470153197159334e-01
-3.54216555260565613139079e-01	 1.48476232482093295494963e-01	-9.23301381114131181071514e-01
-3.32590003285771984575803e-01	 3.78667218326575669151701e-02	-9.42310989584658420525898e-01
-3.10343769450237394469383e-01	-7.28004628912699708331857e-02	-9.47832705368534256251678e-01
-2.83909344248557071743733e-01	-1.82427736438296517196278e-01	-9.41337136857116507648868e-01
-2.49895075460089044483425e-01	-2.90359392891477496867481e-01	-9.23712008269075735000797e-01
-1.34217812837777533685468e-01	-3.19689757381176664630118e-01	-9.37968036631636969957526e-01
 6.45325452656634740433717e-02	-2.62303781873362340526512e-01	-9.62825153709886749631153e-01
 1.65797835547173311177005e-01	-3.13245526034095445044869e-01	-9.35087331829222878631924e-01
 1.53916909293059983587781e-01	-1.92695216388614198876894e-01	-9.69112036151970057673566e-01
 2.41698704673555309074828e-01	-1.20287745713586538554019e-01	-9.62866862234997178404683e-01
 3.27507185047058224647287e-01	-4.56887805280393327622690e-02	-9.43743386242474779912470e-01
 1.99558056277615053497598e-01	 1.09788563694093205258540e-01	-9.73716105164481815492650e-01
 1.78092715962276298968803e-01	 2.19133590956765156310126e-01	-9.59303629637443422417675e-01
 6.14059446366807537565080e-02	 2.54360320946309115264228e-01	-9.65158089170560562486401e-01
-5.60843484837995204239647e-02	 2.84354509686941092638790e-01	-9.57077352503885703249864e-01
-1.51689897402252305003145e-01	 2.07806426323132148459294e-01	-9.66336724027863414043793e-01
-2.43937396440073395176285e-01	 1.23980312922466903713392e-01	-9.61833368430148549776959e-01
-2.21552199682807454683697e-01	 1.33981844461970103776771e-02	-9.75056465785061665663136e-01
-1.97912142688829950643026e-01	-9.75553564753346980076287e-02	-9.75353134100304552944749e-01
-1.69952896179623030858963e-01	-2.08193558894354008304006e-01	-9.63208936376247271127227e-01
-5.54990787903495846888902e-02	-2.23993698274696673156114e-01	-9.73009082890106902219429e-01
 3.77360541523200226921020e-02	-1.51480554795116129085386e-01	-9.87739657873458742898265e-01
 1.29914927348039221932652e-01	-7.82483783240130875702434e-02	-9.88432750844394081291000e-01
 2.20604711133002284739746e-01	-3.19531437266239951716651e-03	-9.75358063170641220729351e-01
 8.37266622566876644873091e-02	 1.45503631622788842658878e-01	-9.85808571281430179311656e-01
-3.38366591499287758249004e-02	 1.77842529345733829648779e-01	-9.83477053750357432804208e-01
-1.29462431212606948749411e-01	 9.99035270884999770935053e-02	-9.86538779866153237030346e-01
-1.06777779206992357030614e-01	-8.98138141316993585117068e-03	-9.94242345032404051252684e-01
-8.26708874349385419710856e-02	-1.17272996822456315735295e-01	-9.89652751517924977875396e-01
 1.22281831794442182731464e-02	-4.13372919099820879118568e-02	-9.99070417855357773007086e-01
 1.06239776150483522521029e-01	 3.43787861193727145581178e-02	-9.93746048559919326059742e-01
-1.13029271041896264837767e-02	 6.88321311778120892288513e-02	-9.97564224276511368749709e-01
