 2.08816266133639745483652e-02	-5.96489670976987559902760e-02	 9.98000981158915334567894e-01
 9.52366547996823242794306e-02	 9.09001317762142407863379e-02	 9.91295690309219934555074e-01
 1.11038214010512285151444e-02	 8.40647484171691827814499e-02	 9.96398425944085674998973e-01
-1.57099100043396472381474e-01	 8.04115884658585244881834e-02	 9.84303738287096052772540e-01
-1.11165971593005383222241e-01	 7.21722988950480176528757e-03	 9.93775647896699698691236e-01
-6.35441711273995596398478e-02	-6.35714704103119421230161e-02	 9.95952210934642478967760e-01
 6.70367198014342607903515e-02	-1.30907732652909891690740e-01	 9.89125494429265339491053e-01
 1.90228079173600211904116e-01	-5.41961093125746806720144e-02	 9.80242857474259765560021e-01
 2.58872438940796922857146e-01	 9.32451178955666926118084e-02	 9.61400233173200891023669e-01
 1.31472110639441974733188e-01	 1.69651898292007635715706e-01	 9.76695099573008373994298e-01
 8.54894012036890582617588e-02	 2.33594823900895892654361e-01	 9.68568541987888331767920e-01
 2.66517708102078365595133e-02	 2.92951002795789727795039e-01	 9.55755927563947338398975e-01
-7.73224187533910617409205e-02	 2.30517067480827481107397e-01	 9.69991301588918886089630e-01
-2.03260209984621659229376e-01	 1.48918312610436115450696e-01	 9.67733756363943320444321e-01
-2.74816575858577605284694e-01	 2.42930265720245688876311e-03	 9.61493602746251507795705e-01
-1.84891348994391385707203e-01	-1.39958201400112253187658e-01	 9.72741944673858438541458e-01
-1.01040172571769726328483e-01	-1.37248841208672089919673e-01	 9.85369798153740705792814e-01
 2.93381019546614420223651e-02	-2.04207022281363781424091e-01	 9.78488000858812934090736e-01
 1.13969894591055109778210e-01	-1.98861893672588774251153e-01	 9.73378040830928159543589e-01
 1.52645714287562239697138e-01	-1.26232596656280615654566e-01	 9.80186011658528255630074e-01
 2.38744234600103522048187e-01	-1.21174177581186745533692e-01	 9.63492609796636534369441e-01
 3.55754342952788515930251e-01	-3.63262213054651103560921e-02	 9.33873253239376199807964e-01
 3.41332969412187881008691e-01	 1.03977866689671308297882e-01	 9.34173649398720384873229e-01
 3.11839514253917815533867e-01	 2.44928501349751109872344e-01	 9.18022955364649728693394e-01
 2.32334266322334809240502e-01	 2.28725207656296253277972e-01	 9.45360020349415131057924e-01
 1.10395088819877112973344e-01	 3.92844437368166432555938e-01	 9.12954638738059154334792e-01
 3.30311433945883331508853e-02	 3.66453460024010913009818e-01	 9.29849883154521217321076e-01
-1.21024954140543594682811e-01	 2.90883362641491949318606e-01	 9.49073142499384792003525e-01
-2.11899090418445817940452e-01	 2.82892429662703170922811e-01	 9.35452109260205832974577e-01
-2.50668540742046030977974e-01	 2.15400394396119854167893e-01	 9.43805039601002038196498e-01
-3.21927952111231374665579e-01	 7.40409673726523942516309e-02	 9.43864571217709391603989e-01
-3.85976220220868138088832e-01	-7.52778455057517975612669e-02	 9.19432217947589780493445e-01
-2.67912735404458535182215e-01	-1.44098939479519516648764e-01	 9.52606037063054911229187e-01
-2.56401595329887210805708e-01	-2.80637032161580923794730e-01	 9.24933012759209804976024e-01
-1.73155491558456914313879e-01	-2.80796466516056886231212e-01	 9.44018283792875556592605e-01
-4.38292379946451995942347e-02	-3.49335211239223342172266e-01	 9.35972172708813054953225e-01
 3.82038151137585463290591e-02	-3.45006613154074770477564e-01	 9.37822427430005767234888e-01
 1.59738030495886695891983e-01	-2.64572558246629840894570e-01	 9.51044227697181665526216e-01
 2.85747927668748791241171e-01	-1.87405682616499841275370e-01	 9.39801698208754587859914e-01
 3.20888491462445191171327e-01	-1.12379911612469907122858e-01	 9.40426143571588379899140e-01
 4.34326212555746604682128e-01	-2.32025867246424891132683e-02	 9.00456762457957138323650e-01
 3.89212183887711449248314e-01	 4.05455650489665100910663e-02	 9.20255362966289958137622e-01
 4.91317817503375997567616e-01	 1.33819118503282513676922e-01	 8.60638859061525152149841e-01
 3.86136684558944121015145e-01	 2.61112243199261240267361e-01	 8.84713997453005385196434e-01
 2.44551405491790635471361e-01	 3.00996345891499428315541e-01	 9.21735216768869380921103e-01
 1.77393213164103169532382e-01	 3.39672546204809522318868e-01	 9.23663471876016273220955e-01
 1.17975665212041599949622e-01	 4.68182173350773445097417e-01	 8.75720957254263021596330e-01
-3.05699191719609533746116e-02	 4.07688977668439200829908e-01	 9.12608994876492829462222e-01
-1.80463805228389534418554e-01	 4.20148321465223795190269e-01	 8.89330199066940996210917e-01
-2.47741190949674922050505e-01	 3.62454370027875005799700e-01	 8.98471553224993724207081e-01
-3.64885493598471610798839e-01	 2.96606712095194680056665e-01	 8.82543503121221872831370e-01
-4.04706118693714700373931e-01	 2.24836102939048348980933e-01	 8.86375588735977326670934e-01
-3.98287322801376630909687e-01	 7.73997819433068223737848e-02	 9.13989322831968542537595e-01
-4.28055239600654724441142e-01	 2.50616668880613386802270e-03	 9.03749097359966335751835e-01
-5.24963837395589716372513e-01	-7.45112650321869129932395e-02	 8.47856733658582051305075e-01
-3.86648103629070816200652e-01	-2.17853206213764388765597e-01	 8.96126790416638563385732e-01
-3.41097789176294796664735e-01	-2.86416486102041512040728e-01	 8.95331164825620806624329e-01
-2.06864433146945164709862e-01	-3.49776653528997893971564e-01	 9.13708596295803809894664e-01
-1.25390360940869194372738e-01	-3.50798222318185304313687e-01	 9.28018245834379973402406e-01
-1.14332933608991063612059e-01	-4.88243546416823326339340e-01	 8.65185656188708129832321e-01
 8.22805583427828751696964e-02	-4.10799528219193299527490e-01	 9.08005317899453712193747e-01
 2.03388461588660363066339e-01	-3.28444165107136643033670e-01	 9.22365201045483029673733e-01
 2.44134344224100768849794e-01	-3.90749627009784772369017e-01	 8.87532056301057026281853e-01
 3.75887076065080538711527e-01	-3.20524147411609172664271e-01	 8.69467179928779865250021e-01
 3.65330428709499999140320e-01	-1.78185851699811742543389e-01	 9.13664862032542712810823e-01
 4.76467795795982695938875e-01	-8.70216674291330316570736e-02	 8.74874659003889054709191e-01
 5.09682032746690549807056e-01	-1.01973380986239460510578e-02	 8.60302411824414026142449e-01
 5.37316094066377702986870e-01	 6.88673702388388347950254e-02	 8.40564512915955908134436e-01
 5.11816160827116672926707e-01	 2.12234644170185643430315e-01	 8.32466619949500108432972e-01
 4.05177886772710937890452e-01	 4.09201282551973688494940e-01	 8.17548280181800812727033e-01
 3.31875646155166348361121e-01	 3.94045717037543985483694e-01	 8.57080234501682247660881e-01
 2.62450955893194504131571e-01	 4.45101146876129838414471e-01	 8.56156799190605277694033e-01
 1.92492948930013091368707e-01	 4.90969540873183341034292e-01	 8.49644263528568033372323e-01
 4.46021341489945336022949e-02	 5.15005224307390263582818e-01	 8.56025857416380597797456e-01
-3.08152409394494182504065e-02	 4.83529677279608827156210e-01	 8.74785386318107871517213e-01
-1.03230235599533454182719e-01	 5.22175750170043362352601e-01	 8.46567188350940691421442e-01
-1.79565504096609263040563e-01	 4.88016281219352199283179e-01	 8.54164117136375966587991e-01
-3.20180041410747018293392e-01	 3.68335508048840354344833e-01	 8.72819394028693129605756e-01
-4.77843612053676758399945e-01	 3.58166206910077056235764e-01	 8.02111245805183226131874e-01
-5.18650499700898603983035e-01	 2.88279431337081282205048e-01	 8.04920262279424258977656e-01
-5.14702237099481152426961e-01	 1.50788666251250175198706e-01	 8.44004967553484752862403e-01
-5.43191001500533343637755e-01	 7.81943878656786300895831e-02	 8.35960031099070799420758e-01
-4.99074024705682794955663e-01	 3.18686914332449739567510e-03	 8.66553496172703163757944e-01
-5.66052900182393736727704e-01	-1.51578303297449201725300e-01	 8.10313601122779725294265e-01
-4.67609380116132733462564e-01	-2.26125233762869026765685e-01	 8.54522583834443572037287e-01
-4.47126906244157018566199e-01	-3.49198548260196584003268e-01	 8.23491289331890863323338e-01
-3.20271022104892000292864e-01	-4.10692202618176682715756e-01	 8.53673466325689522804510e-01
-2.71578528532535057316011e-01	-4.80711451641544107449278e-01	 8.33763517492089767380037e-01
-1.59369598275809487564203e-01	-4.19700971620923735105890e-01	 8.93561651799057221623457e-01
-3.48360599454287725440516e-02	-4.87046425203175759044427e-01	 8.72681057789319591933008e-01
 8.72421670014030953277384e-02	-5.43750356785803079517905e-01	 8.34700158016165261187780e-01
 1.24847220968876820856863e-01	-4.74240599615130653532447e-01	 8.71498149793233811699622e-01
 3.30315512425805424268077e-01	-5.01735621644497364890469e-01	 7.99470467386936944897968e-01
 3.26023488200384181645575e-01	-3.76725164425022684966393e-01	 8.67056420096520286122654e-01
 4.25161814490575440395048e-01	-3.83704505050735444893206e-01	 8.19761114168543358893260e-01
 4.80579956407997166412116e-01	-2.29739955280855667751894e-01	 8.46322904361236361125975e-01
 6.19120409422752482342389e-01	-6.20482176824923500890741e-02	 7.82840939986297112973546e-01
 5.79806965635817350701586e-01	 3.47187907836394270277847e-03	 8.14746481217225926307890e-01
 6.25720567757932388808229e-01	 1.59402632527816889851380e-01	 7.63586649849178678017836e-01
 5.78578846755788855915625e-01	 2.25054860006100587721534e-01	 7.83962261894267320450069e-01
 4.57780409005960009505287e-01	 2.75847859844321030564629e-01	 8.45189360646265930299137e-01
 4.75209438060617939125763e-01	 4.22832006303696883442456e-01	 7.71614595781664802665034e-01
 4.12557791659003525452931e-01	 5.45223937398336966353440e-01	 7.29744425555482134626573e-01
 3.43169808573311807542439e-01	 5.97693977759810590733025e-01	 7.24566347157671430956327e-01
 1.95422832057027651142533e-01	 5.59770237147630522756003e-01	 8.05274610499111864747590e-01
 1.22429039045604926005950e-01	 6.05594784261146101833617e-01	 7.86298981096926863365582e-01
-2.42159482742211884520600e-02	 6.22763793435369916728916e-01	 7.82035066627557395868564e-01
-9.74995376590887669054908e-02	 5.93034449666838381354239e-01	 7.99252138980318216354704e-01
-1.70423202337105145209861e-01	 5.60892351581376846780813e-01	 8.10157825391250141500166e-01
-3.06376364275936785563914e-01	 4.79127210015715843116624e-01	 8.22539141947430052503876e-01
-3.56740579640578425735242e-01	 4.23406856652688345921121e-01	 8.32744133919413265232379e-01
-4.32300022278919171547784e-01	 4.26668923352794937642329e-01	 7.94399345784355892519102e-01
-5.89984705540741338758437e-01	 2.80458137195794598994780e-01	 7.57140198713996182000585e-01
-6.24940854454726468780734e-01	 2.06971839609647906277345e-01	 7.52736066654172253365118e-01
-6.53393842832255877794978e-01	 1.31012480018773719292469e-01	 7.45595209365127242762128e-01
-6.32845085171321319883475e-01	-1.62963716571867013593877e-02	 7.74106921843044859521399e-01
-6.15759321882986876417476e-01	-1.95675206497878145794900e-01	 7.63250726220563002755171e-01
-5.70565392555367534299648e-01	-2.80362782897781881441546e-01	 7.71914401202588473793753e-01
-5.49535706745430285735665e-01	-3.56378020432444264642413e-01	 7.55648869227270481019332e-01
-4.61639260067236434359472e-01	-4.70351726534062097861977e-01	 7.52102683754686029971026e-01
-3.95504756429275960982750e-01	-5.10028851583915199263686e-01	 7.63836735300032265705283e-01
-2.74708883608653642305342e-01	-6.01048688742570558218858e-01	 7.50516823946887789986704e-01
-1.52873592997205681731643e-01	-5.52794424383411864276638e-01	 8.19175188183050795309725e-01
 1.06903199658550506628840e-02	-6.69864073232126489010341e-01	 7.42406789066406558319500e-01
 4.95076122240659874385038e-02	-6.09810982825800707018971e-01	 7.90999090743410793180601e-01
 1.73088838852066911888627e-01	-6.50864092702735153039839e-01	 7.39199693381354716592568e-01
 2.94502826374245518792350e-01	-5.69843833481382011640903e-01	 7.67167576674629758670676e-01
 4.09983108866496304134586e-01	-4.72054042729420142432417e-01	 7.80435026883707583245098e-01
 4.76464303269706179744247e-01	-4.38797515291336925891130e-01	 7.61865150983992767130815e-01
 4.96492613615571176666208e-01	-3.67164105021924036531544e-01	 7.86565702664837163027300e-01
 5.52353221228499613459917e-01	-2.10883909282021997366741e-01	 8.06494820692874703205177e-01
 6.83528745730204723152212e-01	-1.99215587476264277544402e-01	 7.02211936289166338553969e-01
 7.39670595484708481848202e-01	-4.78940492770237175035319e-02	 6.71262668572554344059711e-01
 7.27021771199737210089609e-01	 1.01009943553894782075631e-01	 6.79143825345438933993591e-01
 6.99893230566955626414938e-01	 2.45449807275772702297445e-01	 6.70748729342692473487375e-01
 6.52124939075992782200331e-01	 3.11060421815112120302871e-01	 6.91356982907771921986750e-01
 5.99202912375926266541626e-01	 3.74126295309638645658623e-01	 7.07803210615841282837835e-01
 6.03142777201406854459265e-01	 4.44421344143856422714833e-01	 6.62350707087372203574205e-01
 4.78958499684456695533186e-01	 4.91853882748444326544757e-01	 7.27102821893364614780353e-01
 4.11985233264354933080398e-01	 6.08176390519152731961583e-01	 6.78520188046907057888291e-01
 3.42128864404927623965591e-01	 6.59909716560756698378043e-01	 6.68929746781899536856031e-01
 2.71331826003261389335108e-01	 6.98039981257881692044975e-01	 6.62660716176258879350769e-01
 1.23930631232756285897700e-01	 6.68706750168581942617152e-01	 7.33125146834579743959637e-01
-2.32267286906092489118247e-02	 6.85979930163453710534327e-01	 7.27249650730253605068754e-01
-1.67374703882814529487533e-01	 6.88477673969230541395348e-01	 7.05679956457640811251508e-01
-2.42057755822062264927652e-01	 6.51724503664142473802201e-01	 7.18792886838840128227446e-01
-3.15890798440282005721258e-01	 5.46875454048197706669043e-01	 7.75332342431514165426165e-01
-3.88830571508266109592711e-01	 5.57088413036440632808421e-01	 7.33800576942465476726341e-01
-5.20380084546874122075621e-01	 4.85570041879387848116068e-01	 7.02443095229953740066264e-01
-5.92538499647860428254376e-01	 4.70759085524258102939399e-01	 6.53669648852864160204490e-01
-6.17868330791639830401607e-01	 3.42376317579327016371593e-01	 7.07825672722862342389760e-01
-6.56906368009575025723734e-01	 2.68673489370781448659642e-01	 7.04477522549724288758455e-01
-7.08560118945183003980048e-01	 9.61148960005306501885869e-02	 6.99074019405095170576203e-01
-7.25001804991371678887901e-01	 3.30328776670593118533481e-03	 6.88739044231691077690982e-01
-6.89111991271960322436030e-01	-1.38997376694364210836241e-01	 7.11199263749111798560421e-01
-6.81348701269872236707670e-01	-2.94847816503885751249214e-01	 6.69946798171876634064859e-01
-6.15183218531598519085435e-01	-3.37316722725279460881609e-01	 7.12577740465544118286800e-01
-5.33278361353186736160126e-01	-4.38968543617375195342589e-01	 7.23132634464038415167408e-01
-5.05942689848151494480533e-01	-5.13324590376286638004899e-01	 6.93195397780622002414930e-01
-3.98850383318381129793551e-01	-6.20104119225722727470895e-01	 6.75565876170541201872766e-01
-3.17514095890333136740225e-01	-6.44913813394037527260139e-01	 6.95176935897980463607837e-01
-2.35037162531186755165535e-01	-6.62216160916012763770766e-01	 7.11496513309057498908317e-01
-1.52626519584638270510268e-01	-6.70944318389491312082384e-01	 7.25629979493916055233171e-01
-2.89748684189722674475753e-02	-7.24702351840949776651257e-01	 6.88452582416755332062053e-01
 9.26628264611831231611916e-02	-6.63871916007329754272348e-01	 7.42083337455424540962667e-01
 2.16188865222098042240262e-01	-6.95173902889911543567791e-01	 6.85562265075017940318958e-01
 2.99632512487131852374489e-01	-6.74789873605008527768234e-01	 6.74447169125043655135698e-01
 3.82021514306262632842959e-01	-6.51029781180248012795175e-01	 6.55911416750424192123603e-01
 4.95007266679349799964882e-01	-5.58233383399274529779177e-01	 6.65840292858007942733423e-01
 5.93824904024622957088297e-01	-4.50687659211609470411020e-01	 6.66522780701836015104789e-01
 6.17921633163339034666706e-01	-3.73354714100515516772560e-01	 6.91938662547248006795542e-01
 6.25787012387425067849733e-01	-2.04960530130039036977863e-01	 7.52583414789373406073025e-01
 7.43176078589557698172996e-01	-2.02908532129668806032186e-01	 6.37587204860033840425615e-01
 7.16303154854205148538426e-01	-1.28490974052992229514913e-01	 6.85857025868238934229737e-01
 7.62126001363467198146395e-01	 2.99616881631353734749545e-02	 6.46735073494663081916656e-01
 7.42527986477573342938285e-01	 1.77990998350561618890353e-01	 6.45733221852283989505850e-01
 8.02342557069489203946944e-01	 2.57798795152725246371261e-01	 5.38317937963241788246194e-01
 7.08466453674701956977344e-01	 3.19045230208012342565382e-01	 6.29512053180166009092034e-01
 7.12184444438984987080232e-01	 3.90096339887809284707743e-01	 5.83625018916486548725686e-01
 6.03022720393694533491669e-01	 5.11741242315294941889192e-01	 6.11951386633437288686821e-01
 5.35832352515978938001240e-01	 6.28094927896725274685252e-01	 5.64252117007636333489984e-01
 4.69485928289685827685673e-01	 6.81393680362449849496898e-01	 5.61502996875428594947266e-01
 3.39902375310497495419781e-01	 7.19950481471766323693373e-01	 6.05093116377020012741639e-01
 1.96656432545827708491260e-01	 7.41432508061388939601954e-01	 6.41563779781984533379102e-01
 1.28842974453996811368128e-01	 7.82534034616635842951382e-01	 6.09130505393102650302239e-01
-9.82652483783885005719227e-03	 8.00188394252115520188795e-01	 5.99668219196108798207945e-01
-8.48447964437423207684219e-02	 7.76175490309688798085119e-01	 6.24782337105438734248253e-01
-2.22481099315039149155737e-01	 7.70097979472665339351067e-01	 5.97872279387236638115155e-01
-3.10561337681759030981965e-01	 6.70066817948572812646546e-01	 6.74212218089817016952736e-01
-4.30322761299849809724094e-01	 6.46000006237392287999910e-01	 6.30481017199218563007435e-01
-5.40162957212800831641175e-01	 5.36136461472984993115176e-01	 6.48676864343371240018143e-01
-6.13513181396745821416516e-01	 5.84643155858258545265471e-01	 5.30842685322629015409746e-01
-6.40256733540867539744568e-01	 4.01130245447483546605838e-01	 6.55107503653270750731963e-01
-6.82575719515828183148187e-01	 3.28665819293348482332817e-01	 6.52739738606193165004754e-01
-7.64952079306425392069002e-01	 2.03390029141337108642418e-01	 6.11130765393677610752832e-01
-7.92411116406607773932080e-01	 1.16817939164846062993774e-01	 5.98697078399846205343238e-01
-7.77390981642240519455811e-01	-2.39513138104757959678803e-02	 6.28561529389180750904131e-01
-7.86223912477376773999538e-01	-1.07644209542468602402998e-01	 6.08493782713302011622147e-01
-7.41448510419441486618553e-01	-1.63692535462436922211182e-01	 6.50737166781389708702932e-01
-7.78110402591214445067180e-01	-2.72020040921072236983491e-01	 5.66170732832982470661420e-01
-6.63545661336179759537401e-01	-3.71138314223206422504120e-01	 6.49587182014461084200718e-01
-6.41826623381823613279096e-01	-4.44924349067994440165563e-01	 6.24580586573668772309986e-01
-5.46337011836032448997003e-01	-5.53488474789401663223032e-01	 6.28622603613151142987192e-01
-5.13732400608297279376302e-01	-6.23095312363867503968606e-01	 5.89772203715477560947988e-01
-3.57650305581781791097740e-01	-6.83539797690588923906319e-01	 6.36285787905377375750504e-01
-2.76345249997427766519564e-01	-7.05347323077563981286175e-01	 6.52777493968023869719275e-01
-1.50213270330342707481464e-01	-7.70425775861304895641979e-01	 6.19580581768965465983001e-01
-6.63330515457283276248290e-02	-7.75743671788782562792619e-01	 6.27552134848005760403566e-01
 5.64418101200091087976674e-02	-8.12496655196669692600153e-01	 5.80227117053831897841576e-01
 1.43547370014579456221071e-01	-8.03977673153108751691320e-01	 5.77073698615012564694382e-01
 2.26009734615872148744131e-01	-7.95438479398280828824852e-01	 5.62314169616428660702923e-01
 3.41248079931988468338488e-01	-7.10911456835739974380317e-01	 6.14942800984300541600192e-01
 4.95082477672344423158535e-01	-6.61494904038345321595216e-01	 5.63309712532202744306176e-01
 5.33087404292096112001786e-01	-5.95287549898192325237289e-01	 6.01207578396448893975901e-01
 6.31441117914137151068132e-01	-4.91110002388775557236045e-01	 6.00077561787675795024199e-01
 6.94373309349474721052786e-01	-4.51145926743063196973083e-01	 5.60636299258442050152951e-01
 6.39981813942937072248185e-01	-2.91682019520038471327439e-01	 7.10876133592217129830715e-01
 7.88558204048123045915020e-01	-2.52311338916085092787256e-01	 5.60816322054530802532213e-01
 8.63225272298245527302640e-01	-1.05051680600201716164754e-01	 4.93767428723982493288247e-01
 8.11674269300927564430026e-01	 3.83502036300382917466401e-02	 5.82850017102461870344143e-01
 8.70971160180465275857387e-01	 1.18750357074178899963179e-01	 4.76767858426560942053385e-01
 8.39419938884556460223507e-01	 1.88568476291890774199089e-01	 5.09721586703959617103976e-01
 8.06153131677228240725697e-01	 3.28327284333160496210269e-01	 4.92258390125967670858387e-01
 7.61105709919502215754505e-01	 3.94733826463227965852809e-01	 5.14687579579718224032092e-01
 6.56547342378027809495222e-01	 5.19909820757789575829122e-01	 5.46479062266754800347712e-01
 6.46196029561050711009784e-01	 5.85871908619418180208527e-01	 4.89065228850072530875082e-01
 5.19575821932491188626102e-01	 6.88749567071991419808796e-01	 5.05633265441782997484665e-01
 4.37096608695633048746743e-01	 7.50531498946006458972136e-01	 4.95629926211722415807515e-01
 2.83458508436540579378260e-01	 7.92000490195590378661450e-01	 5.40727748062623470026722e-01
 2.21738658344027589341962e-01	 8.34858901754057525224084e-01	 5.03827928521037637921154e-01
 1.41123222789713009817092e-01	 8.31562105201805734644438e-01	 5.37204524535847660615673e-01
-7.32232855179660024891319e-02	 8.28312914201114747214660e-01	 5.55460229562487417531713e-01
-1.36475022170428034185008e-01	 8.50683361811599869639622e-01	 5.07653805521534273736961e-01
-2.11602556748755138427143e-01	 8.21728789234170475808128e-01	 5.29137179681350877658019e-01
-3.48281196136103421423513e-01	 7.98073719382542789979595e-01	 4.91709819760516253506211e-01
-4.94164343566944830321574e-01	 6.52341755454056371199556e-01	 5.74675417638661922836718e-01
-4.89803569640413993813155e-01	 7.06103336474808829237304e-01	 5.11381013909052661858823e-01
-5.55345751432661072222174e-01	 6.48103953001068489037095e-01	 5.21106862812304560961252e-01
-6.65577622892937204035491e-01	 5.17909958671803338781103e-01	 5.37378546848270133295955e-01
-7.65077867765319163950721e-01	 4.35587921147884860051391e-01	 4.74256280090982862418514e-01
-7.55881983890274278259369e-01	 3.76834082520005553273990e-01	 5.35386309762781120724640e-01
-8.17119443350953766902478e-01	 1.74392575159542650986566e-01	 5.49457045661488119314697e-01
-8.12033545688458424649525e-01	 3.31660686692400105690659e-02	 5.82667600408378172360813e-01
-8.56643514912578729614268e-01	 7.13957893418575018085193e-03	 5.15859394380741465013784e-01
-8.65116501555163508463409e-01	-7.70987259189759299715661e-02	 4.95609952683181476107421e-01
-8.59668988981027948348412e-01	-2.43049161842883693074313e-01	 4.49328759720328763105357e-01
-8.46056197073030036293062e-01	-3.22883739160966742876013e-01	 4.24187461365555851244835e-01
-7.64329370415024023088790e-01	-3.51626014658394991929669e-01	 5.40518047188460637464402e-01
-6.81737705012149475258809e-01	-4.74388644423475502875931e-01	 5.56946241217969428838330e-01
-6.19758560526347146435455e-01	-6.12156689632609274376307e-01	 4.91084019280159045361955e-01
-5.49352657177522907261391e-01	-6.51782296210610678777186e-01	 5.22868526876899220035000e-01
-4.30323008396442330258935e-01	-7.46980230665899358477589e-01	 5.06796451683469650895120e-01
-3.15671176614069071142410e-01	-7.42558786844035867424907e-01	 5.90726803468238692573777e-01
-2.33170383215026116863200e-01	-7.60333085953181830873859e-01	 6.06238542816496583931496e-01
-1.87480663237824224376382e-01	-8.10165517280002078770451e-01	 5.55412311280847004191230e-01
-2.22569067979795018330513e-02	-8.21713388164623581566559e-01	 5.69466186714190136797242e-01
 1.28793172682818424235052e-01	-8.78883882505116065253503e-01	 4.59320628475389958200736e-01
 2.60150724833836499705342e-01	-8.34543942783988357270175e-01	 4.85652147046612636671625e-01
 2.96146517980711010409323e-01	-7.67142467096755154010168e-01	 5.69025197214151901015100e-01
 3.77602735264108424484419e-01	-7.45610160668718990883974e-01	 5.49073458317401064121555e-01
 5.23214575772768530903534e-01	-6.95980213059009367171370e-01	 4.91790657423723187591236e-01
 6.00580641345261345698248e-01	-5.62566178881238387887720e-01	 5.68174434148771889674379e-01
 6.64885045034208421732558e-01	-5.25460701908912142243935e-01	 5.30866205026513382492226e-01
 7.51701313703091456019934e-01	-4.10259464377702331994158e-01	 5.16364509688231110295931e-01
 7.73847595680375976989751e-01	-3.32497944389596566949763e-01	 5.39077930949129147109034e-01
 8.23507950950809863854829e-01	-2.79612775463292106969959e-01	 4.93610525129391297660675e-01
 8.79838334615509420899571e-01	-3.23257561838036222567894e-02	 4.74172490163813853403241e-01
 8.57368398844910228895344e-01	 4.32073387965103833385783e-02	 5.12886492838560026363837e-01
 9.09351769945624721636079e-01	 1.16368562838123676406177e-01	 3.99421727100253143305508e-01
 8.80737583016640734889791e-01	 1.88708560953448317709658e-01	 4.34385069822714520171303e-01
 8.46919588375670384650107e-01	 3.27510861882131742994773e-01	 4.18884048603916647746104e-01
 8.04074005831540872257790e-01	 3.96981704519138389741784e-01	 4.42572614858961654871194e-01
 7.56573529322659088514058e-01	 4.62180329374579590417937e-01	 4.62586032935994151404913e-01
 6.90999091610244753347558e-01	 5.86296716983164989400734e-01	 4.22819601069509665158819e-01
 5.95207512284989914697064e-01	 7.16970507846348081848475e-01	 3.62879192291406027504053e-01
 5.69392025240318844225840e-01	 6.97988428439170860428931e-01	 4.34286628112983241756240e-01
 4.49349792154836391588901e-01	 7.90725039447717659157888e-01	 4.15738711549466566363975e-01
 2.41778307315626383999785e-01	 8.68582242873427445850609e-01	 4.32559981362766576840073e-01
 2.59939147194548081376553e-01	 8.96561747340080539281360e-01	 3.58620513861481249318075e-01
 1.59701154392693750461163e-01	 8.70979638649872378586281e-01	 4.64639656446776794229692e-01
 7.92933280688073865993815e-02	 8.64236103455190085576021e-01	 4.96798274562585850944174e-01
-6.04068443427875911844183e-02	 8.74025749548316577275386e-01	 4.82109948334453530804922e-01
-1.86592656464328432441846e-01	 9.05272343983984928428299e-01	 3.81661058756754323351146e-01
-2.74795649039049405537583e-01	 8.35180494915647497755629e-01	 4.76404126957000462194713e-01
-4.09660981542451396730797e-01	 8.02412564988506993302053e-01	 4.33949254810098772328075e-01
-5.38885643225057830996150e-01	 7.47554754744566674062867e-01	 3.88283597625120380225638e-01
-5.49454137107682427654254e-01	 7.00251582308328290871202e-01	 4.55793673376380215067627e-01
-6.65412967173703573386945e-01	 6.26668438900395585733349e-01	 4.05601098128726633706975e-01
-7.19497804023813913865126e-01	 5.05925399559549626715693e-01	 4.75775577436904129058348e-01
-8.12769815629489245090156e-01	 4.22824214875876236430230e-01	 4.00780376411077332576838e-01
-7.98614232554153313792256e-01	 3.13358815195685314058949e-01	 5.13830283752424565868466e-01
-8.34883150934433881928953e-01	 2.32864616581299005426686e-01	 4.98742613609701290755538e-01
-8.62707829186213914773873e-01	 1.49830930079116741993062e-01	 4.82996784515629162815031e-01
-8.94838248701186445011047e-01	-1.82274239298435836165169e-02	 4.46018239176690090008748e-01
-8.99691502627203321118543e-01	-1.02100541934210267691618e-01	 4.24418047963497357955021e-01
-8.97243196537858223038597e-01	-1.85136619786874567772372e-01	 4.00847949078471266215473e-01
-8.87607639289141547855877e-01	-2.66605835994618567408310e-01	 3.75598198729929444450448e-01
-8.26211377110023015291063e-01	-4.00329185385927432960784e-01	 3.96372682790071872993565e-01
-7.16737133424363292988346e-01	-4.99975566124668646672546e-01	 4.86119650753745580207266e-01
-7.12863110078390538326687e-01	-5.91322680672903167042875e-01	 3.77045983417375940582872e-01
-5.81992585209100576904007e-01	-6.75753762342786168382247e-01	 4.52373168347988130477688e-01
-5.38988593486616651695442e-01	-7.34860963222949248319082e-01	 4.11668144046096751154096e-01
-4.63154110969614674075956e-01	-7.70123697728541500850952e-01	 4.38631690246913286124197e-01
-3.11193892361942670010677e-01	-8.22601354835981402047196e-01	 4.75904793397409764388328e-01
-2.65237007380500600106643e-01	-8.65146858847797517455547e-01	 4.25640978456756802206229e-01
-1.72596813975871871127410e-01	-8.83108829671054307297595e-01	 4.36267274457297460354965e-01
-4.73135140234432535061293e-03	-9.24736919121206812910430e-01	 3.80577514743220435278204e-01
 7.33117784915126718958689e-02	-9.32561819879184739079392e-01	 3.53488097731782635602116e-01
 1.41164289025293737678268e-01	-9.10726230940624548182427e-01	 3.88137057984247968445146e-01
 2.20017211675834795103768e-01	-9.07133282414983810326703e-01	 3.58750100350380352054458e-01
 3.41962848963462795470747e-01	-8.31738687904284290652868e-01	 4.37346733121503350449899e-01
 4.74585777455825252868493e-01	-7.57037524667839467618080e-01	 4.49068509340657950890119e-01
 6.09387427710435525263222e-01	-6.93965924075692575101471e-01	 3.83481758588630594619673e-01
 7.13109956964629310149917e-01	-5.87248168015874427716483e-01	 3.82901786937465238302991e-01
 7.24353144393192649452828e-01	-4.85469584297006651052442e-01	 4.89522016798209225196814e-01
 8.01547060661379040524821e-01	-4.70356634385046434854161e-01	 3.69170619138461664210382e-01
 8.04886776193005082369325e-01	-3.62106534516892841768509e-01	 4.70144802342637113667934e-01
 8.93035966508933798380099e-01	-2.64686504709752967734460e-01	 3.63906329631662750490051e-01
 9.07020423559379063149777e-01	-1.84805362034964809625492e-01	 3.78366131424695828489035e-01
 9.35793220767149880323643e-01	-1.25950579723266176124241e-01	 3.29283311805529221860667e-01
 9.61930155738873970960867e-01	 1.13569540331891816187238e-01	 2.48580640816996129016658e-01
 9.40765893840929012803542e-01	 1.07168671748831212386932e-01	 3.21674383159848920055168e-01
 9.11038667343265884390746e-01	 3.20802408723384391286970e-01	 2.59025792466079984865956e-01
 8.81568413559813635060891e-01	 3.25880825773191273864171e-01	 3.41524259177904077056098e-01
 8.32092098295900584048468e-01	 4.56269006073216853991426e-01	 3.15343200418977898102924e-01
 7.31099191243450352573063e-01	 5.87025530602761858034455e-01	 3.47699581512142308348245e-01
 7.09423493055296838782908e-01	 6.43798425847476596395325e-01	 2.86778476140613247657996e-01
 5.41922404753094277829462e-01	 7.81764989205690041806918e-01	 3.08485994623501347255967e-01
 4.70596384162237313386612e-01	 8.13679172066669731400168e-01	 3.41270051657520556709358e-01
 4.13221912751479458769666e-01	 8.60583438234479358719398e-01	 2.97731081109330442124872e-01
 2.75293270908738396673954e-01	 9.19263294473119718652754e-01	 2.81369171066757683963289e-01
 1.96374083186612119478198e-01	 9.28896858539689507239245e-01	 3.13987015094117749569591e-01
 3.47747851327845150515294e-02	 9.25626059870661377360079e-01	 3.76838309633300450052218e-01
-2.80603457005282226621734e-02	 9.43947184848291431791267e-01	 3.28901701449159922230336e-01
-1.08335600224159361859577e-01	 9.27923096307882722122429e-01	 3.56682106451196634377965e-01
-2.49445922856206148132685e-01	 9.11448927110164119902436e-01	 3.27165989736320383940438e-01
-3.82303652489167422601213e-01	 8.79418073571082814510191e-01	 2.83668414121078404921406e-01
-3.96998866082839407809502e-01	 8.43736995526039867954182e-01	 3.61247536613927722193296e-01
-5.24385450708364952987495e-01	 7.89949648787147795658825e-01	 3.17804108636824900191442e-01
-5.93054766202825822674072e-01	 7.34771185029557960532998e-01	 3.29237528137924451154817e-01
-7.13450051672783303047254e-01	 6.12127717403076032631759e-01	 3.41011262797876968377864e-01
-7.64987845518318554383086e-01	 5.44782524223542785613006e-01	 3.43519428140339699861983e-01
-8.54696618272053343368100e-01	 4.00736765188392130010442e-01	 3.30005660164578606963204e-01
-8.90328263225750538012448e-01	 3.75126360576356066012238e-01	 2.58061615321140136458666e-01
-9.22173436363781795499506e-01	 2.41024161293086153223797e-01	 3.02495465979208455475913e-01
-9.15021312086963911625048e-01	 1.83909012128469356861515e-01	 3.59045225124330846799836e-01
-9.47299693079136417850350e-01	 1.76128253870834507177623e-02	 3.19864158470526627198183e-01
-9.52352093458779358492450e-01	-6.57436043381644102945316e-02	 2.97830939583696552297454e-01
-9.50231012340387870551695e-01	-1.48464977374015705269272e-01	 2.73896282705506199928180e-01
-8.90016177161521371274944e-01	-3.66638483970191220162604e-01	 2.71011856683118446120773e-01
-8.48355724633218288843750e-01	-4.21972385080489564845863e-01	 3.19737190066357368500860e-01
-8.00216739333132975886542e-01	-4.74421516432158352216675e-01	 3.66847917858695526938106e-01
-7.32843588894624198282202e-01	-6.11932639361200014782582e-01	 2.97453725981845440440310e-01
-6.11018473937405826035274e-01	-6.95286707704279138830827e-01	 3.78461119002927004473236e-01
-5.66822450634553165471630e-01	-7.51587932924490109698468e-01	 3.37383888973572243497046e-01
-5.15467610213735882851438e-01	-8.04510087489908043423270e-01	 2.95053659437602422421776e-01
-3.80779027789304447271235e-01	-8.63986877363110528094126e-01	 3.29444999567717888844243e-01
-2.90511010855348139614307e-01	-8.92648340171721232927382e-01	 3.44648071749248274819877e-01
-2.18272380460611648000935e-01	-9.01621861707560201537603e-01	 3.73410211990849283392180e-01
-9.24043627650333737610922e-02	-8.99983520498650269026086e-01	 4.26017718613726004139863e-01
 1.06411681695159528182604e-02	-9.53150018433331691625199e-01	 3.02310780324697214727081e-01
 1.65960612214762132099466e-01	-9.57818825636218340591199e-01	 2.34606420308901580940031e-01
 2.32203915774351038470158e-01	-9.31401725643792754993910e-01	 2.80307272411586094751357e-01
 3.58108982107874618261434e-01	-8.60183885109562784698767e-01	 3.63100042318202642643854e-01
 4.18249516141714405836893e-01	-8.12707316902861687246684e-01	 4.05677407923800081857024e-01
 4.89977713642584800091129e-01	-7.86956212907606311723896e-01	 3.74995678774706853175758e-01
 6.70842630824246666243482e-01	-6.55640510528148867663845e-01	 3.46562671999151805657391e-01
 6.82467303000612646179945e-01	-6.79690236407979986310579e-01	 2.68811389019762592145213e-01
 7.67812216729998775477384e-01	-5.43085633958960256606474e-01	 3.39885854409329002390194e-01
 8.18093519377081301868770e-01	-4.95536642511012759282352e-01	 2.91832879371282716274294e-01
 8.50592791754764987466331e-01	-3.17512375293199033965408e-01	 4.19139349322520338159137e-01
 8.74145877463774145788022e-01	-3.43091570364837117335099e-01	 3.43739958773603637709471e-01
 9.55880176025584726851037e-01	-1.52309400462204008741551e-01	 2.51187053034468366075060e-01
 9.61642440810534293582634e-01	-7.02961811958190130322777e-02	 2.65145739059187535158202e-01
 9.57344564937221531586431e-01	 1.97420764975095551496675e-02	 2.88273540930708005447514e-01
 9.41978405815067643125360e-01	 1.85712054752894983877809e-01	 2.79620663931622215336859e-01
 9.34141739397009396306260e-01	 3.12086530077607116062666e-01	 1.73150825757340087740488e-01
 8.74854226931955913926231e-01	 3.88821302138008473292530e-01	 2.88873807436730412057102e-01
 8.63051621798283319364486e-01	 4.47630440081653035999665e-01	 2.34027535182633028565391e-01
 7.97470981780071919153841e-01	 5.67276106843937144574852e-01	 2.05518495086729813259296e-01
 6.69719644771968769525472e-01	 7.04237575602668641749915e-01	 2.35637506598129820023502e-01
 6.19881016472349166690492e-01	 7.59986700634721623615064e-01	 1.95365657871481995799812e-01
 5.53806044940243880070341e-01	 8.00719745371507585218751e-01	 2.28356637652231297952454e-01
 4.27272271513307100310186e-01	 8.77360119671344973468763e-01	 2.18352069846250329554493e-01
 3.66108900804490933200697e-01	 9.14900987676347643429153e-01	 1.70060152594813301929477e-01
 2.89747718638229123655492e-01	 9.35398603671195871811506e-01	 2.02671438031901379739352e-01
 1.46723547606886689509409e-01	 9.71440768318875935705137e-01	 1.86480653757116865421040e-01
 6.81709354559138086537828e-02	 9.73521473662556591222028e-01	 2.18194096796751363376288e-01
-7.41862888683865046024479e-02	 9.77381283530250000168849e-01	 1.98046007656548617159586e-01
-1.53420834740583406086145e-01	 9.61799560110892737263555e-01	 2.26723738585080020202511e-01
-3.11419216993730874065704e-01	 9.11577592598011965385751e-01	 2.68410811928700920869773e-01
-3.67534902972914911956082e-01	 9.08620384429609795340355e-01	 1.98310595016196689055477e-01
-4.86447723584950086905820e-01	 8.57864436833144838878695e-01	 1.65641843252154530308218e-01
-5.07119131746037177244091e-01	 8.26848463322359616967105e-01	 2.43211440764199399167111e-01
-6.43587512466795685917020e-01	 7.17272510949444996875002e-01	 2.67049169317338130902328e-01
-7.92921662744990651816579e-01	 5.74917794874402421356763e-01	 2.01853327657667835914879e-01
-8.05193478200153633927982e-01	 5.26698991973320818082982e-01	 2.72491531094502581478167e-01
-8.50427159107421060113552e-01	 4.52872106609495839180113e-01	 2.67732146197572962176281e-01
-9.19321188212262496719518e-01	 3.48721495343561727064952e-01	 1.82323535478402576348600e-01
-9.48293722175823527997807e-01	 2.71515536081667230305925e-01	 1.64372534652863944160117e-01
-9.45413669419747360045392e-01	 1.59720768443086413856946e-01	 2.84046245886543369252308e-01
-9.61306938797606425062270e-01	 7.75418628987887409431679e-02	 2.64341122260159211432295e-01
-9.71471577095841309912316e-01	-8.80841418668644599021533e-02	 2.20191187031853974342965e-01
-9.65910210491615517369723e-01	-1.70018860026789009332049e-01	 1.95220522751154701435183e-01
-9.53446364369817223050063e-01	-2.50272844883189904408027e-01	 1.68236539978841526110642e-01
-8.74069444617211033232707e-01	-4.58940240861204384881233e-01	 1.59299909933495270619730e-01
-8.32670277436176831109549e-01	-5.13224021077457126516208e-01	 2.07993541398396208919053e-01
-7.85409370599012834901487e-01	-5.64498411284863887971142e-01	 2.53916648198039440753604e-01
-6.99750740345178368073675e-01	-6.92448968482443194538689e-01	 1.75679615874964500932265e-01
-6.43814383690407887606000e-01	-7.33856653631463351494801e-01	 2.16696680348755166267694e-01
-5.21831612273884970498727e-01	-8.23787824969817394915594e-01	 2.21507083099244106438874e-01
-3.31936644693381577297941e-01	-9.00663844547566205811506e-01	 2.80397401975298832255135e-01
-4.01338655507963160129492e-01	-8.83398214133905845812933e-01	 2.41939824874050551928306e-01
-2.58878253148211057155237e-01	-9.49948477182329664714189e-01	 1.74871211884356864141310e-01
-1.84802161191856190169958e-01	-9.72297754523146484650908e-01	 1.43126649398589461670284e-01
-5.30990285578067100491495e-02	-9.65700516719510515528668e-01	 2.54171212323283102207938e-01
 2.29393072211341898791748e-02	-9.75091561634379155876218e-01	 2.20613314678970579008066e-01
 1.76919336500660273614471e-01	-9.72116979195350339182369e-01	 1.53909477071014294535800e-01
 3.18894514254275729392418e-01	-9.34053082174073900922906e-01	 1.60782861212388800131734e-01
 4.43014617467965110542139e-01	-8.60356948376829189228943e-01	 2.52039620078714499129546e-01
 5.02497265254401748180157e-01	-8.11418210805697537324477e-01	 2.98491181753712475632767e-01
 5.77947861651715411035468e-01	-7.94376891224980008487933e-01	 1.86926787539789779346577e-01
 6.39586343498665610418641e-01	-7.55038787999212868129462e-01	 1.44380531328453992623295e-01
 6.90387911838146739462729e-01	-6.98350281289810026486009e-01	 1.88868779342184212044486e-01
 8.28423832601763110439208e-01	-5.18190769850477073177331e-01	 2.12584758670926105006416e-01
 8.69760325621079410929326e-01	-4.65015684792771277766832e-01	 1.65158677859274710675308e-01
 9.26251646924984850528517e-01	-3.13130248928451926371253e-01	 2.09779250105340736576309e-01
 9.44880950667875252335648e-01	-2.34246557265348459564436e-01	 2.28754321214494460434707e-01
 9.86449614025408760831226e-01	-1.28502934455606843133779e-01	 1.02000758945312630654456e-01
 9.91567118222864252174986e-01	-5.05663186137858197688466e-02	 1.19321823155085313117318e-01
 9.64122742553830791578662e-01	 1.79829708432719642674513e-01	 1.95265494277618578689015e-01
 9.79785711729214581211522e-01	 1.68492560282090975132263e-01	 1.07843480196359323142197e-01
 9.50053340246351352149645e-01	 3.00114029369085377751958e-01	 8.56167043432657370871652e-02
 8.86815155322073778165759e-01	 4.37673419669580510138474e-01	 1.48326862050747243504389e-01
 8.64732407967305660712043e-01	 4.93724663283293452309408e-01	 9.20533512527592912011443e-02
 8.21167460726618281263711e-01	 5.57591868070516638589140e-01	 1.21553733408025846363110e-01
 6.87154943921574390408580e-01	 7.22964032075110174524468e-01	 7.17014042389502587182548e-02
 6.31221778610714601143172e-01	 7.67120660286570887897994e-01	 1.14389504627921911872335e-01
 5.09488170498279102638151e-01	 8.54244684047265612214517e-01	 1.03381932170490173361621e-01
 4.49019266247619119880596e-01	 8.91795912559587233836567e-01	 5.55135017852687179251703e-02
 3.12034836961642358943436e-01	 9.49171784095694026639478e-01	 4.13180928761073193444808e-02
 2.24921937545097344601785e-01	 9.62062774269327958265308e-01	 1.54419365288694793170166e-01
 9.31305141268055358683142e-02	 9.94282047711321448346666e-01	 5.22486070384501552488210e-02
-6.02898904892029477431414e-02	 9.91590691426855519452488e-01	 1.14512138135703142594046e-01
-1.25191694610531284448385e-01	 9.90261246539731132543238e-01	 6.09073329092783485871898e-02
-2.00897300113230953266807e-01	 9.75308363149823276394557e-01	 9.17271583405182971970859e-02
-2.96766909559201486068503e-01	 9.35572399884936678482461e-01	 1.91399284126720414800360e-01
-4.71164694662286553938912e-01	 8.78384890563078446490408e-01	 8.02733737567019461911499e-02
-5.26389121843210849860384e-01	 8.49939021906922831384179e-01	 2.27629401667803835107584e-02
-6.66587481290837446934461e-01	 7.35463862930164191666904e-01	 1.21466193281003970172449e-01
-6.87612284520481287231064e-01	 6.99057422714296494703490e-01	 1.96234721506083287234645e-01
-7.45023750805035911426444e-01	 6.36927538745377663786940e-01	 1.98148734853774738384757e-01
-8.70076567665178823851591e-01	 4.75053341525027705838369e-01	 1.31495585879856935473953e-01
-9.09121746210728498560627e-01	 3.99037311637785330198369e-01	 1.19444022402314109498889e-01
-9.40554027549228455207242e-01	 3.24151231860000221818296e-01	 1.01410552432030343084080e-01
-9.83300151834477387247091e-01	 1.70470080315936745041228e-01	 6.37241172506273767517371e-02
-9.94791584905490022805452e-01	 9.15425587748488062134200e-02	 4.48292597995597202897855e-02
-9.93780580170126381922557e-01	 3.27251206544418860033829e-02	 1.06438831987573714887851e-01
-9.97543925458554081586726e-01	-6.99718532085310818136037e-02	 3.17120470840527276037979e-03
-9.74978516732093347663124e-01	-1.90507962838769834279518e-01	 1.14558317052534455737778e-01
-9.34347563909158407291500e-01	-3.28021881910282420147240e-01	 1.39270509459317182177074e-01
-9.08994126001318902829951e-01	-4.02449164369077572178668e-01	 1.08463583721585918318020e-01
-7.97937855585196031960038e-01	-5.95939327857836209645370e-01	 9.02856363794898170160863e-02
-7.51179291620165390241937e-01	-6.46481187157482595218028e-01	 1.33385705727707082335343e-01
-6.99956020081104468566480e-01	-7.07952071936855498179852e-01	 9.41564325605721008649596e-02
-5.86627931980968408964827e-01	-7.90071124983724448753719e-01	 1.77919326906000180299472e-01
-5.24958871350285183332574e-01	-8.39305184105302859443043e-01	 1.41368282597612943130017e-01
-3.93014233652909883431903e-01	-9.16481215435411500358498e-01	 7.48464688562332086663176e-02
-3.26495293609875503193507e-01	-9.37398570294371236144571e-01	 1.21180624114047147399376e-01
-2.52991893969880754511337e-01	-9.63062561882901402299240e-01	 9.22258287307588103809408e-02
-1.09685490735214330459968e-01	-9.87267966121141982149823e-01	 1.15200070282960240208858e-01
 4.14514572448930404546807e-02	-9.97684404661353663179568e-01	 5.39222160875770864518763e-02
 3.34945661796390084519182e-02	-9.89960440576548084123942e-01	 1.37318753744434529640017e-01
 2.54049045523293548498600e-01	-9.59888622448257788910553e-01	 1.18629317468699937987431e-01
 3.90102996267907120575558e-01	-9.12435136978782534988852e-01	 1.23619468973585833193596e-01
 4.52376119531227027792397e-01	-8.75179356954565390580569e-01	 1.71513671870386019691068e-01
 5.20293613706350521752597e-01	-8.42544301669248651975863e-01	 1.39332893679364272498944e-01
 6.47816404876818241476144e-01	-7.59679779804321997360717e-01	 5.67497817522743530638252e-02
 6.94745736104490418938440e-01	-7.11355892927577948547935e-01	 1.06306894234748053329476e-01
 7.86898781554738024901496e-01	-6.16815181394383071911136e-01	 1.81477158089680158659096e-02
 8.30448873871275972113892e-01	-5.55432660952261403330965e-01	 4.30026398424557462774054e-02
 8.70768232755263271727131e-01	-4.84165506887335894692370e-01	 8.57114156037852292779888e-02
 9.32796299710454968057149e-01	-3.36576398670705823068516e-01	 1.28869667122799069769457e-01
 9.75065297812576781133487e-01	-2.05169180809960743916420e-01	 8.45770196178642352791144e-02
 9.96822298707328635636316e-01	-7.04065689961775043048675e-02	 3.72588223381173505588393e-02
 9.99605807704497029142487e-01	-1.13112054693063745353099e-02	-2.56960275971055522592490e-02
 9.89678697578360133668696e-01	 1.30377460625028529506153e-01	-5.94793520523711413683365e-02
 9.77206626750382501001013e-01	 2.09873962625945792437321e-01	-3.19394496950389447653684e-02
 9.08978662810710047459395e-01	 4.16147353186624213705613e-01	-2.40659716325895660371526e-02
 8.74493674421175759547964e-01	 4.84977773216378471587973e-01	 7.57448898829675160843111e-03
 8.33370828222710691157715e-01	 5.51353452551863076891436e-01	 3.87612309728912404760415e-02
 7.94272380271309974553162e-01	 6.07498873566499342224745e-01	-8.74668814933238225606260e-03
 7.42757598310226585525129e-01	 6.68839009549668461751537e-01	 3.10729698780522201051468e-02
 6.36979691042204199113996e-01	 7.70330547713732327608227e-01	 2.91156394200678923789294e-02
 5.17561410759733275810390e-01	 8.55357742900862638713022e-01	 2.22107575723158416625136e-02
 4.56210427223011749653381e-01	 8.89456457151834523067180e-01	-2.71892795767714606780530e-02
 3.20272868873028304648187e-01	 9.46476328953608780913953e-01	-4.00979824223143682671022e-02
 2.36275679674131489083067e-01	 9.68958384690133622818564e-01	 7.27561126862501933443284e-02
 1.69668412341491159356366e-01	 9.85259370914830956422747e-01	 2.18312133888452220009668e-02
 2.65252897491916397876288e-02	 9.99647514638420831012411e-01	-1.12048246294560666438955e-03
-4.94834211273775803618946e-02	 9.98325330126548671216824e-01	 2.99654177552734109213350e-02
-1.93490037280885651682638e-01	 9.81055663851453041424122e-01	 9.55980638018381727316619e-03
-2.70821856515623737848841e-01	 9.61702789622184028850427e-01	 4.22287398147296530459549e-02
-4.04038116545173631166676e-01	 9.13352225091438651993769e-01	 5.04074726518473625880290e-02
-4.61650069728363698917661e-01	 8.87041377941223063707810e-01	-6.06687233532574640010315e-03
-5.89864887727988951304781e-01	 8.05930250747171617042852e-01	 5.03571758168393016075193e-02
-6.48845263474593703101334e-01	 7.60302154333040824951695e-01	 3.06668906660233116234782e-02
-7.55658290269780819059520e-01	 6.53581770109729620621408e-01	 4.25607580616699787690038e-02
-7.79552823267545935692624e-01	 6.15148867152164990912411e-01	 1.17852734278871149053991e-01
-8.50774667676537643679069e-01	 5.21563843238205371299898e-01	 6.44486017417716244848336e-02
-9.03499116330073515079846e-01	 4.27726047024278799302266e-01	-2.71988140873956722731730e-02
-9.57496296658237211474329e-01	 2.80952009900122423591284e-01	-6.53208237765142418762565e-02
-9.74234754741644781717014e-01	 2.25534580631314762744211e-01	-8.91960169584218214369753e-04
-9.88691492319132780863811e-01	 1.48733209855865383675066e-01	-1.91719926386678327090429e-02
-9.98423888080010257795038e-01	-9.20230784671518045603200e-03	-5.53629591106659726951200e-02
-9.92817892778169008849432e-01	-9.01263549122436891103405e-02	-7.86757391433231534350057e-02
-9.88344621119702781975036e-01	-1.50450384184150687261194e-01	-2.32291154070167621403797e-02
-9.58219656400378094751602e-01	-2.86027824366821503687675e-01	 1.78150945097361123291291e-03
-8.77525801475084188396636e-01	-4.73421791314606710265878e-01	 7.62907284929179307919611e-02
-8.39450129131108169211473e-01	-5.41688820390304970331385e-01	 4.35511488473684857392065e-02
-7.85445338882445165396007e-01	-6.14624156223284257016815e-01	-7.28887248801669135334080e-02
-6.95469485222831695914181e-01	-7.18457384412685362562456e-01	 1.18819992750531615299803e-02
-6.43252431954311920669909e-01	-7.63750149769506392338769e-01	 5.39631125114161391831402e-02
-5.81975557301542489874180e-01	-8.13067150469307109439399e-01	 1.50419257836303301573144e-02
-4.60850057340429608565557e-01	-8.80453922444377701239659e-01	 1.11436596778761845549788e-01
-3.86049067383859634272625e-01	-9.22447613328062354653980e-01	-7.51786122603890875903954e-03
-2.45600140851029491440016e-01	-9.69323333241702611573487e-01	 9.63568612759130478651048e-03
-1.02339933789636863825656e-01	-9.94247092594864434467183e-01	 3.16110236878185402176200e-02
-1.64333125751847178297460e-02	-9.96390149439198902214798e-01	-8.32863514529059295599112e-02
 1.17459414215875884712759e-01	-9.92816637651737332603830e-01	 2.27686190613803872417886e-02
 1.86510974396483397708124e-01	-9.79802178383164412700523e-01	 7.21203692813634639202647e-02
 3.38333582118716280628945e-01	-9.40892546240425620140968e-01	-1.58620187847014759707776e-02
 3.95437413499606538191955e-01	-9.17688057777712229423628e-01	 3.84432128848715276570047e-02
 5.25220412214339571477240e-01	-8.48951320815369836481068e-01	 5.85249816679880990877294e-02
 5.90529199512584979103735e-01	-8.06544409550343788239957e-01	 2.75931141068377974723269e-02
 7.03406787532948940544486e-01	-7.08440423861262158489183e-01	-5.77153107229967862745745e-02
 7.45172204057397702392507e-01	-6.64083110958384348343486e-01	 6.09262508289672224948141e-02
 8.10661413035808076088529e-01	-5.83591615951360331848718e-01	-4.74225600960845872222649e-02
 8.66075288024721778867843e-01	-4.99865420627069123593600e-01	 6.93950532954031810289885e-03
 9.33622611191414986109294e-01	-3.55201388161821396405315e-01	 4.66989691539247339657770e-02
 9.53447686523484438936293e-01	-3.01017578773307148409799e-01	-1.80534299364744563187735e-02
 9.70310514191644157833139e-01	-1.93191484157299836477151e-01	-1.45514798210515244880625e-01
 9.85479364138851066101665e-01	-1.13557161302103235001049e-01	-1.26234678173209491358620e-01
 9.95225456249613005255128e-01	 4.90344537219654236226418e-02	-8.43914307316684375592786e-02
 9.83971440499622040931627e-01	 1.09602279645659286821946e-01	-1.40668207415796081560799e-01
 9.59219963480995807536544e-01	 2.69177120063367192326353e-01	-8.62597223152782310862108e-02
 9.37115642624764544343918e-01	 3.44526352821485692956571e-01	-5.58199297697505314452826e-02
 8.39322904986021800510798e-01	 5.28823827799990819897857e-01	-1.26025474872309722895736e-01
 7.95107686807420721564199e-01	 5.81475429642036578670172e-01	-1.72308128369968449611349e-01
 7.49472564676878616474198e-01	 6.60032529795139044637153e-01	-5.14580839994165303852292e-02
 6.45659069603328972242196e-01	 7.51440105556117288188034e-01	-1.35875434132793404540251e-01
 5.86420624381306376804446e-01	 8.04183136703031320458024e-01	-9.69553193110742755900233e-02
 5.22419072165494435822097e-01	 8.50576063936887782901408e-01	-5.99889364414422365801016e-02
 3.98137542031669233733027e-01	 9.03655785773408215533209e-01	-1.57774264261396818254113e-01
 3.31490434053129279234895e-01	 9.21764549032552893415016e-01	-2.01157173071412759268739e-01
 1.78008202123224268387247e-01	 9.82139816378315488876183e-01	-6.09463785735128715792541e-02
 3.44409748292589246165818e-02	 9.95765146391201283471162e-01	-8.52384448785869219822331e-02
 4.21604976139492992892599e-02	 9.84666331601673827655929e-01	-1.69277015129186608755063e-01
-1.09707982333189610346658e-01	 9.88307839648448371860923e-01	-1.05885658621918246624638e-01
-2.63669173736791384587974e-01	 9.63908234912883910006087e-01	-3.68711470947952479892962e-02
-3.28190582320394164117516e-01	 9.41633967730030607690139e-01	-7.49427280875225726441968e-02
-4.58689573312002329963377e-01	 8.84085031654390340882799e-01	-8.94289222763471336463681e-02
-5.86023560712395363836436e-01	 8.03307661218853441553733e-01	-1.06175268857965243718411e-01
-7.02806228622063877686799e-01	 7.11126098714247256715737e-01	-1.90545726135718240801253e-02
-7.43619540547083790471561e-01	 6.52496421850887742266423e-01	-1.45871170518140164107379e-01
-7.91759432833788912020623e-01	 6.02226444806657434938302e-01	-1.02177833673703921668618e-01
-8.32987286210752908566235e-01	 5.37688052532738658406686e-01	-1.30475051924862889274337e-01
-9.05209069850188119410461e-01	 4.10886582111987641585671e-01	-1.08483899733030283996094e-01
-9.53994786664985050528287e-01	 2.60864150860435073386867e-01	-1.47796623141036753690258e-01
-9.68479617472411624667927e-01	 1.83875486079263655847527e-01	-1.68038793615062159725326e-01
-9.76896815171896193419343e-01	 1.07547793174595285314865e-01	-1.84678327613936987816601e-01
-9.90299081691729754517439e-01	-2.86232843237453141171933e-02	-1.35972189785408009710110e-01
-9.80957458976400409333962e-01	-1.07417212231578559911149e-01	-1.61814727991489604175257e-01
-9.72292828259032404503159e-01	-2.27646967043685727327684e-01	-5.31367529292392365425357e-02
-9.33229191605000174547513e-01	-3.58015663879617085374463e-01	-3.01340397742308682693668e-02
-9.02058413847876883195909e-01	-4.27199299695738332616202e-01	-6.15741532278209074968700e-02
-8.45856360497736825543313e-01	-5.02971031319390249336720e-01	-1.77615199403180962223203e-01
-7.31815120130301699497011e-01	-6.71623401963837185491002e-01	-1.15622817312128464695142e-01
-6.82096830800548947770778e-01	-7.13809719388241781246052e-01	-1.58806794309082455196602e-01
-5.76511104324651690866688e-01	-8.14252455097737026790128e-01	-6.80285672175895694824277e-02
-5.67152956812749020620856e-01	-8.10076860792661057608655e-01	-1.48704415492156072353680e-01
-3.76991759371389789645690e-01	-9.21913658266764191040465e-01	-8.91763425312804003386447e-02
-3.01922152577516866855944e-01	-9.45432129846450863830398e-01	-1.22478984470652654814593e-01
-1.59258123646343563439842e-01	-9.81688669088672472007318e-01	-1.04518931469646636500670e-01
-8.16673555998753963880432e-02	-9.87373228293185856152547e-01	-1.35737065973947718111603e-01
-3.93651209451208617534634e-03	-9.85925769636371462922853e-01	-1.67137310734193494932143e-01
 1.37119803757155545032020e-01	-9.79859803028147235970380e-01	-1.45165167403339234741821e-01
 2.79849829170831621016902e-01	-9.52819314707159970012640e-01	-1.17556057411068295981416e-01
 3.50761345397372248378076e-01	-9.30219053409149565503355e-01	-1.07976808850842195819375e-01
 4.17876391262890112265893e-01	-8.97888931880928886641868e-01	-1.38473057418504380544633e-01
 5.37229889833437557200568e-01	-8.36505054601011321935289e-01	-1.07904305273290590516666e-01
 6.08110827327776659601000e-01	-7.84490143389084737535200e-01	-1.21558367100337613719852e-01
 7.28144032147331699000858e-01	-6.73485245030147616773775e-01	-1.27373047285945673046115e-01
 8.23975062701391425257214e-01	-5.50578887840638020456652e-01	-1.33895423037550059808254e-01
 8.92887280757645895867824e-01	-4.46902915830782732076187e-01	-5.50462322340167994894067e-02
 9.26415980273683103973781e-01	-3.74716006896914644030971e-01	-3.66243862580946655249647e-02
 9.65235553603947082912384e-01	-2.47997106507735931568703e-01	-8.25697355129145493801701e-02
 9.68969720800227141133121e-01	-1.36297122869555475954684e-01	-2.06205660615345537367560e-01
 9.80981991033164302251635e-01	-5.48092379465158416329551e-02	-1.86199572245296152139815e-01
 9.85985486931174270885947e-01	 2.74692788780791959102334e-02	-1.64554119605111598412250e-01
 9.41078024093250475878847e-01	 2.29870866067123869047606e-01	-2.48055512944771738848004e-01
 9.25107115047940187224640e-01	 3.09216588111818568851419e-01	-2.20367709349992890732750e-01
 9.02662717840972295135771e-01	 3.85719599911219623855629e-01	-1.90841316449760850515460e-01
 8.19612321741707616773454e-01	 4.94991955033968311639114e-01	-2.88476353451747158374019e-01
 7.45735973215701952732104e-01	 6.30332076528537288417908e-01	-2.15776114413186115292831e-01
 6.91487340537958683484021e-01	 6.74720375374789904654449e-01	-2.58065249365047044705079e-01
 6.32316687191239457099812e-01	 7.14753652592524324482781e-01	-2.98835779660236278143515e-01
 4.50679235622477636358241e-01	 8.43801116231239545228959e-01	-2.91355286249715628166257e-01
 4.61916641967207441954457e-01	 8.64544978310990419601012e-01	-1.97977262207021220685732e-01
 2.63482087257625896548063e-01	 9.29442232126106437917201e-01	-2.58291166776577429953221e-01
 1.90607497419797378146455e-01	 9.55677497997999614298692e-01	-2.24386500814209494114593e-01
 1.26824202145666947716407e-01	 9.50934324138209441379388e-01	-2.82204771267109633114956e-01
 1.16325315049276858947458e-01	 9.73161773532406737530209e-01	-1.98556247985167022562791e-01
-9.94692816111734795514465e-02	 9.76897813603719189501362e-01	-1.89146831303170698257432e-01
-2.43735840999716679711184e-01	 9.48983430727289412054404e-01	-2.00058211571594785072037e-01
-3.07927831248631156402240e-01	 9.19643929216245048507972e-01	-2.43793958494095491795761e-01
-3.81470448656376914797761e-01	 9.01134936607880687731154e-01	-2.06000298122632624631123e-01
-5.12025333861957920866814e-01	 8.30345018379265109587095e-01	-2.19902723803705235638972e-01
-5.69491936676066901057425e-01	 7.77757082410247990722496e-01	-2.66031680109045265414380e-01
-6.32499901293292809967284e-01	 7.40540372759247444989228e-01	-2.27032665441714992526911e-01
-7.37956773998919013379805e-01	 6.35496857119569269478632e-01	-2.27076076019157829799511e-01
-7.88478655471080536187856e-01	 5.87091454731947792744506e-01	-1.83371299955152833316419e-01
-8.62437752559565784515883e-01	 4.43811422158870205745274e-01	-2.43377370602376047470372e-01
-9.01292772893156124425218e-01	 3.89913195347400709511732e-01	-1.88783043795106991735722e-01
-9.12925407605352012829769e-01	 2.89319386668377198645885e-01	-2.87856722427036637590447e-01
-9.29132913734654897197629e-01	 2.09226797236092915133199e-01	-3.04854351999897521530158e-01
-9.78992846070916633571812e-01	 2.95830186788503812778117e-02	-2.01737087189771291395601e-01
-9.74776451496187745782152e-01	-4.46355268786537764946765e-02	-2.18674505484213632655610e-01
-9.60165795286610390668613e-01	-2.41251453204099908234070e-01	-1.40994261899344996979977e-01
-9.01778102281221127789479e-01	-3.80766428899229569804419e-01	-2.04482715331656961232909e-01
-9.21523761995414303349605e-01	-3.70131927258883330900119e-01	-1.17457705159958361584849e-01
-8.17288317790616392066738e-01	-5.13973011203882279573918e-01	-2.60521686922602024871765e-01
-7.62425427646604370046646e-01	-5.88233518519267861712763e-01	-2.69608595872487866174083e-01
-7.70445912894240469981355e-01	-6.18038488624355397682564e-01	-1.56337845333377911671846e-01
-6.03383524956949135464868e-01	-7.48142137326259226703939e-01	-2.76064601438545664802149e-01
-4.98038076174107391391743e-01	-8.47456915154923384747576e-01	-1.83779355850691106244454e-01
-4.39020050119656668474732e-01	-8.87941441987547652736623e-01	-1.37191075489657060559878e-01
-3.53208808866159240658078e-01	-9.01712168509976264019201e-01	-2.49316470575822513033870e-01
-2.11404913482075046404773e-01	-9.48754468513116400174567e-01	-2.34889167549357874564819e-01
-1.32376317655505337800292e-01	-9.54485710130466569189878e-01	-2.67270536499457311840899e-01
 1.09636412020127846367323e-02	-9.68361853781929848850041e-01	-2.49309283243961898879348e-01
 9.08977024888343726471973e-02	-9.56044319057535174621876e-01	-2.78777451886025651184298e-01
 2.33995008115834179918124e-01	-9.39477705487198444522789e-01	-2.50255823247691355781797e-01
 2.15607726448831971133302e-01	-9.61043227636012131753773e-01	-1.72942831336027724731252e-01
 4.35543642501301897507204e-01	-8.71727822560952381181210e-01	-2.24482379820419075677762e-01
 4.53733973903825804629975e-01	-8.38212669448133662619682e-01	-3.02530992961177191968858e-01
 5.58201325219844002312186e-01	-8.09062215708008958259256e-01	-1.83928278512188209115052e-01
 6.25896981988396938767494e-01	-7.54775377932508373390874e-01	-1.96385072764340945505879e-01
 7.03463782597565812082507e-01	-6.58119934182402333000539e-01	-2.68359569990107016401737e-01
 8.40372592810844198929487e-01	-5.02728332239876674059076e-01	-2.02578698820213953801783e-01
 8.83176751380193025831034e-01	-4.26242639960657809794498e-01	-1.95744828031030493331599e-01
 9.23634218791225425349012e-01	-2.96016619183584128727205e-01	-2.43462504392449319290392e-01
 9.49860464116379366039666e-01	-2.16700812900892797463470e-01	-2.25401544796632963274519e-01
 9.34906078008315266636430e-01	-1.00978689372876920260502e-01	-3.40226291746604792010089e-01
 9.69965365144582980505561e-01	 5.28684791886761210749635e-03	-2.43185607425723954166941e-01
 9.26767825197032713013812e-01	 4.24935352538741081818152e-02	-3.73223388389835319944865e-01
 9.22282116491950909598074e-01	 2.08153044431031525318687e-01	-3.25680837159972591532409e-01
 9.09486331106483913977456e-01	 2.88663502992674014802077e-01	-2.99178868856852409052749e-01
 8.64332635135805604775783e-01	 4.41630801096769776137307e-01	-2.40606174820638424316499e-01
 7.69025731868601902796456e-01	 5.45041287572121557758464e-01	-3.33960205062945769682869e-01
 7.46079519850367245403788e-01	 5.23384561639093526252964e-01	-4.11623554595335783279353e-01
 6.74952915774375883373182e-01	 6.55145999721919780611756e-01	-3.39444075712089177176978e-01
 5.83307305788003160884614e-01	 7.70444127109582765911000e-01	-2.57232256952144300310437e-01
 4.91827558352473881431166e-01	 7.89932475757898600043916e-01	-3.66213512295819998421109e-01
 3.41848864830515131174593e-01	 8.50649462350384744091514e-01	-3.99418134061399032752604e-01
 2.02887725615301189874273e-01	 9.30567225070607184633786e-01	-3.04764188216135600839607e-01
 1.37295723963222177088639e-01	 9.21203142883834869003579e-01	-3.64053091900562453275825e-01
 6.64422529899705849310010e-02	 9.38349667355874328400489e-01	-3.39242286265637349451652e-01
-8.74001479922446172787787e-02	 9.58381611173186986896155e-01	-2.71782820457842744232835e-01
-1.53543140482614859365640e-01	 9.37220262763429845520591e-01	-3.13117682471596547877368e-01
-2.95519293676621441768759e-01	 8.98407005924210522174178e-01	-3.24858736639737855078636e-01
-3.70563842957104094821830e-01	 8.83687130044316870858268e-01	-2.85971142752029006128822e-01
-4.32184492755303795163968e-01	 8.39200845096794156852127e-01	-3.30088633264866371241908e-01
-5.58185152074049173442916e-01	 7.55391007869440800348571e-01	-3.43240092696149301509934e-01
-6.22698322906852674840650e-01	 7.19899070210986868900704e-01	-3.06581355203393524089250e-01
-7.28093467085493051271783e-01	 6.13480298255248746031043e-01	-3.05813385645685942293426e-01
-7.80861768487958185502862e-01	 5.66927575291169549842607e-01	-2.62389067775953721550763e-01
-8.48977902740860601582540e-01	 4.20254791534374561035037e-01	-3.20347359674040488286550e-01
-8.90925184362988176189901e-01	 3.67326549540688551687140e-01	-2.67064639872649056684395e-01
-8.65576349069487105403198e-01	 2.40541206546582758685204e-01	-4.39223760610296887207937e-01
-9.07343114126754057835456e-01	 1.02772965272928520907847e-01	-4.07634874435166327799607e-01
-9.40933720969619802332318e-01	 4.59776203881118450400578e-02	-3.35454603733071454740866e-01
-9.31526049887556606421413e-01	-4.08841639934519399113277e-02	-3.61369206650818841630723e-01
-9.40819298551274552089296e-01	-2.51200316336980533638013e-01	-2.27502634151098420689507e-01
-9.15042814945475790899820e-01	-2.56608749812787972910400e-01	-3.11205071192899418441868e-01
-8.41770239733350189581529e-01	-3.94246686812434632418700e-01	-3.68771492169170433950143e-01
-7.82680841225855461473770e-01	-5.26993961619396489304279e-01	-3.31191885762138038540314e-01
-7.28582485610952512722349e-01	-6.52063379367766704497456e-01	-2.09716262956533616712562e-01
-6.72113685908866109741666e-01	-6.43789282343903423999620e-01	-3.65784845439391936849916e-01
-6.47733634147091841271049e-01	-6.94231223072207970226088e-01	-3.13821841346754670798447e-01
-4.85591048364996780151159e-01	-8.33350394051074472301366e-01	-2.64061459669339526623588e-01
-3.95426400823445933774281e-01	-8.38248007772128378434218e-01	-3.75470689931815093665080e-01
-3.37806613873191885488723e-01	-8.82770998668428896749560e-01	-3.26499702195075403032831e-01
-1.15837754838191642203782e-01	-9.31091510995943227868565e-01	-3.45904918590843435399762e-01
-5.24320107030532070457873e-02	-9.52898408601816626628533e-01	-2.98723127892301543173659e-01
 4.54819533661413102909599e-02	-9.12663777228721162515512e-01	-4.06172650054879125214313e-01
 1.71266878789593901544208e-01	-9.36901822660979655132962e-01	-3.04766518706049094333821e-01
 3.24443498571296840005118e-01	-8.80301954659129859415145e-01	-3.46128422493923781910752e-01
 3.37136251085414895278802e-01	-8.42261649603396334029526e-01	-4.20635782847153139041296e-01
 4.68667338736178551439338e-01	-7.99271564466122241832124e-01	-3.76185980384470652904128e-01
 5.76654609728314615502143e-01	-7.75039984570911832939544e-01	-2.58423070555641010148662e-01
 6.57015708116223562385017e-01	-6.74616918046863855984441e-01	-3.36485323860474638824059e-01
 7.56203257210981250047155e-01	-5.94318802955691172229535e-01	-2.73754989428169170917471e-01
 8.11883370409483107188464e-01	-4.75715995331345231633691e-01	-3.38437120656770784599132e-01
 8.53367769442356371989433e-01	-3.46609095846346526581527e-01	-3.89391300305432341843925e-01
 8.91788743185539689584118e-01	-3.21719890710727984828310e-01	-3.18133854609396748980288e-01
 8.87695388283788244798700e-01	-2.66181948258633838122478e-01	-3.75691453244457573834580e-01
 9.01971793678460920240525e-01	-1.25193988185274579505446e-01	-4.13247321504599085528753e-01
 9.18119234993733490668433e-01	-4.13309020138204891159361e-02	-3.94143155304320369491933e-01
 9.28107594579332007000971e-01	 1.25856576694287181084064e-01	-3.50394656047950114885481e-01
 8.66115781401847195652977e-01	 1.60758290512273055439252e-01	-4.73286620599229712613720e-01
 8.71112133169919644615220e-01	 3.45624288829003423195729e-01	-3.48866023590142571020323e-01
 7.98097827800658743413464e-01	 3.76861630158419169678297e-01	-4.70122504220133019536831e-01
 7.74559215883892870913030e-01	 4.51850673859626184025728e-01	-4.42593481223945428570943e-01
 6.86015256648758398050347e-01	 5.69091564098752944467208e-01	-4.53340776146127444334866e-01
 6.50685427889458822825475e-01	 6.34231479309011914047289e-01	-4.17563054622669294069226e-01
 5.08153474273639105263101e-01	 7.13172313123510703825048e-01	-4.82871927510485410284247e-01
 4.23186288569553092919762e-01	 8.23005228472084016111410e-01	-3.78913920401903248080799e-01
 2.24367628172186528434651e-01	 8.41931141319953502133444e-01	-4.90725096876110489230172e-01
 1.39130194798907869113691e-01	 8.55432220943880272656656e-01	-4.98877243684494486863912e-01
 6.26871837534880849140961e-02	 8.59938647123655308668333e-01	-5.06533158022448026791551e-01
 2.00826461889116181236403e-02	 8.93280206321765746224628e-01	-4.49051400527595345746334e-01
-5.96189201180105168842438e-02	 8.99242315376071243981926e-01	-4.33369175877847456757053e-01
-2.08043728751191009385124e-01	 8.75768965611754879319051e-01	-4.35599042467517238996777e-01
-2.81429716340223678994192e-01	 8.70055318722499415606819e-01	-4.04723432881456901544226e-01
-4.02103690547065184546227e-01	 7.80716526200378901911847e-01	-4.78324500486900505702437e-01
-5.43721185644026161476461e-01	 7.27603035089395056012052e-01	-4.18283511043114508698437e-01
-5.90608860542522262626619e-01	 6.63983050292360710287198e-01	-4.58593156046964989247527e-01
-6.53779352590897366859224e-01	 6.27702588751362422492264e-01	-4.22565992716717742094801e-01
-7.49251990969527659203209e-01	 5.15316659749969541159942e-01	-4.16017060001549809911126e-01
-7.79836676852253440905827e-01	 4.40557035217555792439015e-01	-4.44706932885413241951511e-01
-8.29055644800663515958661e-01	 3.94731089416220037868754e-01	-3.96048109290323691045188e-01
-8.36002223845295766579966e-01	 1.93880903620790495667237e-01	-5.13332715630813507523555e-01
-8.77371823808808848355056e-01	 1.64267337140477615031742e-01	-4.50815843482880784787170e-01
-9.13717861913241002902453e-01	 2.63618369640032414180641e-02	-4.05493184125921557470207e-01
-8.96345087745006541268822e-01	-4.74926420304121535420627e-02	-4.40806003394200063283392e-01
-9.15768025835573040716042e-01	-1.84620196531937730277662e-01	-3.56769261413768690172077e-01
-8.84335103331304828166992e-01	-2.57281811635000301485832e-01	-3.89560642798810474740634e-01
-7.96187492909505856175656e-01	-4.63541673837859324880384e-01	-3.88863205703587955230915e-01
-7.46489589935699471290320e-01	-5.26552847125652645488003e-01	-4.06811247756868554770193e-01
-6.29124680480803721849270e-01	-6.49536797786037345403543e-01	-4.26970824216113431504027e-01
-5.86122307001781361890380e-01	-6.39481730606458298460382e-01	-4.97517595121497790966458e-01
-5.27919784412645420879073e-01	-7.59524332511674393764167e-01	-3.80030906043707816799326e-01
-3.22756326989339925592759e-01	-8.56696372808377071272901e-01	-4.02367590898323190806707e-01
-3.04817104220201917641475e-01	-8.27095559602546104294163e-01	-4.72228195113931992210610e-01
-1.79026694067547759159353e-01	-9.03031277546107125075991e-01	-3.90491939205779681199004e-01
-9.74207348310394266599488e-02	-9.01259275453292874047406e-01	-4.22185881851093736116809e-01
-1.71105514802652250438975e-02	-8.91348371208324219416852e-01	-4.52995927324196412389057e-01
 1.23467593470115599707526e-01	-8.92779278321706670773494e-01	-4.33244634775862891284959e-01
 1.99758932912917408497577e-01	-8.66802698763084467081796e-01	-4.56891070320405767724026e-01
 2.62683305922243925945025e-01	-8.76603766222183278244984e-01	-4.03191415874451619671959e-01
 4.20004871191830719823201e-01	-7.55782726208803823375604e-01	-5.02382701672262843572980e-01
 4.80976557592664721862974e-01	-7.55108620330071977910791e-01	-4.45502550553333487304286e-01
 6.05191265243763987236036e-01	-6.89499379069935858233009e-01	-3.97912224912511214292010e-01
 7.19515168803814719744594e-01	-5.60713264379362863465417e-01	-4.09754264175806515169143e-01
 7.68071732217194935721238e-01	-4.91656746277126632804766e-01	-4.10291918040151970537011e-01
 8.08174538935785613524843e-01	-3.68526374774397480482691e-01	-4.59393323538305975439755e-01
 8.46742221036355102725679e-01	-2.90575505185259375107165e-01	-4.45638291555776833163804e-01
 8.78134256075626673521128e-01	-2.08665999345726493885422e-01	-4.30509847766058550977419e-01
 8.82563723637393993115552e-01	-6.59301049708025665996303e-02	-4.65547521718069956531139e-01
 8.24455355197472261608027e-01	 5.06879613430522360517649e-02	-5.63652461948934702107294e-01
 8.29066522593923105333147e-01	 1.34916688649836136182358e-01	-5.42628960006543703542548e-01
 8.25876849124994261153176e-01	 2.17999170791924684609242e-01	-5.20003645769339550852806e-01
 8.15000460660710746019220e-01	 2.98413955612109205173255e-01	-4.96712552910396509808777e-01
 7.42916374898973219664811e-01	 4.27470206908665328882080e-01	-5.15115988989306439194138e-01
 6.53192765477944692342760e-01	 5.45106217893796540785445e-01	-5.25545832768937182244429e-01
 5.84750205983155191269418e-01	 5.85646451598581418984679e-01	-5.61324710245903579775018e-01
 4.73865691852882686685433e-01	 6.87341119505194497740774e-01	-5.50466612540792210594986e-01
 3.88077569718669523890497e-01	 8.03097785079052051138149e-01	-4.52139079799979248797115e-01
 3.54365112976158025404061e-01	 7.73701885666373656569306e-01	-5.25176883365683244697664e-01
 2.71357263548437199762731e-01	 7.95164078040308863748464e-01	-5.42290811754919555021104e-01
 1.05211868475156386515401e-01	 8.17184070099356341110308e-01	-5.66692737122875600519478e-01
-2.42357018605164759028625e-02	 8.60846125177441856557436e-01	-5.08287890395110575347815e-01
-9.82903206532151491048310e-02	 8.47422168206488191088965e-01	-5.21741968503687147951098e-01
-1.84311835800308798649638e-01	 8.39622826145991929536194e-01	-5.10942909725281779742545e-01
-3.24109160400441020932760e-01	 7.99192350201161083589341e-01	-5.06206321102834477798638e-01
-4.52456805128758077216844e-01	 7.23269947218954989409667e-01	-5.21692843484139689991252e-01
-5.64800284171452116055434e-01	 6.31284173400078807425473e-01	-5.31489352117637370298553e-01
-6.30441401011239688223498e-01	 5.96387366974127308694165e-01	-4.96855862805957726457962e-01
-6.91884274105961982748170e-01	 5.58153922752639863880120e-01	-4.57996015005268708453201e-01
-7.19334714116557361052173e-01	 3.73660004748112783978797e-01	-5.85607180555780870712113e-01
-7.40020591867879273806352e-01	 2.91669078419674487889779e-01	-6.06051707616875989792504e-01
-7.93233829369820342414243e-01	 1.79876918825305043281304e-01	-5.81742542725908529099854e-01
-8.21544996003487737468163e-01	 1.11095053112695907326923e-01	-5.59215261518779316318728e-01
-8.38411706393134448234150e-01	 3.20239113326048069341212e-02	-5.44095836857730441593617e-01
-8.28159143900239813618214e-01	-1.14122118210488801559599e-01	-5.48751833263063648615798e-01
-8.46158445633224398640948e-01	-2.58988431059554657931443e-01	-4.65769124632446851475009e-01
-7.59863755438815791087848e-01	-3.25113047661689746892222e-01	-5.62946337949317587856513e-01
-7.11068929462796872620345e-01	-4.58291182974257804705331e-01	-5.33244942930251819568355e-01
-7.03819508156945716770281e-01	-5.24261654546120725584046e-01	-4.79361885750503757819274e-01
-5.98482295005803521803500e-01	-5.76169233147447612530812e-01	-5.56639881196872465807246e-01
-4.99293420553479472268066e-01	-7.39339856893120761505145e-01	-4.51755084311472987490532e-01
-3.81163832207582708999638e-01	-8.04914002414714779831684e-01	-4.54783005106341065015840e-01
-3.55622729105670831728503e-01	-7.72469884984694044050002e-01	-5.26139478974129382038427e-01
-2.02613718508410867169545e-01	-7.93279681416728998932797e-01	-5.74155926664148941185317e-01
-6.53038358673981023105881e-02	-8.18795678464543486008154e-01	-5.70358699371537714029046e-01
-2.44734987230794303128545e-03	-8.49269411563048803870402e-01	-5.27954048248477025850889e-01
 1.48277050507473528995206e-01	-8.01953233737122794799745e-01	-5.78692428835366423633957e-01
 2.85428286052145208095965e-01	-7.87427768582801390628845e-01	-5.46340738720850760401504e-01
 3.57474912232485453333908e-01	-7.47926849530721082892626e-01	-5.59300558622487620219488e-01
 4.27325102791163979887301e-01	-7.03981064763529507111173e-01	-5.67277636593342404758289e-01
 5.53459970843702353526794e-01	-5.92258890102393076304566e-01	-5.85586430655944956136238e-01
 6.12445571649540498881947e-01	-6.39191321559143932340419e-01	-4.65128881290274798221418e-01
 6.68909483444403596408279e-01	-5.73820166302862588736389e-01	-4.72536262843706145186928e-01
 7.13472187141386160469381e-01	-4.48472152804947565840621e-01	-5.38358771020016502184546e-01
 7.84395279146759105692865e-01	-2.57983481950791682102420e-01	-5.64064330633327171149460e-01
 8.40649427925705849951044e-01	-9.10300241331984116843756e-02	-5.33874586428772501811579e-01
 7.61455790746535687851804e-01	-6.01848220226910424202060e-02	-6.45416815659977105568146e-01
 7.36916873810144035239489e-01	 8.09972318953938730246023e-02	-6.71113231518473352110732e-01
 7.86425583958740848089519e-01	 1.91449274824607523770581e-01	-5.87266528983463653723618e-01
 7.35215549211102548099461e-01	 2.43622886545454525597521e-01	-6.32539315259911139044391e-01
 7.25413197661650355207996e-01	 3.24281192152077957224776e-01	-6.07138700030500744198037e-01
 7.05774981302745296751766e-01	 4.00935439119815106856493e-01	-5.84065449607242714868960e-01
 6.16020398404078406429107e-01	 5.16970532660737780439320e-01	-5.94357078792331128269666e-01
 4.76530260552526896411507e-01	 5.88403169378336809991481e-01	-6.53223255130486735176021e-01
 4.37933671788344525133141e-01	 6.55421820260570386906807e-01	-6.15334329157978254798422e-01
 3.95940880177950149665378e-01	 7.16836913851428114696773e-01	-5.73912587720351807796249e-01
 1.93546780763331954799966e-01	 7.18744953103698236418495e-01	-6.67791386620188109901619e-01
 1.10294479467559158880618e-01	 7.25639292267215241238887e-01	-6.79177992367917648941500e-01
-1.36125555883185919009426e-02	 7.71946603122196650659248e-01	-6.35541611744232293190748e-01
-9.83599767192717411301572e-02	 7.65107177271348359859360e-01	-6.36346071149695879931585e-01
-1.81982172409758113929001e-01	 7.55743402042061362955394e-01	-6.29074239811897140128849e-01
-2.57590054795804490606059e-01	 7.33919244408846260796508e-01	-6.28498135523600898189045e-01
-4.20726075329319160189812e-01	 6.87727675123504633702964e-01	-5.91625062355548902992552e-01
-4.59863954362698279521027e-01	 6.25299725983112120175633e-01	-6.30496150791856169171012e-01
-5.65595275405954223124638e-01	 5.24370102646959379555369e-01	-6.36504501074800055349101e-01
-6.57548390775173130506914e-01	 4.17133335596135579326216e-01	-6.27399309948155847749263e-01
-6.79381802513199462012494e-01	 3.41628916938558568894280e-01	-6.49407460324643803772915e-01
-6.97951960455137188077401e-01	 2.64157314087975658711827e-01	-6.65645532029365383230868e-01
-7.68464400964900429258364e-01	 1.17972983397007319394945e-01	-6.28923556275376105517694e-01
-7.92134086196804143575889e-01	 4.19221692408470666957321e-02	-6.08905675134741697362983e-01
-7.79818301668000035675732e-01	-1.08566619285546381301621e-01	-6.16519833874420886132839e-01
-7.93633388145710716443659e-01	-1.84126595603366111086885e-01	-5.79865020510699546996136e-01
-7.53730096107172897745841e-01	-2.52632814610102840457984e-01	-6.06685753256535065247590e-01
-6.58172703183736884646748e-01	-3.83341038574878778533161e-01	-6.47964768276907299160428e-01
-6.59776870186967623332919e-01	-4.52908470757678927043344e-01	-5.99640224369771712709110e-01
-5.41686462875734298094699e-01	-5.66784806547893316164277e-01	-6.20750158279192665311541e-01
-4.76528518888587437896120e-01	-6.20756251097035582908745e-01	-6.22561039103639579650462e-01
-4.04489715932005222676082e-01	-7.22835906375983494598358e-01	-5.60264510886470890049793e-01
-2.70375457076344249962574e-01	-7.50576676919365137763407e-01	-6.02935953709381133869272e-01
-1.23955690726202175100390e-01	-7.27605126043337935293209e-01	-6.74704207258298049865175e-01
-5.52754195283247581893527e-02	-7.66542574078268423853899e-01	-6.39810214142780164792157e-01
 1.87151360977321976064580e-02	-7.45361038680446452708850e-01	-6.66398278582747805032227e-01
 1.59893097066332368072494e-01	-7.46988852731244268312594e-01	-6.45323059719545399914864e-01
 2.95173786707994156852664e-01	-7.33041644691729499250243e-01	-6.12798811020474953892290e-01
 3.65179887330560115632494e-01	-6.90783452427254140992829e-01	-6.24068803692287676909700e-01
 4.87538588959569474390321e-01	-5.95280296719712387343293e-01	-6.38707673832562661253576e-01
 6.06269936561598776769699e-01	-5.27932452859628753571997e-01	-5.94747080059424004794266e-01
 6.56133686796328552404134e-01	-4.59980602015668260662551e-01	-5.98252815137848448223679e-01
 7.01304837765512889546926e-01	-3.88957882542827426686216e-01	-5.97397095853744342086600e-01
 7.40430695654763826318856e-01	-3.15858784684022564359651e-01	-5.93292181871744372934074e-01
 7.39302077550840319730696e-01	-1.50095194943743570625827e-01	-6.56432685493197443094004e-01
 6.72764534817254844512036e-01	-4.09485547973326910464742e-02	-7.38722611371908977062617e-01
 6.83058487874606212741924e-01	 5.48016203138284932472324e-02	-7.28304801956869862777921e-01
 6.85323957864744759405085e-01	 2.12663113020662986052400e-01	-6.96495135041848123513830e-01
 6.33074504327429954386730e-01	 2.60744506289983302149693e-01	-7.28854563277319233982610e-01
 5.97227815063575140364094e-01	 4.09132760520429517026031e-01	-6.89876308611421351635329e-01
 5.75086589362027167382507e-01	 4.83086717143416555231283e-01	-6.60229231748752476427455e-01
 4.37047105314807393661169e-01	 5.50840918528414658084102e-01	-7.11030315957568603835171e-01
 3.57549114105409571173766e-01	 5.80287863328431297027521e-01	-7.31727153163090227039334e-01
 1.93183557585210441409629e-01	 6.11728754930128459932348e-01	-7.67116707855041046748568e-01
 1.12693920616561638059494e-01	 6.14921387931133489601621e-01	-7.80494565593455313923243e-01
 7.14157952463748274540833e-02	 6.72321681308423846346045e-01	-7.36806176027279269291625e-01
-5.39943211970637798602368e-02	 7.20470996933723073496481e-01	-6.91379892574115473280472e-01
-1.36912753511278434404019e-01	 7.12424687744132256739249e-01	-6.88263003668390993539106e-01
-2.56175198866300080080549e-01	 6.34060628665191083896957e-01	-7.29617287804033676223980e-01
-3.39503306697767459620962e-01	 6.12309742532217926580529e-01	-7.14012803765738168770838e-01
-4.19811894858088729964862e-01	 5.86384453613055800502707e-01	-6.92756267020789184840623e-01
-5.23206129391497576364145e-01	 4.86734338663352916753979e-01	-6.99532007654486087666612e-01
-5.67858113830267408062014e-01	 3.44023688863250465264088e-01	-7.47786643407096884850205e-01
-5.87005518687392591203889e-01	 2.70579884645919699348582e-01	-7.63027553274156611351486e-01
-6.55742524519605574084835e-01	 1.27752244854171082000249e-01	-7.44097510727844135836051e-01
-6.83626580429831709473376e-01	 5.42370230623794233326684e-02	-7.27813879957744380710949e-01
-7.06801150666179323067695e-01	-2.39367379872720935363173e-02	-7.07007189490668208620150e-01
-6.86625198023852578721460e-01	-1.69447199297773049009308e-01	-7.06989026851793322947515e-01
-5.91319079945788694807618e-01	-3.00853087156948084679442e-01	-7.48217325140363098689988e-01
-5.35686950658046390216782e-01	-3.63108192506954141620668e-01	-7.62359450278552230884088e-01
-5.41312273812287192420456e-01	-4.34209569016121676998665e-01	-7.20029910764133029843492e-01
-5.43385757157083704171896e-01	-5.02117073237696831533583e-01	-6.72763230031214298776376e-01
-4.79566482768782331724822e-01	-5.57791016290336894023483e-01	-6.77410636726773263127654e-01
-4.08118673917028551567654e-01	-6.67636851597700586857798e-01	-6.22655749502818212093302e-01
-2.71368492535481675709264e-01	-6.40561136270707653928014e-01	-7.18359639706045993712280e-01
-1.97568482605895656689654e-01	-6.85034730279002079811335e-01	-7.01209036587791545436232e-01
-5.05640014495113560011319e-02	-7.09365928571715431694145e-01	-7.03024367386367310395201e-01
 9.28954881597295195616582e-02	-7.19179315972758304020829e-01	-6.88586624729612961637315e-01
 2.35126619805758024783771e-01	-7.11740966242317862899824e-01	-6.61921649163381031755193e-01
 3.16832477552873470472150e-01	-6.10130882206153635216594e-01	-7.26193836207694842777016e-01
 3.86691517314800337068448e-01	-6.18288593034396316561185e-01	-6.84243294567308146802986e-01
 4.57707392627183906608224e-01	-5.55651697249967213565469e-01	-6.94085826161041530291129e-01
 5.03910614347698793125119e-01	-4.22820438259853270679400e-01	-7.53191190692954370966561e-01
 5.72695845266332770329143e-01	-4.14549852428838072615491e-01	-7.07225486436899530851008e-01
 7.18183462703409603022919e-01	-2.54152864583605808679323e-01	-6.47779928157154016865604e-01
 6.88754951184705199729308e-01	-1.92987118486827202712419e-01	-6.98836597007272741777228e-01
 6.12631797612891770832277e-01	-6.83197136116393266558333e-02	-7.87410120131574409185760e-01
 6.37055688544217568747285e-01	 1.19490266516522572470826e-01	-7.61499918516911677990322e-01
 5.37904168074535560251093e-01	 2.23082117268692953215847e-01	-8.12953550286213300068994e-01
 5.02177155196259716873897e-01	 2.98805047821163627386198e-01	-8.11500861487887581446898e-01
 4.88976482271000545409834e-01	 3.95754051673610496298039e-01	-7.77354957770128973670865e-01
 4.13178976473125625368255e-01	 4.22042057875701259739287e-01	-8.06947107798685503432523e-01
 3.13073553064272036561277e-01	 5.36225274502286186617539e-01	-7.83866956413306170681210e-01
 2.32300865959432806251428e-01	 5.48163316637371389461464e-01	-8.03463307169415608122165e-01
 3.16726697586624250657650e-02	 6.14095456691445606978164e-01	-7.88595975174413044150867e-01
-7.22233341487704509631396e-03	 5.50718839550938699112237e-01	-8.34659569922799104979561e-01
-1.29914132290245815104512e-01	 6.00256872971724808607519e-01	-7.89185659196541045012907e-01
-2.11723845909183611135873e-01	 5.87336491422553175212329e-01	-7.81158664367789690174959e-01
-3.76531927586595371870715e-01	 5.45323886267026658458690e-01	-7.48896232180767396080512e-01
-4.53376908665869549075467e-01	 5.16238433868145052407783e-01	-7.26599792241880759746664e-01
-5.47174111812983254843346e-01	 4.15955020647464202010468e-01	-7.26348340784117474377979e-01
-5.18186390265130802923466e-01	 2.91396589720979481974439e-01	-8.04096320376468720603214e-01
-5.89792588231099146334202e-01	 1.39491492717019938130107e-01	-7.95416134062692181672105e-01
-6.46239314738013326255839e-01	-1.43749192811950515097363e-02	-7.62999416633199034620816e-01
-6.68443072333652521521685e-01	-9.24488721259491830206656e-02	-7.37995301537744952113940e-01
-6.41495822825086214891144e-01	-2.36111262709345459676058e-01	-7.29886690466242105124195e-01
-5.26286572871672797546694e-01	-2.89064720842706956993595e-01	-7.99664948824892141132636e-01
-4.68175005163401769525677e-01	-3.50818026346543188065397e-01	-8.11011021460599557109106e-01
-4.10220672084203485940890e-01	-4.78797339363407237211590e-01	-7.76190767797006686556927e-01
-3.41974637893459054716061e-01	-5.32661678714671626977406e-01	-7.74160760479698839553464e-01
-2.70480736798192733516544e-01	-5.79028485717313579073107e-01	-7.69133397889482650633397e-01
-1.97023643328480990710716e-01	-6.24380319362821900597282e-01	-7.55864340184104865905113e-01
-4.98424483487272390602740e-02	-6.48416944631523217701385e-01	-7.59652023137781462480689e-01
 9.69893040725179622629781e-02	-6.58011692468733366823130e-01	-7.46735353033429971603141e-01
 1.70971708122188814638065e-01	-6.26401242421782522562523e-01	-7.60519663463232298283856e-01
 2.44327502733937468315517e-01	-5.88379231304164251881161e-01	-7.70787877160583501101598e-01
 3.81078766307661909173987e-01	-4.91686664357300573513498e-01	-7.82957979691516814391150e-01
 4.52295152232281894022492e-01	-4.92546107426778068116846e-01	-7.43523656197908611176217e-01
 5.49648182155418552063963e-01	-3.52215529848362796094818e-01	-7.57516400077833829129759e-01
 5.55193526772125078849740e-01	-2.17095391301967532982076e-01	-8.02888372630825575271274e-01
 5.86697385499878376613481e-01	-1.43966421321466003790945e-01	-7.96906423226402038650917e-01
 5.67328998210364310317289e-01	-3.78909116943848284925211e-03	-8.23482513826331419259930e-01
 5.89711806705994101562851e-01	 7.46998524330188817810239e-02	-8.04151675418286582264216e-01
 4.96962735121296073081965e-01	 1.51763659319370164402230e-01	-8.54397935162974686562620e-01
 4.19788011774932301456431e-01	 2.84699712001061366883903e-01	-8.61814422690036940899461e-01
 3.73420066771291248031162e-01	 3.56108681340913002522086e-01	-8.56588618186209682647814e-01
 3.51833010609956697845035e-01	 4.66826505364017652066622e-01	-8.11348597419600525704197e-01
 1.93191618857448788038056e-01	 4.86206661028174946803659e-01	-8.52220676336282956242485e-01
 7.30108043022876240790708e-02	 5.53423800399191700982726e-01	-8.29693629966416379417637e-01
-4.48430409553817327372727e-02	 4.82191235142513607847548e-01	-8.74917547217799906889013e-01
-1.67867532769811061976739e-01	 5.33678250171896406683913e-01	-8.28859467422095264055315e-01
-2.48887637439922704274409e-01	 5.20662191618059599917956e-01	-8.16679757401304051711577e-01
-2.84641525027418906823584e-01	 4.50315377919719928012654e-01	-8.46283204748318973464905e-01
-3.65194816404498301398718e-01	 4.28228070024060214482375e-01	-8.26591474741152576477532e-01
-4.47640625461018404340763e-01	 3.09410587711229978502558e-01	-8.38977329043556263599157e-01
-5.15796218561159980353636e-01	 1.49912263739997303479967e-01	-8.43493078868082668542172e-01
-5.50830192805988327897637e-01	 7.50735035403988781865792e-02	-8.31234063161205738445858e-01
-6.05294765379395860449563e-01	-8.12868453625258391426200e-02	-7.91840069569171745023084e-01
-5.60627467233855036887746e-01	-1.47252136923109511190688e-01	-8.14870327815739425858510e-01
-4.41464500620573296885141e-01	-1.98127297984128869501319e-01	-8.75131229293833357019139e-01
-3.97092134409344876821990e-01	-3.36625333903870616047982e-01	-8.53815683484637322209210e-01
-3.38079983155687047169380e-01	-4.64675368033594549110887e-01	-8.18400102231355841553295e-01
-2.67939739760415074343314e-01	-5.13773962528473959743280e-01	-8.15012031374329870558881e-01
-1.20397942501681745608444e-01	-5.38860503176822880355701e-01	-8.33746780238090789971750e-01
-4.71264066443295506769751e-02	-5.83194975865681475291069e-01	-8.10964069439467083455497e-01
 2.83157079732511279823726e-02	-5.54470062907038929722603e-01	-8.31721810476218181840125e-01
 2.41390280500113268979945e-01	-5.20360155217862163645748e-01	-8.19119064203561841885914e-01
 2.57412695913969868932725e-01	-4.35563718396910048991089e-01	-8.62567650215656844814305e-01
 4.03196951738709119528181e-01	-3.58879836312083755345270e-01	-8.41806082893931661992326e-01
 4.44029604221166884769900e-01	-2.90980393212175558748100e-01	-8.47448005096054224338786e-01
 4.81468882171266265856957e-01	-2.21639531806443690342689e-01	-8.47976198629048605326375e-01
 4.71779819915994047541119e-01	-7.87188955124751565950447e-02	-8.78195386579392445192127e-01
 4.57260940660811965319255e-01	 7.45335691689424512107465e-02	-8.86203802301100296290315e-01
 4.26445293042561790475276e-01	 1.51289574978835439367231e-01	-8.91771201903586274717384e-01
 3.05881764966099589653226e-01	 2.16399823353170289719216e-01	-9.27150183257243520884572e-01
 2.88943582668916398858983e-01	 3.47153445782716729706152e-01	-8.92186130308938230015769e-01
 2.39313310288618852350595e-01	 4.16583470761752394651012e-01	-8.77033266989796334023310e-01
 7.91367945797998018075958e-02	 4.19983883427366977425521e-01	-9.04074612742168826073907e-01
-1.39190007010678924899427e-03	 4.16957804342090232463391e-01	-9.08924777972532682568385e-01
-1.63289922549612803726049e-01	 4.01944202959782670436795e-01	-9.00986825042834227339483e-01
-2.04859128638893744911442e-01	 4.63708341536449075714899e-01	-8.61978718648453212658467e-01
-2.87060284243434604700695e-01	 3.17845090302300681273096e-01	-9.03643121913070612727381e-01
-4.07104721679225234343136e-01	 2.44333640554479120110543e-01	-8.80094777668788852409421e-01
-4.41824231269478395756067e-01	 1.65923186204069816884754e-01	-8.81623981606117546050427e-01
-4.65673958019994005397280e-01	-5.45460929533337010588490e-02	-8.83273733655382087270880e-01
-4.18538380964137868289754e-01	-1.18806955338669334443225e-01	-9.00394652928966365834640e-01
-3.68044467532597008307960e-01	-1.82531543954476099811401e-01	-9.11715693283954742298647e-01
-3.22866137914532891350916e-01	-3.20795964315135684330471e-01	-8.90419792158325784647843e-01
-2.55067816773959621379220e-01	-3.74087150897974562990811e-01	-8.91627283330429509788928e-01
-1.85516146103529927513520e-01	-4.17448699428916936149392e-01	-8.89561882546683557748679e-01
-4.28291584323287968794070e-02	-4.43330036749138123308711e-01	-8.95334653469855412666334e-01
 1.04607820170099299894595e-01	-4.50139407024634174980804e-01	-8.86809854592725432809175e-01
 1.71337986546503895368687e-01	-3.48686883385023405068637e-01	-9.21444926038137768209424e-01
 2.89583718988047134068609e-01	-2.92737428837562541072970e-01	-9.11288136351299460358177e-01
 3.28888189285871379574644e-01	-2.22312982252738294830507e-01	-9.17828686013982930624877e-01
 3.65308100029188675961223e-01	-1.50556287897410684406552e-01	-9.18630935810250237594232e-01
 4.40481353822134880093842e-01	-1.52439780919615075482909e-01	-8.84724979939076283663724e-01
 3.09149761656868748982419e-01	 7.26340605079525553078312e-02	-9.48235581552194339849393e-01
 3.48195207690698116387296e-01	 1.47073375180221010971593e-01	-9.25812896677471020012717e-01
 2.21609258306355944023736e-01	 2.11576487302607280094335e-01	-9.51905839174020829140943e-01
 9.04594860218483065583683e-02	 2.79890767968275722132887e-01	-9.55760555471291683993229e-01
 7.68862982408646724458157e-03	 2.77211801978860417072781e-01	-9.60778071052343141111862e-01
-1.20667410974478972462975e-01	 3.37898291073374379411831e-01	-9.33415299220239580435532e-01
-2.44597432099394690441230e-01	 2.56028775026064192577024e-01	-9.35211934573674796844500e-01
-3.31223657690922157481594e-01	 2.53675882266743368820272e-01	-9.08812101229971580629297e-01
-4.00273980674325180473261e-01	 1.01103473343619160162987e-01	-9.10801201181128283757005e-01
-3.08533399781990236299123e-01	-2.83100928524547372500120e-02	-9.50792132835380665589753e-01
-2.90592210079260893085262e-01	-1.67221011517536349844093e-01	-9.42121701665078248311147e-01
-2.05983946229354897283770e-01	-1.59861849043857445762384e-01	-9.65409137680010132065433e-01
-1.61616861294827884876213e-01	-2.54717789483113188353514e-01	-9.53414305465386302529396e-01
-1.05226814089815004504835e-01	-3.14764896872717692133392e-01	-9.43318809996501195236362e-01
 4.50363386377489877121505e-02	-3.16920921425797752490894e-01	-9.47382107581058896528248e-01
 9.77550694476704423729885e-02	-3.74628422925052495529030e-01	-9.22007316204144444782287e-01
 1.63542526284457201413147e-01	-2.20297006792956051590693e-01	-9.61625223720011135242203e-01
 2.87600547239418691258805e-01	-1.45759519905808321293961e-01	-9.46593940179428439130049e-01
 3.53843236429377872021007e-01	-3.29712124277648898750676e-04	-9.35304685823341031003508e-01
 2.29470890880810740597440e-01	 6.94293702956087360744775e-02	-9.70836068952283248734147e-01
 1.37838819344698798596838e-01	 2.09838604035871512110134e-01	-9.67971187658980047885393e-01
 5.42806191965276019217868e-02	 2.07456018316748619367829e-01	-9.76737229168522236300021e-01
-7.57295098077407358161395e-02	 2.72072449859025955465341e-01	-9.59292251283198393885243e-01
-1.99557636733280613361430e-01	 1.92087959807485803009897e-01	-9.60874063193728700227325e-01
-2.73992313183075819615908e-01	 4.66725213509787476007240e-02	-9.60598713338368881409224e-01
-2.25061531995970648400984e-01	-1.96064332948550530677512e-02	-9.74147265350101432268559e-01
-1.74407829807990244486149e-01	-8.79193424793565242447713e-02	-9.80740586556743343393805e-01
-4.87503231258435351658242e-02	-1.58340620079749277993031e-01	-9.86180335449803102676469e-01
 1.54738351365501592207807e-03	-2.24600614536975301538391e-01	-9.74449675228985179309404e-01
 3.73157948420371962661157e-02	-1.52487571003853711326670e-01	-9.87600664309543518903922e-01
 1.18438536011777423295754e-01	-1.54805755771949882237948e-01	-9.80819805656096277424183e-01
 2.40279543432190101359680e-01	-7.63543890668006569599768e-02	-9.67696103267060681041301e-01
 1.47486027585365941927620e-01	 6.65182715704017019087146e-02	-9.86824802695176916955688e-01
 1.69654816039429036378383e-02	 1.33904875926904115557292e-01	-9.90848957529323337567462e-01
-1.04645992334965756698217e-01	 5.79474281498736712436859e-02	-9.92819878859728333075907e-01
-1.40693311052260544569137e-01	-1.47673560390730960328876e-02	-9.89943087970600044123159e-01
-5.84185870584350563916587e-02	-1.50064974540079967141315e-02	-9.98179379530682919785534e-01
 7.46582727441838095439053e-02	-8.02995042923785734556574e-02	-9.93970890882249769049395e-01
 1.93533506413197053941389e-01	-5.77392612188858209837372e-03	-9.81076675735669700983976e-01
 2.63640620543273418441288e-02	-1.03404470066872800765312e-02	-9.99598925263376458794085e-01
