-5.96576678607575530688401e-02	 1.57859908345957325459530e-02	 9.98094066287735115494684e-01
 3.36056738246421349280979e-02	 8.54566670942070588656847e-02	 9.95774982983576362194356e-01
 1.85749091527747031693529e-02	 2.03118211022893069284123e-01	 9.78978020744503685257598e-01
-7.61944081123722832815659e-02	 1.35066480743688516197309e-01	 9.87902554886826989033466e-01
-1.67970762413695434700500e-01	 6.49186795309154157651577e-02	 9.83652066546969905402875e-01
-1.50995642303834137765151e-01	-5.65330199368683644634004e-02	 9.86916578876892880423100e-01
-4.22854146554105039812477e-02	-1.02604207225073504328172e-01	 9.93823083031952103638673e-01
 5.21536221345234030088989e-02	-3.11298832055480617642118e-02	 9.98153760735217776556283e-01
 1.46875298613084043219956e-01	 3.78799488043145005100598e-02	 9.88429439128509557122015e-01
 1.27023158354495235844439e-01	 1.53165282763524562836821e-01	 9.80002812953931434769572e-01
 1.15722244530994236577648e-01	 2.70559416832646060235845e-01	 9.55722744358366349537448e-01
 7.44234786727373761640314e-04	 3.13923848295201424196676e-01	 9.49447873022060018222135e-01
-9.51271367332620770840279e-02	 2.49186779870403468661877e-01	 9.63772160105670683272194e-01
-1.88208410268436793222335e-01	 1.81597787241679742287204e-01	 9.65194197026253197790879e-01
-2.77616386204980913898765e-01	 1.10563571383492931232695e-01	 9.54308565817898579730638e-01
-2.56042765928803039976458e-01	-7.43811484229438962811898e-03	 9.66636837940247906075797e-01
-2.39724115338964344212869e-01	-1.30768601415840679536018e-01	 9.61993722125407679790499e-01
-1.35222975201156725422180e-01	-1.76559702721464567565235e-01	 9.74957136674559521338779e-01
-2.75143052269479909677230e-02	-2.18999387453058941277462e-01	 9.75336983459082818015418e-01
 6.88060480093270893098278e-02	-1.46548005360263966512235e-01	 9.86807686371699466221230e-01
 1.65104393801710519484871e-01	-7.67053600274681807169586e-02	 9.83288781025404623470365e-01
 2.59411436834621034197568e-01	-6.27853980088578615681438e-03	 9.65746491775852256012058e-01
 2.38871780208171846648924e-01	 1.08078611547278352622570e-01	 9.65017764782696407799278e-01
 3.28228988116411268816108e-01	 1.74088105363670087033512e-01	 9.28417504644846958150595e-01
 2.16056575782242715755288e-01	 2.24153428714598035309535e-01	 9.50302476297279596906264e-01
 1.00746494396812200089464e-01	 3.73841925154056675673075e-01	 9.22004532995289616259527e-01
-2.23452993807161659489680e-02	 4.18334955222431637000824e-01	 9.08017925392793356920151e-01
-1.16762418779879334485017e-01	 3.57887739316913977560830e-01	 9.26435590641519257637526e-01
-2.09669846768838652462108e-01	 2.93440086827814861081265e-01	 9.32701169077436276211301e-01
-2.99615616101672865845273e-01	 2.24477288541038877411893e-01	 9.27275810919964693646023e-01
-3.85833351444219707637728e-01	 1.50841622088382781852189e-01	 9.10153519994878035248576e-01
-3.63234244414843643333768e-01	 3.65222447338770100921934e-02	 9.30981744892979468097849e-01
-3.40176494745002389041844e-01	-8.10548566004966053455405e-02	 9.36861816195150631791932e-01
-3.26912261070436305221421e-01	-2.05497111980096291983244e-01	 9.22442036406437071427433e-01
-2.27891143888456049193536e-01	-2.50712193000760918959458e-01	 9.40855473926766605607952e-01
-1.24277100578953331178056e-01	-2.92694114513114056475018e-01	 9.48095647918010819843460e-01
-1.73931522103634300657760e-02	-3.31530759586093959345732e-01	 9.43284068403815845194060e-01
 8.19010024568258970800727e-02	-2.59991329629190692784846e-01	 9.62131349824031256723345e-01
 1.79712959040259939724749e-01	-1.90576817593117203708530e-01	 9.65082239474478020824222e-01
 2.75589031214229007726857e-01	-1.20221191948118491521491e-01	 9.53728237435054970738690e-01
 3.68878665464121402450814e-01	-4.95329533014530615231408e-02	 9.28156784548087587793930e-01
 3.51018871157804501770272e-01	 6.27234382426256759091032e-02	 9.34265231283988417665398e-01
 4.36637758641567341744150e-01	 1.38214839697050950739765e-01	 8.88956762624587337739968e-01
 4.08516857683371870102462e-01	 2.49483973276185322376364e-01	 8.77993009121844414366365e-01
 2.99536417657095210831386e-01	 2.85462920325212754502076e-01	 9.10378413417495147008651e-01
 2.14861959066861035738683e-01	 3.51721860424189958216346e-01	 9.11112545981942578698920e-01
 7.12704744121966660141965e-02	 4.72483092042820573830397e-01	 8.78453326711622350941866e-01
-1.87551523229007588433603e-02	 5.28531548886995827807311e-01	 8.48706454607515148325092e-01
-1.23060270899009741030206e-01	 4.67786319934673955334148e-01	 8.75232613999408215477160e-01
-2.21637297445681946683749e-01	 4.04714190036806198413899e-01	 8.87177171011419907209472e-01
-3.15127553144665339956987e-01	 3.37112991721260524258241e-01	 8.87158078395162696949683e-01
-4.03609923267018999570865e-01	 2.64305337822620778354121e-01	 8.75923351805887873133827e-01
-4.86862980082361895828313e-01	 1.85446693983007254713513e-01	 8.53565441144435554932102e-01
-4.68113272230380572658248e-01	 7.21317300813205386500471e-02	 8.80719579592302070913945e-01
-4.44519575223482676928910e-01	-4.11017294087615420172810e-02	 8.94825678600443263910336e-01
-4.19406950975087955413301e-01	-1.56850703853376849394863e-01	 8.94145215373029045302644e-01
-3.36634193372667422927691e-01	-3.11102180286495666461377e-01	 8.88759164944768587091062e-01
-2.29368690263742569523941e-01	-3.58875803583681318720267e-01	 9.04764146907282240661630e-01
-1.20837446409493509680289e-01	-4.00585691300837154482650e-01	 9.08256249893312550547364e-01
-1.12330351507501455948779e-02	-4.37648125512618779708873e-01	 8.99076157595447122972132e-01
 9.82328115511556382299929e-02	-4.73696656815008720897708e-01	 8.75192431444102081350422e-01
 9.11218617217927351337181e-02	-3.69684093579982331334577e-01	 9.24678580518820791844803e-01
 1.90426124889419928765122e-01	-3.02866094389385331897557e-01	 9.33814767407818990818669e-01
 2.87132980302615359313734e-01	-2.33443052025649633307580e-01	 9.29009684063351270921771e-01
 3.81512066349425915667837e-01	-1.62149115049600306415201e-01	 9.10030882837732479906379e-01
 4.71896348262301645881678e-01	-8.66228205863571326661443e-02	 8.77388353837893486542043e-01
 4.57235724071829885417628e-01	 2.61539881020252766574696e-02	 8.88960888644077740217142e-01
 5.37465224653581707947581e-01	 1.07110050139091098064803e-01	 8.36455957864654431332951e-01
 5.11017737130805116407828e-01	 2.19971469846430955907834e-01	 8.30947305664632485111554e-01
 4.68791179987042561094768e-01	 3.31885859494348567366728e-01	 8.18588178410886824210024e-01
 3.60039808990491705387171e-01	 3.59448513091663979235335e-01	 8.60911204700160803682252e-01
 2.93826894236139946059438e-01	 4.43225583059138505959140e-01	 8.46886556007019675185177e-01
 1.86217377032679626269740e-01	 4.53590808334431827564259e-01	 8.71537989467806251120408e-01
 1.24402740822577004276006e-01	 5.50191250148195143410135e-01	 8.25720016916264842876672e-01
-4.78670687946940662249595e-02	 6.14001941688928187801366e-01	 7.87851736894214060846764e-01
-1.42189422433711187832017e-01	 5.61786040307395428961001e-01	 8.14971541260003151663227e-01
-2.37527429852243704422321e-01	 5.05335986906576994925899e-01	 8.29588006425444501878985e-01
-3.30127746715622005790891e-01	 4.42385022972494379445152e-01	 8.33853201887533646008421e-01
-4.18816441493196245371422e-01	 3.73005815103009841227077e-01	 8.27924785372629812307821e-01
-5.02480099890419640296102e-01	 2.96694731366923092341636e-01	 8.12087424846132610589677e-01
-5.80059974497186603414889e-01	 2.12444377412270013483209e-01	 7.86382739187627577415185e-01
-5.64311817309635310735416e-01	 9.87667074330874222853893e-02	 8.19632423923995268033593e-01
-5.43166271704528691444125e-01	-1.62583901408808982613774e-02	 8.39467727808895114449683e-01
-5.13832078233541378331495e-01	-1.32712524943197462956590e-01	 8.47563555788827582837541e-01
-4.43278636731345265786786e-01	-2.57347675791369967512878e-01	 8.58647904546665841074571e-01
-4.13953861782275611691517e-01	-3.74221958858732273167647e-01	 8.29819333242769130443151e-01
-3.13285256589782734604199e-01	-4.24537397673057759206472e-01	 8.49482398864427556972601e-01
-2.09380168209030936843362e-01	-4.68829700513052394228453e-01	 8.58113429027654528447044e-01
-1.03455960203887573078951e-01	-5.07141290260829213920601e-01	 8.55631098085426700095013e-01
 2.53152281139854950370305e-03	-5.41064771672408184599590e-01	 8.40977112796382986203980e-01
 1.00342537635910833415664e-01	-5.75169566003933985243179e-01	 8.11856727189984028747460e-01
 2.00416456571401752073669e-01	-5.18326344551298889840041e-01	 8.31366973411532317328465e-01
 1.98145386841903081709404e-01	-4.12201513815287190478642e-01	 8.89285284754930849260290e-01
 2.94412886031373388640020e-01	-3.45280599950608502179961e-01	 8.91124211227831919401865e-01
 3.88848961623600664072598e-01	-2.74453984696571340329285e-01	 8.79472282296845264681906e-01
 4.80450468025132915173003e-01	-1.99482039952526751802608e-01	 8.54034111444507471055942e-01
 5.66731838690673783709428e-01	-1.20210026074347511859663e-01	 8.15085622892155248209178e-01
 5.55488841154311407954935e-01	-6.40659882854621633846426e-03	 8.31499310188824281020459e-01
 6.30287934552582584935010e-01	 7.58237191812847349803306e-02	 7.72649909834303483258111e-01
 6.06608522715899600719069e-01	 1.89519293434526475694568e-01	 7.72080654844111480272772e-01
 5.69536855661195606792546e-01	 3.01908907042275576060320e-01	 7.64512120173445830495496e-01
 5.18901092076045067358336e-01	 4.10700862589804704949614e-01	 7.49710916360618484510780e-01
 4.12526819332164285114573e-01	 4.38384982911649068171300e-01	 7.98523781793154197039541e-01
 3.48430483463624984796780e-01	 5.29668361238235463339663e-01	 7.73335389915983939523869e-01
 2.39426751719875763324552e-01	 5.41578001304148903827240e-01	 8.05833791215206041158581e-01
 1.75244750306234459147348e-01	 6.31712049428489019753385e-01	 7.55135195906642908703077e-01
 5.97161474794335109250731e-02	 6.23840395392694202492123e-01	 7.79267054870473541150488e-01
-1.37216745629770403569481e-01	 6.61992118743476964937145e-01	 7.36843266536579943881691e-01
-2.37093602108370993253317e-01	 6.07199286270950988608774e-01	 7.58350611914650807321436e-01
-3.33337142962338461860128e-01	 5.46943381822258323232688e-01	 7.67944845807651099711677e-01
-4.24940314433360721846356e-01	 4.80097262980101857632320e-01	 7.67419277349931761023072e-01
-5.11142205584164344145393e-01	 4.06363626186007909080189e-01	 7.57365333893435188628018e-01
-5.90775609754064401357709e-01	 3.25025429681739252973927e-01	 7.38473187719035806253487e-01
-6.63402588550234151298923e-01	 2.36854606833228426010507e-01	 7.09786517712703290960974e-01
-6.52165424422001427373630e-01	 1.23141323490575063659414e-01	 7.48008337946483470304315e-01
-6.34161753494470348258005e-01	 8.47846203401204576155514e-03	 7.73153921341899863506342e-01
-6.07479334745851029531138e-01	-1.06572856147437472484896e-01	 7.87153786873515448618832e-01
-5.58067237298620066887622e-01	-2.20383301984930002337393e-01	 7.99995099272554743841113e-01
-5.11454884621163397007138e-01	-3.22577539714748728894023e-01	 7.96465712927262425857577e-01
-4.80108737983947264638118e-01	-4.41358006335753061399885e-01	 7.58088853601469936371871e-01
-3.85231266842059105748319e-01	-4.90288094804148921745934e-01	 7.81802056239672582549360e-01
-2.84341500586468343136914e-01	-5.35678212396484498825089e-01	 7.95109277903322086977767e-01
-1.77336894167098774177660e-01	-5.75870469031741771814836e-01	 7.98075703717591622421423e-01
-6.35334046575715821747465e-02	-6.10806338127367287604841e-01	 7.89226915275989537867929e-01
 5.48446488892081404631362e-02	-6.54730261455715667473498e-01	 7.53870246940645305500084e-01
 1.85492953552247846760181e-01	-6.22076970725872313572324e-01	 7.60665896879165970290160e-01
 2.88763969726794855752416e-01	-5.64305775376284346478428e-01	 7.73417326974637386882705e-01
 2.96911235145942975499622e-01	-4.55735969728614020990420e-01	 8.39135533951238521410687e-01
 3.90257731463688473105833e-01	-3.86264808878258869562217e-01	 8.35762167398751198987839e-01
 4.82327693943206403659474e-01	-3.12042913934511723095255e-01	 8.18528689490287675312175e-01
 5.70652089263287476406106e-01	-2.33635203628912019313546e-01	 7.87255222049826786090421e-01
 6.52606467413237134600479e-01	-1.52546394494597725710605e-01	 7.42182185327237675664946e-01
 6.45195726321098339539617e-01	-3.84092055264833240335598e-02	 7.63051248388871283800938e-01
 7.14472720167243835476256e-01	 4.39003388070252978381269e-02	 6.98284678615711751348272e-01
 6.94227385612588898666786e-01	 1.57880307947343312413579e-01	 7.02226562747352844873205e-01
 6.62405262690201390718414e-01	 2.70356615860925797445447e-01	 6.98660552930071454547090e-01
 6.17638823551792115473802e-01	 3.79452949899870495276133e-01	 6.88866999103487920308453e-01
 5.61266352662850853683096e-01	 4.84077729671216316909010e-01	 6.71303830619862762496552e-01
 4.58950680605989203009187e-01	 5.14159935121869859919741e-01	 7.24571482937863109441423e-01
 3.92796020880128105012830e-01	 6.07053438923886523603812e-01	 6.90794765665911358887286e-01
 2.86046169741678846243360e-01	 6.22966564605374584218112e-01	 7.28072968980370993641316e-01
 2.10955082188693215927699e-01	 7.07619513948585909801636e-01	 6.74368279783330804022512e-01
 9.66742950895070896066841e-02	 7.06952598668395215675275e-01	 7.00622654433147640240520e-01
-1.83670265559009518452349e-02	 6.98601533188213497105323e-01	 7.15275156958895319547764e-01
-1.08432394931840023200031e-01	 7.44610150932756287289749e-01	 6.58633539122662203801895e-01
-2.24531070776977870195878e-01	 7.01559899359597394230548e-01	 6.76313171442265659294435e-01
-3.25796618026059081607571e-01	 6.45268227232790980707478e-01	 6.91003240662902751267893e-01
-4.21386770776253749559714e-01	 5.81988073272738160035544e-01	 6.95502028741143973888938e-01
-5.11125379115179856448492e-01	 5.11566000517577501582878e-01	 6.90688840172485996049545e-01
-5.94173277968484625510825e-01	 4.33788934948773463595728e-01	 6.77336899677106751838096e-01
-6.69524653366746380633856e-01	 3.48695916715702880495087e-01	 6.55856612530462901311523e-01
-7.37210302303624720465791e-01	 2.56856862278258102350037e-01	 6.24936414747905732980371e-01
-7.31013454187879441192877e-01	 1.44378041370010423705139e-01	 6.66914020670179685801315e-01
-7.17108676702913339084944e-01	 3.11283602882846954784668e-02	 6.96265876647103487684376e-01
-6.95861674102978833289512e-01	-8.12931696268133080485185e-02	 7.13560054295800605395073e-01
-6.60248493942253267263709e-01	-1.90265925017721493350820e-01	 7.26547179489492767068270e-01
-6.19248222210403653775757e-01	-2.91715371036167459006805e-01	 7.28995049085030322189027e-01
-5.69898743115715422646872e-01	-3.89220800797295207740234e-01	 7.23686804371780678657444e-01
-5.73170596647014196634018e-01	-4.82305589966009695679361e-01	 6.62462666892893681236387e-01
-4.77006100995794490859936e-01	-5.37298299307142901426460e-01	 6.95539874611399877579743e-01
-3.76585608717343089946183e-01	-5.86448900584036980632163e-01	 7.17119910691902728849811e-01
-2.71472455170424675774399e-01	-6.29406460819311508458895e-01	 7.28114148442845832143178e-01
-1.62250514154215763618083e-01	-6.65417681794293391916995e-01	 7.28624786438260896304087e-01
-4.94066573003367967564792e-02	-6.93657946135178171687130e-01	 7.18608124068976450438129e-01
 6.02653259974372731977432e-02	-7.37059861907901292532586e-01	 6.73135090785444201166854e-01
 1.64012633018356113190350e-01	-7.04804903160132223405299e-01	 6.90181066599064974020905e-01
 2.75545939158361952170395e-01	-6.61544362488390658150195e-01	 6.97447841686505864977619e-01
 3.74619239949922744337130e-01	-6.01693490814509956976508e-01	 7.05425664525179740849126e-01
 3.84686873919378724551166e-01	-4.97598100546500110574755e-01	 7.77439476336679979873168e-01
 4.76564821436935126541812e-01	-4.23887275308004296547892e-01	 7.70198382756506538804331e-01
 5.66705061634001028281205e-01	-3.46094951554621554912217e-01	 7.47705595556705238102779e-01
 6.51651091572357787917724e-01	-2.65592640457673223597368e-01	 7.10500812235479228817780e-01
 7.29090421744862160480238e-01	-1.83967804699805059787110e-01	 6.59229098078834563345652e-01
 7.25769467446101490537558e-01	-7.03414429827030757147455e-02	 6.84332347271494501050881e-01
 7.89211777016340598756017e-01	 1.10426877735790070905741e-02	 6.14021848198779807148640e-01
 7.72750574459412420402771e-01	 1.24984317402071318237056e-01	 6.22282468077147710161512e-01
 7.46149949795437361643735e-01	 2.37371262430092405670834e-01	 6.22025028590177164744546e-01
 7.07501318000483325754146e-01	 3.46539528495454496326289e-01	 6.15915773639324037880272e-01
 6.56822209408455259804782e-01	 4.51310180956658091311340e-01	 6.04072599769815643533377e-01
 5.95107238284307782372196e-01	 5.51496193567808434821131e-01	 5.84550531110735294149094e-01
 4.97382991796851969823479e-01	 5.85173755690548413888052e-01	 6.40454397379103923526600e-01
 4.26105900159247097391813e-01	 6.76425875346638005858324e-01	 6.00734381412461160287819e-01
 3.21238558437694776692695e-01	 6.96603218319909789357780e-01	 6.41521429727188507996516e-01
 2.43332327936588127537121e-01	 7.73909527013984743781805e-01	 5.84682325864183449759537e-01
 1.29773413166158591014465e-01	 7.78629376409996631913657e-01	 6.13917873519402634840958e-01
 1.38840907495665095289228e-02	 7.72656076653530088371724e-01	 6.34673001816236315164588e-01
-7.57649716937130318639149e-02	 8.15138450918829748914618e-01	 5.74289974575476591667211e-01
-1.96150774969520602653006e-01	 7.81056930536911608875528e-01	 5.92853223605231516302183e-01
-3.08304166960122694174373e-01	 7.34110559071042390044681e-01	 6.05004320394016970041662e-01
-4.08768100043662818698920e-01	 6.75674109851098769752298e-01	 6.13492573438032318122737e-01
-5.02454728366304226305772e-01	 6.09491153492021320303706e-01	 6.13237131750278718911318e-01
-5.89265327811046679684637e-01	 5.35901531594531133073644e-01	 6.04628747145201317358953e-01
-6.68358102307213375326000e-01	 4.55032683434935358857132e-01	 5.88423915290925747534345e-01
-7.38956633076584212815874e-01	 3.66965616496125579537591e-01	 5.65048078256830343946149e-01
-8.01103515453950199010080e-01	 2.71970303862329287891697e-01	 5.33165369603423200395298e-01
-7.99966989806985551147989e-01	 1.60293133389412451039746e-01	 5.78237776876739606457534e-01
-7.89919511875162960734542e-01	 4.65317103177189800300440e-02	 6.11442527711159811154573e-01
-7.72740742836522498393492e-01	-6.71851351980905231453534e-02	 6.31156004462346542638329e-01
-7.42945913144295810859319e-01	-1.78737092497224692166924e-01	 6.45046061849715690605933e-01
-7.04065187176108442379530e-01	-2.86564074155957526635063e-01	 6.49748600313852398002723e-01
-6.54403898835908992559496e-01	-3.91151551069680136762940e-01	 6.47113592257298253507258e-01
-6.56346116742470009342014e-01	-4.85901860353811221315823e-01	 5.77156094260283802910294e-01
-5.60965682439794721680926e-01	-5.70474914714989789210620e-01	 5.99896553420488198860028e-01
-4.62390904431992044720801e-01	-6.27417336587349883103570e-01	 6.26531832589694359647581e-01
-3.60829016961278614683550e-01	-6.74789669013471371528112e-01	 6.43786706224543925358716e-01
-2.56387549303307316073131e-01	-7.14538092290645465709531e-01	 6.50922990243768651019707e-01
-1.50096884474736430581387e-01	-7.46763931745255127303551e-01	 6.47930980518253596400768e-01
-4.30661279262467902584355e-02	-7.69946798717886959906309e-01	 6.36653151857051624595840e-01
 3.53188537279966671689202e-02	-8.16317338564266692380045e-01	 5.76522836781590886090498e-01
 1.44383453834490776968025e-01	-7.86053199234285959740021e-01	 6.01060551219565142311296e-01
 2.50987816848308564754433e-01	-7.46920452572138238167554e-01	 6.15723114169958951613637e-01
 3.56171312840629583629237e-01	-6.97446669944070118951629e-01	 6.21860224241195469474519e-01
 4.51652821839666207548447e-01	-6.34668079830573494959367e-01	 6.27061525664299956872583e-01
 4.67193266346298596847220e-01	-5.32262016577428109798120e-01	 7.05994049259344724767118e-01
 5.55686636625674412748310e-01	-4.55895337003327572045208e-01	 6.95249454206379291498763e-01
 6.42711185750746372136177e-01	-3.76517334765584299471897e-01	 6.67200890535894486355062e-01
 7.23389700494770582217541e-01	-2.95522053903174819478039e-01	 6.23998443006819614176095e-01
 7.95553809752219009965302e-01	-2.15351794002605484434909e-01	 5.66319468682288551519832e-01
 7.96462522857301125078777e-01	-1.02721748939785986753925e-01	 5.95899061904392235433647e-01
 8.53374741721977358999141e-01	-2.40552966728419456710064e-02	 5.20742635946904286470271e-01
 8.41022971825530873957177e-01	 9.03412616396785106420708e-02	 5.33403053335002708124080e-01
 8.19530086407696201078465e-01	 2.02885085270048337591220e-01	 5.35917978470175193628222e-01
 7.86849983621996429405954e-01	 3.12180323560568073748556e-01	 5.32363173835008085532650e-01
 7.42406348294423534817099e-01	 4.17212879433392802575042e-01	 5.24181483121100355582200e-01
 6.86649909963587989913947e-01	 5.17209310525554966098127e-01	 5.10887884229678013170428e-01
 6.20006825908327008356480e-01	 6.12137164101539288374454e-01	 4.90794894179643004239466e-01
 5.26694591685304303041448e-01	 6.50095284859777078345644e-01	 5.47694191764469873184851e-01
 4.54139756577918829449914e-01	 7.36149338698745658859934e-01	 5.01837854918048331676061e-01
 3.52647372836335348811332e-01	 7.60473425928862356570903e-01	 5.45270574015918829680061e-01
 2.77120203364073669494161e-01	 8.28576999761089005858139e-01	 4.86481806807168348782966e-01
 1.63682833442186786987449e-01	 8.39010342904477957048925e-01	 5.18911914042882393971468e-01
 4.78013708646208360097951e-02	 8.37096482240986761169665e-01	 5.44962850443246660248064e-01
-4.20681394333285996189886e-02	 8.74321732242948845836850e-01	 4.83520196240350585981105e-01
-1.63634022325275907405739e-01	 8.48095723797148703937410e-01	 5.03942010567328790848762e-01
-2.79601661312526839076043e-01	 8.09494721668382655188623e-01	 5.16276288998732679758064e-01
-3.87587695720231217855201e-01	 7.58769724052007044079460e-01	 5.23492391528590172988800e-01
-4.85774533143845499427727e-01	 6.97751771988287750048130e-01	 5.26465162794351959618666e-01
-5.76423490513784608779702e-01	 6.28910731919818388746535e-01	 5.21734847273961022118272e-01
-6.59260836419522600060361e-01	 5.52869993188474850853709e-01	 5.09617425325319062245910e-01
-7.33569271038218451153057e-01	 4.69809418403815570730586e-01	 4.91075589871381834594644e-01
-7.98742497058249845132138e-01	 3.79860974694996411660242e-01	 4.66600539323433483041015e-01
-8.58832997108689877308052e-01	 1.75123652875320834354511e-01	 4.81391305780348666143453e-01
-8.52533998838370887796145e-01	 6.28425003306508495048988e-02	 5.18880141243475367929250e-01
-8.39494893846694512085094e-01	-5.04752074317425525329384e-02	 5.41018092710447096038706e-01
-8.14790276933179735685542e-01	-1.62779022757896407735956e-01	 5.56434896789495647695389e-01
-7.79153452979467808781067e-01	-2.72714502698663152635561e-01	 5.64399412409326672879217e-01
-7.30222341897952431644114e-01	-3.81056537606946854612744e-01	 5.67072523175012666030170e-01
-7.55700432904827801294800e-01	-4.45768569394929647931036e-01	 4.79799164491825469447406e-01
-6.94112453117641914346336e-01	-5.32497612893580107851221e-01	 4.84411183489448615713258e-01
-6.15898092363356797207530e-01	-6.01843303293990605773445e-01	 5.08383888516695359172104e-01
-5.25258512499566676545726e-01	-6.65703114366727022321868e-01	 5.30040431070293860393861e-01
-4.27987762679905681117987e-01	-7.16845319586400520073255e-01	 5.50417353272332876557016e-01
-3.24989336044129384362122e-01	-7.60273246004664504660298e-01	 5.62464685884480175559474e-01
-2.16093044647921700418536e-01	-7.96165763748998500659582e-01	 5.65175966128041440406093e-01
-1.00070161383211619909872e-01	-8.24234888726946057779799e-01	 5.57335456440747889494958e-01
 7.90024306004127700731043e-03	-8.73719701605603971117375e-01	 4.86365571546554686932495e-01
 1.21361642750969681014972e-01	-8.56105803653245289730478e-01	 5.02348688283364541717901e-01
 2.27101637655989757602626e-01	-8.22923923289715530948740e-01	 5.20788884915403982311943e-01
 3.30092409481785364899764e-01	-7.80088542899387005213896e-01	 5.31508105713939915659694e-01
 4.29400765467446043910371e-01	-7.26798167224040336797941e-01	 5.36077799144627498151294e-01
 5.20556643514978434339469e-01	-6.61880515435961824799449e-01	 5.39383874600126822507207e-01
 5.40882378411331909973114e-01	-5.62819395773274333549807e-01	 6.25044462790854127298701e-01
 6.25668543397470799938276e-01	-4.84390454908163736735816e-01	 6.11477522887595048572962e-01
 7.09367217842667319160910e-01	-4.04282748717533502169630e-01	 5.77367828459076526392835e-01
 7.84965474350932557179306e-01	-3.24583033484774796662009e-01	 5.27707360618398735319090e-01
 8.49427086112805485029753e-01	-2.52710748126438566885099e-01	 4.63261160857765530440844e-01
 8.55716394092668641846444e-01	-1.38365083759891482895199e-01	 4.98602603760909923735767e-01
 9.05657861538303854409548e-01	-5.80886531917401555125124e-02	 4.20011364375104279123008e-01
 8.97678262170257257324124e-01	 5.64031631460296042912539e-02	 4.37026796448581000831268e-01
 8.81059193121026873463109e-01	 1.69000365084928994008351e-01	 4.41784534380829096988919e-01
 8.53823850100315251410166e-01	 2.78406513525703669387212e-01	 4.39857529464185326162351e-01
 8.15099929889386176640187e-01	 3.83815763754809968766324e-01	 4.33932671952262483117124e-01
 7.65313063918536706786711e-01	 4.84302901881420111429577e-01	 4.23965344603609572970981e-01
 7.05070087901866648927296e-01	 5.78884148017272615049933e-01	 4.09596526255253723380889e-01
 6.34636581939382660166871e-01	 6.67330623362251462715733e-01	 3.89751520827367803345709e-01
 5.50586639040435921188532e-01	 7.06698673168679847300666e-01	 4.44332463648318243265578e-01
 4.89353166089866564725241e-01	 7.79144375505827269101644e-01	 3.91749308812993135564540e-01
 3.88183599058364303679980e-01	 8.11463495363728526399427e-01	 4.36852937627956461330569e-01
 3.07237332611763225287405e-01	 8.70763652188982439916742e-01	 3.83895667435976362114047e-01
 1.95410188122786349085303e-01	 8.87904872231326303122501e-01	 4.16461038088426327430369e-01
 8.23487011213908937090622e-02	 8.91036675955523937986413e-01	 4.46399298303380542840557e-01
-8.42431712955044390001014e-03	 9.21982365913659673850589e-01	 3.87140217266498110060269e-01
-1.29709631924248558476620e-01	 9.03291627399362861972065e-01	 4.08949443398920253756046e-01
-2.46820199760143049738659e-01	 8.72109299811471005980934e-01	 4.22498707894721547972949e-01
-3.58403240421654223357706e-01	 8.28642423086215940131183e-01	 4.29998665017768177953883e-01
-4.62384166643992844392130e-01	 7.73898907832793359062862e-01	 4.32760167866856615415116e-01
-5.57464692454772814400599e-01	 7.09846509902196887153991e-01	 4.30524156170099259188788e-01
-6.44283647157916528058763e-01	 6.38305602930069548861525e-01	 4.21265402416307888078251e-01
-7.22477535472425547169451e-01	 5.59772439799289367456936e-01	 4.05809100906868946978534e-01
-7.91523543842525989511216e-01	 4.74446259287062077625308e-01	 3.85215818199983239811246e-01
-8.54879154524220363775555e-01	 2.83784991437727396323965e-01	 4.34335941173008832638658e-01
-9.07716118791817683231216e-01	 1.89239452978958916373742e-01	 3.74486150774288761855502e-01
-9.04909671613691068969842e-01	 8.04697963860677850655989e-02	 4.17927144475668588263773e-01
-8.96470632241570197784597e-01	-3.01106947436640716431189e-02	 4.42078897472445830896248e-01
-8.77622925501456374597353e-01	-1.39359293980732379392151e-01	 4.58646909741532271542752e-01
-8.48393413927527095808045e-01	-2.45759263580084846845253e-01	 4.68861386306198335560680e-01
-8.08275797380527127877770e-01	-3.48489019368139751886559e-01	 4.74600504370471354409489e-01
-8.19746483317917440380995e-01	-4.30282949122098801186809e-01	 3.77984506008773535334910e-01
-7.59858915714571869770566e-01	-5.25388774638092970192815e-01	 3.82859065053131830680400e-01
-6.84022315385858559189103e-01	-6.11412447962915717170063e-01	 3.97854609788756807819965e-01
-5.98678371183866575577781e-01	-6.80433272369490471653819e-01	 4.22604744092135442556923e-01
-5.06751093410827468943580e-01	-7.39821371423465379280060e-01	 4.42569393103537656042334e-01
-4.09740588180673270812804e-01	-7.87680562045915855229339e-01	 4.60078235273508717728674e-01
-3.08561786830498951950119e-01	-8.27182088047319963308723e-01	 4.69637537811497640660718e-01
-2.04175719489968793274315e-01	-8.58019837818651986971474e-01	 4.71289967515125418628941e-01
-9.82030761877151076033599e-02	-8.80810446644378686187338e-01	 4.63172875835146269363207e-01
-3.32126903816961707716082e-02	-9.25018135630382820622231e-01	 3.78468447763483373247340e-01
 8.02028628353186334720704e-02	-9.12919290646662773269782e-01	 4.00182295408246790913154e-01
 1.92320628824614064944498e-01	-8.88977749458711885566231e-01	 4.15609596491501809278901e-01
 2.97948834092416126040348e-01	-8.52054592782390041172391e-01	 4.30382926219669392775558e-01
 3.99454671564851537812757e-01	-8.05103214377757669950597e-01	 4.38457272221158322889067e-01
 4.95622328959720803709388e-01	-7.47657803884637428559756e-01	 4.42002619140365926586611e-01
 5.84103355305882754322511e-01	-6.79524986619480020344497e-01	 4.43924613960755110042555e-01
 6.05969711810984690281146e-01	-5.88535408941931126314273e-01	 5.35188546952628740882574e-01
 6.86654634417903531051763e-01	-5.08591135869908783639914e-01	 5.19461711338738862941966e-01
 7.66799232110839446008299e-01	-4.29286711881093741016713e-01	 4.77212590609830955568071e-01
 8.30825428024731027498717e-01	-3.65334493468729648579796e-01	 4.19833081151865961100356e-01
 8.90732182467086408550472e-01	-2.83732377023446169506116e-01	 3.55094518890458843429769e-01
 9.02350254961407527432016e-01	-1.71343358287556479790936e-01	 3.95481315540727962343226e-01
 9.44922758338652024612259e-01	-9.68495275587132886663255e-02	 3.12635810145490855571637e-01
 9.41945366386966687066717e-01	 2.04246486168777746650349e-02	 3.35144387497389506513912e-01
 9.30053689192232080351630e-01	 1.34843003072774136885670e-01	 3.41785751227629053250467e-01
 9.07384703333430353566769e-01	 2.45912690914891846061252e-01	 3.40851798592144039634633e-01
 8.72886473559934761290435e-01	 3.53477096388944311833313e-01	 3.36337845929568779457242e-01
 8.26592417784910660216724e-01	 4.57011424287048662051802e-01	 3.28459332234021017526970e-01
 7.68691886838979598906008e-01	 5.55770725602627413408641e-01	 3.16593878132629735766557e-01
 6.98138379057545166439525e-01	 6.49348880835159958380132e-01	 3.01577244905892771775768e-01
 6.00136285828676840914397e-01	 7.36396021551053436837719e-01	 3.12341700506899078160217e-01
 5.16981674446769678965552e-01	 8.05387894207839183380315e-01	 2.89966012059477473705726e-01
 4.17915909732705759260796e-01	 8.50305770983631914461398e-01	 3.19884960922229233393210e-01
 3.30800310986758827613841e-01	 9.01551951220864844493974e-01	 2.78882113985309487702580e-01
 2.23047759677126478106146e-01	 9.25283024435949230657172e-01	 3.06758898149145309286467e-01
 1.15925826880462101708957e-01	 9.34153646181650310076350e-01	 3.37517655816120865086560e-01
 2.41894914420718483427653e-02	 9.57880938190444619628749e-01	 2.86145027486356007262458e-01
-9.49519098089513097216141e-02	 9.46679970306695262038943e-01	 3.07865504147099067200344e-01
-2.11523464784174497488323e-01	 9.22412288659796408829550e-01	 3.23130613800510002597832e-01
-3.24745999314231315047152e-01	 8.85561810076714417405697e-01	 3.32145023239931336256348e-01
-4.32617618008704074572535e-01	 8.36760700490613573698795e-01	 3.35668775287384424377279e-01
-5.33099558549754215519556e-01	 7.77339574381760822774368e-01	 3.33988093760901050277567e-01
-6.24895340029704149387157e-01	 7.09218581692378391423404e-01	 3.26366078800190140274395e-01
-7.07985555120448806221134e-01	 6.33234948846483791662365e-01	 3.12681872356203593987800e-01
-7.82236580409880088993191e-01	 5.49124350191150689681763e-01	 2.94225050421958456148275e-01
-8.47165977015041260500539e-01	 4.57140131428527995982591e-01	 2.70800124862709268303007e-01
-8.50854964059086782413033e-01	 3.83129636670763940031748e-01	 3.59524007043394322469254e-01
-9.00513531887165985523325e-01	 2.86383280933824313496672e-01	 3.27200237300770579995657e-01
-9.44521447246471135272827e-01	 1.09531383911159158062176e-01	 3.09648367717218819805680e-01
-9.41701869493786314357919e-01	-5.35861443917297688988022e-03	 3.36405817790358996344224e-01
-9.27944040078019782846752e-01	-1.16907644557574089128060e-01	 3.53910244451446032165620e-01
-9.03273318874217245877389e-01	-2.25206834637259462050807e-01	 3.65211162264549193956498e-01
-8.67545566144830915256136e-01	-3.29916095201498671407592e-01	 3.72182832475438540864587e-01
-8.69593940863799819140922e-01	-4.12219301500414192496180e-01	 2.71811746404522880382615e-01
-8.13788737922843896654967e-01	-5.09928298250521327972251e-01	 2.78784900368137744663954e-01
-7.43541854888071340745626e-01	-6.01818927370752820849020e-01	 2.91478110135088896992528e-01
-6.61294427781696225743246e-01	-6.83166826754534772803140e-01	 3.09794716880418485871473e-01
-5.71640833011813676023394e-01	-7.50295490315878277343131e-01	 3.32089498848150144194591e-01
-4.75149115590591308855295e-01	-8.07021667782247709155286e-01	 3.50641334818698302555617e-01
-3.73413003225573192356279e-01	-8.52795315681109777905533e-01	 3.65106667392441019970306e-01
-2.66698267364700203341243e-01	-8.89287258831559235261466e-01	 3.71537623215358991934920e-01
-1.55289376283697794223215e-01	-9.16313269461025314832625e-01	 3.69127622676854616479147e-01
-8.93456868336521270457240e-02	-9.55933351592302860133543e-01	 2.79658319307203195869249e-01
 3.43044718516223451354463e-02	-9.55783748238863695156908e-01	 2.92062715548304818735659e-01
 1.49838645042402407447923e-01	-9.38896491463835025648166e-01	 3.09873778769288066303744e-01
 2.61761968709110448561006e-01	-9.09322024435536557795956e-01	 3.23441072861793521564522e-01
 3.67544985308718485939039e-01	-8.67741874578425442798846e-01	 3.34566470043748231955050e-01
 4.68073854798281563383000e-01	-8.15552672489162855384848e-01	 3.40265638656126079286679e-01
 5.62401434017414714183758e-01	-7.52234941846687599209531e-01	 3.43288827782184613468530e-01
 6.49507199378385857713170e-01	-6.78018427206420359887318e-01	 3.44138649855225797757896e-01
 6.67079218189380096504237e-01	-6.03028848307881837342848e-01	 4.37448882463214339111346e-01
 7.44673891056740422378368e-01	-5.19524656941456108860677e-01	 4.18992752691829339894980e-01
 8.08605716941788954521542e-01	-4.77375379678435129982006e-01	 3.43903389640063894550082e-01
 8.66994469275376045125370e-01	-3.85400957803656740718878e-01	 3.15890316359861089701155e-01
 9.52281884482168661243406e-01	-2.45145437273696947810819e-01	 1.81832139818508181638990e-01
 9.34229531063450413519433e-01	-2.12340459517442070591642e-01	 2.86577585552128089041446e-01
 9.70338109468372067567543e-01	-1.35634026886179731574700e-01	 2.00118375128283981778665e-01
 9.73031337871609003364881e-01	-1.70170186150274439784713e-02	 2.30044423095285027747181e-01
 9.66367089660935318917723e-01	 9.81374357927539825441343e-02	 2.37705051936799943712586e-01
 9.48474245033973151208784e-01	 2.09771078754303952340621e-01	 2.37471474130031862115331e-01
 9.18614681126369680974619e-01	 3.18285287817564876977627e-01	 2.34182713234747985620032e-01
 8.76618779592060803906861e-01	 4.23382643379284828721865e-01	 2.28662748500264939588433e-01
 8.22468065507956036519488e-01	 5.24524707130027412205209e-01	 2.20045706228863963138664e-01
 7.55316475292350464343372e-01	 6.21052944021553199327457e-01	 2.09261231177926221302954e-01
 6.69263995311313197866809e-01	 7.12358622090847770635946e-01	 2.11260261556136724747645e-01
 5.83505454533099321423606e-01	 7.87432110213855396274596e-01	 1.98675756785462287457023e-01
 4.79236388491861897698243e-01	 8.54915893408135563191763e-01	 1.98623511054070694958895e-01
 3.84169204685817000655135e-01	 9.04584758606512662204580e-01	 1.84771309103616637736778e-01
 2.69040844183221217189583e-01	 9.44340747206073305441976e-01	 1.89308154413525581150068e-01
 1.61222687505717943157180e-01	 9.62837677372536226982902e-01	 2.16681452979468947006580e-01
 6.04770172734224800703551e-02	 9.80648369519888096768057e-01	 1.86202324742993835515747e-01
-5.72984274873816201711918e-02	 9.78093884947542901997508e-01	 2.00123068224770800371815e-01
-1.71716373110638642618397e-01	 9.60767415114722300728545e-01	 2.17806017500672022269015e-01
-2.85327231578694384683814e-01	 9.30521096246790802020143e-01	 2.29605880498102321585208e-01
-3.95714934606041734976856e-01	 8.87739732131220260491489e-01	 2.35218746118002752787390e-01
-5.00250568292130215475311e-01	 8.33432524244496542031868e-01	 2.34818220023164409004934e-01
-5.96576073299532438909409e-01	 7.69488380124491833100819e-01	 2.28001363197452344699911e-01
-6.83792044647344443575321e-01	 6.97065010035847754110705e-01	 2.15705381158485753889664e-01
-7.62271192759745086497958e-01	 6.15660031458461154407757e-01	 1.99763245751571033581584e-01
-8.31738247749112646900471e-01	 5.25246735112896989683406e-01	 1.79798093661968527712247e-01
-8.91611460708989111978440e-01	 4.24947928469634250703280e-01	 1.56359397612517908582319e-01
-9.02147311276521701728370e-01	 3.56637650519475657429069e-01	 2.42775235533798178222398e-01
-9.42404213238921983908369e-01	 2.30694140698012833956554e-01	 2.42186936718589401751345e-01
-9.69947830673274280499641e-01	 1.28991016736985264490301e-01	 2.06306867004877270144192e-01
-9.73640156096193809531769e-01	 1.56657480310041438698043e-02	 2.27550941056302441500847e-01
-9.64786002186955982118377e-01	-9.51714219745595085830914e-02	 2.45214947389940429722799e-01
-9.44616045125774239643590e-01	-2.03996082325736960427776e-01	 2.57072218815438346961599e-01
-9.13054356888179152740292e-01	-3.09961798990342540793819e-01	 2.65057398565262336553872e-01
-9.08966516067328256234248e-01	-3.83968118479478148774575e-01	 1.62321768902857821448293e-01
-8.57639568291394427390628e-01	-4.85116318076573016515596e-01	 1.70635661093395479825929e-01
-7.93026091814562850146331e-01	-5.80924066593043741946190e-01	 1.83403507475516258651282e-01
-7.15769513252493161381551e-01	-6.69129731316989162515085e-01	 1.99848459003173162251699e-01
-6.28245775413293849886998e-01	-7.46524442666182230787797e-01	 2.19108425619133240225267e-01
-5.33359515662460204055151e-01	-8.11238417797456645708110e-01	 2.39624407233039071751790e-01
-4.31775162579326521328227e-01	-8.64778895130523639345199e-01	 2.56374085110853910940421e-01
-3.24689440073622048732460e-01	-9.07081111222143410266483e-01	 2.67919064586078392586899e-01
-2.11726271241975655401646e-01	-9.38800097393044374882720e-01	 2.71710071953138398992422e-01
-1.44854730991775759729734e-01	-9.72976418613252014289117e-01	 1.79816561339133790253797e-01
-2.01676339347139563229483e-02	-9.81553967798587501114582e-01	 1.90118580997031605406278e-01
 1.02980946999071468206388e-01	-9.73933000670561543898884e-01	 2.02112430988325014746820e-01
 2.19217674449254162905021e-01	-9.51396141634555769783788e-01	 2.16307634844314006228316e-01
 3.30571354878432699386792e-01	-9.16015887297250253062941e-01	 2.27238802920779192628942e-01
 4.35268670256583056765720e-01	-8.69193271463270855647920e-01	 2.34615092302355443543149e-01
 5.33768724938062377738390e-01	-8.11151922023042759590794e-01	 2.39005246127190068561319e-01
 6.25486831326201975223000e-01	-7.41711538099235845322710e-01	 2.42136775579368385136192e-01
 7.10157902170280852516271e-01	-6.60137048937053605435210e-01	 2.44734203996466587183178e-01
 7.32515799634724684707976e-01	-5.92525182727932642201552e-01	 3.35163409576180015836400e-01
 7.91985670625948157130836e-01	-5.57074734356932221857051e-01	 2.49852832412043868171025e-01
 8.57341164145160483656127e-01	-4.59016157630641130626969e-01	 2.32959857692744021218090e-01
 9.13351569659507256382369e-01	-3.36811751595179176277384e-01	 2.28794130580094956517456e-01
 9.76607571503538496315855e-01	-1.98783187526632071362442e-01	 8.19932658131937164291969e-02
 9.93830459399067667192185e-01	-1.08026525706445108987452e-01	 2.51254395868582038053862e-02
 9.90452367923077559019873e-01	-6.11800697734384418824405e-02	 1.23535848797367314721996e-01
 9.89832726889752767540642e-01	 5.58510459761661914868114e-02	 1.30812206775073602837978e-01
 9.77067075035565002494309e-01	 1.68088259185990268607114e-01	 1.30714452166810102262673e-01
 9.52222210824855586075444e-01	 2.77226521578742501894510e-01	 1.28133980446935358266103e-01
 9.15200822895268828460758e-01	 3.83268748172807260932160e-01	 1.24549269150293920316308e-01
 8.65794248492785634141455e-01	 4.85949029224018502759463e-01	 1.19389531672785348392907e-01
 8.03258969518313992175251e-01	 5.84933837691724800578186e-01	 1.12371853289012876842001e-01
 7.25489056848946933797606e-01	 6.79199192476879209934282e-01	 1.11148933108603409358750e-01
 6.40858181016254357942330e-01	 7.60853359345724289397594e-01	 1.01994889072267086449486e-01
 5.43863756118707741826768e-01	 8.33447642694878698677030e-01	 9.78633826658417554922309e-02
 4.44768354632176454721559e-01	 8.91603800786708755587995e-01	 8.49927828729092893489394e-02
 3.35707185247923090010147e-01	 9.38263976540418043192915e-01	 8.34349812697220694079903e-02
 2.24547241014107973322567e-01	 9.70228907245170857365224e-01	 9.07436173997581002614865e-02
 1.18085003907114960419733e-01	 9.88826738428092211208309e-01	 9.09813894261786160200245e-02
-4.23476420198200514261044e-03	 9.95866046534946702806224e-01	 9.07352419460551867791409e-02
-1.22162172454365197671322e-01	 9.86844288661119839467517e-01	 1.05899733513161342646214e-01
-2.36787566426578027778405e-01	 9.63808689855044198324663e-01	 1.22492684457816122800544e-01
-3.50129970557736036607110e-01	 9.27390256324552075817280e-01	 1.31743372476647191415822e-01
-4.58702461578846421019762e-01	 8.78486384558790911469828e-01	 1.33617827726435489665846e-01
-5.59101595769474712938063e-01	 8.19219781862044582609883e-01	 1.27610166577475675486752e-01
-6.49939886292951074509006e-01	 7.51141321837365594227265e-01	 1.15606482663910936636853e-01
-7.32092056840762284153357e-01	 6.73569016613497884016226e-01	 1.01715289750300530435823e-01
-8.05604767252576681180187e-01	 5.86276554405310457163125e-01	 8.53273738876278303733258e-02
-8.70115985220496712670979e-01	 4.88311727623178037926976e-01	 6.67070380801881995802560e-02
-9.25305163184198531389768e-01	 3.75205439110206873110087e-01	 5.50566385350633319406555e-02
-9.40521464423993536208002e-01	 3.06166636748833653758339e-01	 1.47245935426600832451882e-01
-9.72927237986652482248928e-01	 1.96939415784889548799441e-01	 1.20944020496964482758173e-01
-9.91195826287724512937416e-01	 6.32638523899848453924122e-02	 1.16312161576395650675053e-01
-9.89569650948134316159610e-01	-5.52418884123743042513510e-02	 1.33042247752443582031745e-01
-9.74843270943398620964615e-01	-1.68530162257005983184044e-01	 1.45870427112568312733032e-01
-9.47938373549401469553288e-01	-2.78233635480282459617740e-01	 1.54915732060823735372068e-01
-9.36860568685492167695372e-01	-3.45862766041706015673896e-01	 5.16838650671202909370194e-02
-8.90698606134985082505295e-01	-4.50584520075464789456987e-01	 6.02460230849968525479454e-02
-8.31918478653350557117108e-01	-5.50105611316148102041268e-01	 7.27699201152647301427123e-02
-7.60763608110088029867768e-01	-6.42841534808084036356490e-01	 8.94063403842653980913013e-02
-6.77801879179064759028961e-01	-7.27302151258933493593872e-01	 1.07778445690481422536422e-01
-5.85175523422529875183784e-01	-8.00845813556131047583619e-01	 1.27340447999788553001821e-01
-4.85061487594279971968803e-01	-8.62188698256359686844519e-01	 1.46102709940056946225084e-01
-3.78381943889842253803124e-01	-9.11590364184849955009327e-01	 1.60717492711518639136870e-01
-2.65788802368393306529981e-01	-9.48880107511220982630107e-01	 1.70243514135102802509181e-01
-1.97567566440876501987489e-01	-9.77228819448551444537543e-01	 7.74008470872293435904865e-02
-7.48032560808348789826994e-02	-9.93302399554811588089365e-01	 8.80614326385768947380583e-02
 4.97464307517059764474077e-02	-9.93894185005856800607660e-01	 9.84867586988711907203253e-02
 1.71537825572191271472633e-01	-9.79141519263179493925975e-01	 1.08888289788007089353705e-01
 2.87453226449644549944651e-01	-9.50254551215725440371784e-01	 1.19945531377744482592895e-01
 3.96535113734961086606745e-01	-9.09236752024172423247705e-01	 1.26682407396352197936906e-01
 4.98742534935795511774614e-01	-8.56680455132073137569648e-01	 1.31736409699524936733894e-01
 5.94315925824954627287866e-01	-7.92626047982121106905140e-01	 1.36134229241110765729061e-01
 6.82901952325503769358761e-01	-7.16730706278359330774208e-01	 1.41216210782402123991019e-01
 7.29965829717865499759455e-01	-6.82198980631574691813057e-01	 4.18860152025540902198664e-02
 7.63464525964667295454547e-01	-6.27380043883227211942710e-01	 1.53349920543265266781319e-01
 8.35921282293615064418191e-01	-5.29196540262635961582305e-01	 1.45556283212559284256926e-01
 8.99211450950669122228476e-01	-4.15283400302756233735124e-01	 1.37689737860790362145025e-01
 9.42767361856551633358947e-01	-3.18357733095318895522041e-01	 9.91869709006580335675096e-02
 9.60383906876586812551011e-01	-2.78517974245024169110962e-01	-9.51259349028975818851617e-03
 9.81906420881159425206874e-01	-1.80677102947737033833420e-01	-5.67059529746589130461132e-02
 9.95285154498074420281739e-01	-5.64716298456629170465781e-02	-7.88569353850298859764933e-02
 9.99700441344681722810606e-01	 9.29687081020447690649089e-03	 2.26405779163647950802396e-02
 9.92417057248216272213881e-01	 1.20982450807133157244522e-01	 2.17170688512603737851947e-02
 9.72998939590924427633922e-01	 2.30000824292701744333556e-01	 1.93050350845245417830132e-02
 9.41573637892893722245446e-01	 3.36388418642166564520579e-01	 1.67903611802904910443868e-02
 8.97959251889811072011582e-01	 4.39840439882545675143177e-01	 1.44765116454155778197288e-02
 8.41430912019988208605525e-01	 5.40236699630910699454489e-01	 1.17613208914661582921157e-02
 7.70730486627768551777251e-01	 6.37076647640671511751975e-01	 1.03856638423676130023043e-02
 6.89650178371839617241790e-01	 7.24132225836764731319306e-01	 3.89242551408026243864313e-03
 5.97292078819119609534027e-01	 8.02021273703048986902786e-01	-2.01223946733274008241699e-03
 4.99632878691022797035259e-01	 8.66128326468939668814073e-01	-1.37371255739967695896908e-02
 3.93930027417213113327676e-01	 9.18908283177131468555388e-01	-2.06567327409402888560574e-02
 2.83777950084957764076421e-01	 9.58688315103380594983662e-01	-1.96669654451412656559484e-02
 1.72079820545723460867293e-01	 9.84929225011720643756519e-01	-1.74056622615544054344383e-02
 5.58140739953396289307896e-02	 9.98377342112536703133685e-01	-1.12903454486467345885270e-02
-6.60984737148629236669350e-02	 9.97799412292516008093912e-01	-5.22729387689758757257197e-03
-1.83058801985232277864668e-01	 9.83048851469960682791793e-01	 1.02191310453889107334735e-02
-2.96964130832517159142014e-01	 9.54541967626821752368471e-01	 2.57281370876959215865387e-02
-4.09229659664859968248862e-01	 9.11896001083755125549146e-01	 3.12533015542198755465364e-02
-5.13359634825452437745241e-01	 8.57771940986147951591079e-01	 2.62522873048126777206779e-02
-6.07006674777252230867930e-01	 7.94581240839836500100546e-01	 1.35480065429861799147782e-02
-6.92266759400641973343227e-01	 7.21641496876549215500063e-01	 5.32742627465138118836308e-04
-7.69227459400043445114648e-01	 6.38846126114937407081129e-01	-1.28352192381752348848689e-02
-8.37906324715014805271096e-01	 5.45152291820345191730723e-01	-2.68694943309636495587522e-02
-8.98009496772773752049090e-01	 4.38394742141362092624490e-01	-3.72692067090032649878673e-02
-9.44146298736569522525031e-01	 3.25010663648127862135340e-01	-5.43675923417616738242408e-02
-9.64579292766439500006470e-01	 2.61705172591460533126906e-01	 3.31238676043307186946940e-02
-9.78600420470094989333631e-01	 1.95937219185522648601250e-01	-6.28476188379324257615721e-02
-9.91067782948939490772489e-01	 1.30767629238387889101247e-01	 2.61625064557162653744449e-02
-9.99676130092514214631194e-01	-3.11149915440555148785085e-03	 2.52577413136414186123346e-02
-9.91839926963102969104114e-01	-1.22555475595104504393795e-01	 3.51242748463867701658181e-02
-9.70617536659077462246614e-01	-2.36513735544097492002891e-01	 4.43040678588484948541293e-02
-9.52468964744592749838148e-01	-2.98990994766425877138261e-01	-5.83717075897808579387771e-02
-9.12003109731088335010440e-01	-4.07056231193461459660909e-01	-5.05524726141054411843179e-02
-8.59272529796559658699096e-01	-5.10028534015125045719685e-01	-3.90078713518556621786537e-02
-7.94613831037392803757768e-01	-6.06678480740365566603600e-01	-2.30234778137416579157914e-02
-7.18307832799626511111057e-01	-6.95716313163271649067099e-01	-3.55934505331182088685993e-03
-6.30230418342224041339250e-01	-7.76244230654166478267086e-01	 1.59535003151899633377919e-02
-5.32782472722020283839583e-01	-8.45513302475465966523416e-01	 3.53566414870083167709680e-02
-4.27459826644212448343296e-01	-9.02521283323874712323232e-01	 5.22822125844572688224687e-02
-3.15582257077504202413820e-01	-9.46664023033452317612557e-01	 6.50773886383544108991117e-02
-2.44730354658463294947879e-01	-9.69181259744173906334197e-01	-2.81911204005632597124897e-02
-1.26805270524409208210415e-01	-9.91795164971970510947585e-01	-1.62103086168457893867512e-02
-4.24207446433491012355299e-03	-9.99979289824511008433205e-01	-4.83990974148783888869607e-03
 1.18661650584189745649688e-01	-9.92925371036342152564202e-01	 4.31511679774927194019885e-03
 2.39299957694218690118504e-01	-9.70850555583087526656527e-01	 1.35915036532259000251477e-02
 3.51637671297826304162015e-01	-9.35949757421846162408485e-01	 1.86815338296795890871138e-02
 4.56885046504318104165776e-01	-8.89235177655729569501375e-01	 2.27344034522586509183828e-02
 5.55286493481785159431752e-01	-8.31214331921351856635738e-01	 2.71964072120601946247476e-02
 6.46563506025200074311954e-01	-7.62151765006656156664633e-01	 3.28682182912338333169444e-02
 6.91332588707738393551949e-01	-7.19128194999299030776285e-01	-7.00991508344237373995256e-02
 7.68373149375182196152423e-01	-6.37051348386782234634040e-01	-6.13863408084153044930176e-02
 8.02936741312185620067510e-01	-5.93680243128598017499087e-01	 5.32574724309874403260778e-02
 8.35092313730764201906709e-01	-5.48367313536918588035007e-01	-4.37506227624471707993159e-02
 8.72730703452384681817477e-01	-4.85886592168922493151229e-01	 4.74904074732692832450098e-02
 9.20820510560395155685853e-01	-3.89792487215860461446937e-01	 1.23046430816457080803517e-02
 9.57312681121446740206693e-01	-2.52654306880525647560631e-01	-1.40421621478989011588823e-01
 9.77634034704214505140385e-01	-1.31161827471911185405418e-01	-1.64402765190210825574368e-01
 9.82371599275360996017525e-01	-1.19274692855874941965766e-02	-1.86557702638113803716990e-01
 9.94483048268538505354286e-01	 5.93806234135220364911412e-02	-8.64720085897009854702944e-02
 9.81212820836448784689310e-01	 1.70771353092212641033854e-01	-8.97694000717049606086206e-02
 9.55783233576125712538385e-01	 2.79170865422147196355240e-01	-9.24231481513955038797903e-02
 9.18403322068861438509657e-01	 3.84406535177086117194278e-01	-9.36320122929498455111030e-02
 8.68752916602263614009871e-01	 4.86407037206349146529760e-01	-9.31480759393429891268568e-02
 8.05864553586164267251490e-01	 5.85002443339099564845185e-01	-9.14027491963780996941935e-02
 7.29841447416298194639239e-01	 6.77014827166417698656176e-01	-9.47754474012578035369003e-02
 6.41962289308925071473766e-01	 7.60111920656338369006733e-01	-1.00569812475596057077531e-01
 5.46890051013607991770016e-01	 8.29659454619450897894239e-01	-1.12144823611652386108339e-01
 4.45313647242760013433838e-01	 8.86957915807036423316845e-01	-1.22480248067143082657537e-01
 3.37905595855144014194593e-01	 9.32736979734109850070922e-01	-1.25783683068476509481215e-01
 2.26658441660588433341772e-01	 9.66005557117938673528101e-01	-1.24335089340277843428240e-01
 1.11092484479671987918081e-01	 9.86686761761416675220460e-01	-1.18775814275901045458106e-01
-6.84535797149355817320382e-03	 9.93922900822317600955103e-01	-1.09865409912272185555260e-01
-1.27313186074014456083958e-01	 9.86626458212074841647166e-01	-1.01782044622716227877390e-01
-2.41877233949693098979949e-01	 9.66474096724342368602834e-01	-8.61581340194412376165545e-02
-3.53312474597509695861675e-01	 9.32716354324423346788819e-01	-7.21837770523321431426211e-02
-4.60239314673309307668347e-01	 8.84612895190063697192784e-01	-7.50985944775005020979108e-02
-5.55493436821781316758972e-01	 8.26698538139277183667275e-01	-8.94235354160641815468580e-02
-6.43087177511164509446928e-01	 7.58909675936432548404298e-01	-1.02445038390265447114658e-01
-7.22956732572899607447425e-01	 6.81342649639213648882219e-01	-1.14480376528611538233804e-01
-7.95120262734043015129259e-01	 5.93526329304273958520355e-01	-1.24540211226500316388233e-01
-8.59555194426746327351907e-01	 4.93622951981774193974672e-01	-1.32292286286076615775542e-01
-9.12129738278571133847095e-01	 3.84032872872635600014490e-01	-1.43311175771659887745457e-01
-9.54010371416483149431542e-01	 2.59272995307507303497374e-01	-1.50471675520867237407785e-01
-9.79475843954322300533022e-01	 1.27291303994802651455842e-01	-1.56281780887188276318867e-01
-9.95801981341553954507617e-01	 6.25130517415732611663515e-02	-6.68620394408597773505676e-02
-9.95302262907832857585788e-01	-6.62632543010965580076999e-02	-7.05874392507299525112430e-02
-9.80444983127874869488494e-01	-1.85939715112637821148311e-01	-6.44519774965227748575458e-02
-9.55423660771159588556145e-01	-2.44241724805812548959594e-01	-1.65866236173966397071666e-01
-9.20934691484733169986043e-01	-3.55318708160553442532148e-01	-1.60087193900807583935020e-01
-8.74421811796462722377044e-01	-4.61327834808549830380997e-01	-1.50210265579443141836791e-01
-8.16281230266666213424287e-01	-5.61452013034365093879785e-01	-1.35855033671914260384739e-01
-7.46987523467089076234515e-01	-6.54455082547732547304520e-01	-1.17039244324055380364058e-01
-6.66539005901819803234787e-01	-7.39377886927028327157529e-01	-9.51109559132734816433441e-02
-5.73704685671599268204091e-01	-8.15614242636644393158463e-01	-7.50755675749758683013013e-02
-4.71725243470179134153142e-01	-8.79962889525625069353509e-01	-5.60411253519507573939151e-02
-3.61186680857445374659420e-01	-9.31598945331021499605129e-01	-4.08360946873039670768080e-02
-2.87674576211744137399506e-01	-9.48505982557439564217816e-01	-1.32588609066313256601433e-01
-1.71487030119416600237869e-01	-9.77246984154724995796926e-01	-1.24821995102294497348439e-01
-5.59301601755039790031532e-02	-9.92337812462574464511533e-01	-1.10170246163540569428463e-01
 6.44829547849981726814761e-02	-9.92917075032464180317504e-01	-9.97879283840088088242126e-02
 1.87503665616506554059129e-01	-9.78150122024739054893416e-01	-8.98037536150991799743792e-02
 3.02414657149319865414583e-01	-9.49095195123078050336574e-01	-8.81117797774279426503696e-02
 4.10091292824632136504448e-01	-9.07969683632944279949584e-01	-8.61172755776293125107301e-02
 5.11132397356003131960733e-01	-8.55508743715161168452710e-01	-8.27554336585325234221244e-02
 6.05125361123919125461157e-01	-7.92316352732664985758504e-01	-7.78337620641170735424907e-02
 6.52795333414622813705819e-01	-7.35919461050402956558969e-01	-1.79668582449397817857317e-01
 7.37067494300774672666421e-01	-6.54334979186498855163734e-01	-1.69048051920694525351863e-01
 8.15367840517785325005207e-01	-5.58673795216356738890795e-01	-1.51851490568633951117050e-01
 8.30286511426698514704015e-01	-5.01041981285048287908523e-01	-2.44092691272877443386946e-01
 8.84518751553485693683854e-01	-4.59945506799179726353799e-01	-7.79532483319910346475368e-02
 9.30391453976264770631133e-01	-3.52831739774162100875543e-01	-9.94057632930308854302126e-02
 9.47440145522284060675133e-01	-2.05320625464488676348296e-01	-2.45358128888334331429988e-01
 9.57644573095128071038573e-01	-8.78145592561849763768578e-02	-2.74236166112516832615853e-01
 9.55260392842202987750966e-01	 2.80796441666700917483279e-02	-2.94430153772390124089497e-01
 9.75262217888645754904076e-01	 1.02418286778059627883941e-01	-1.95893085361293156632101e-01
 9.56351509832748525319346e-01	 2.13094039384802536041263e-01	-1.99956795381629026664427e-01
 9.25451939233183251687365e-01	 3.20470213404661752321090e-01	-2.02083028703330669362259e-01
 8.82961259915715834800665e-01	 4.24226094482387128259404e-01	-2.01026451613394246953348e-01
 8.28482745738353454356684e-01	 5.24294553538490526456428e-01	-1.96803356535688922512861e-01
 7.60844319928545176345835e-01	 6.19336208110155439499067e-01	-1.93748760399141461974182e-01
 6.78224046146195802542422e-01	 7.07825154156885849587866e-01	-1.97473275082639565525255e-01
 5.86544198098693847498453e-01	 7.82509911443811989606445e-01	-2.08911804762100555832305e-01
 4.89110073829058078498377e-01	 8.43302443579151739250221e-01	-2.22738241737616998738858e-01
 3.85631689273824462826923e-01	 8.93737147496409978231213e-01	-2.29177030726896713286322e-01
 2.77119066065665275999663e-01	 9.32951609002989346031143e-01	-2.29796254281106476780039e-01
 1.64160124769831466950976e-01	 9.60463394693713889971320e-01	-2.24858891060550292184672e-01
 4.74260393531518997800589e-02	 9.75013912156559858779303e-01	-2.17022215204880797312370e-01
-7.04496612403408412061978e-02	 9.75973445016954044284319e-01	-2.06186032147815057058438e-01
-1.90344366038667112128735e-01	 9.61485292999343932329737e-01	-1.98280240224041282015577e-01
-3.00173799315345657401366e-01	 9.36041560127004901303849e-01	-1.83635203377766537125027e-01
-4.00443732239858074528627e-01	 8.99098654018566589840589e-01	-1.76823153607820054977751e-01
-4.94132192526830604784038e-01	 8.47810389301802747041847e-01	-1.92486155607496101094256e-01
-5.83039645665076933234161e-01	 7.86011212563120342800005e-01	-2.05550833877644251179717e-01
-6.65607522058785705532102e-01	 7.14000079859854142050324e-01	-2.17187735700902578850346e-01
-7.41203021424391095273165e-01	 6.32069137540839376399049e-01	-2.26067880070861176866615e-01
-8.09698410945145385930743e-01	 5.39871381927548799062322e-01	-2.30059501626308143817923e-01
-8.68665378166305179874485e-01	 4.35710890895031732750198e-01	-2.35746644367736152281267e-01
-9.17494594529621232403827e-01	 3.18150238111451655331763e-01	-2.38713416042233728120436e-01
-9.50985410185140378480639e-01	 1.90358217260856804609048e-01	-2.43701659280910393201580e-01
-9.64657519701420440583206e-01	 6.49685878652880854922103e-02	-2.55372183830373911117562e-01
-9.86338174704974979256633e-01	-8.46257886189217818466435e-04	-1.64730959346591737668675e-01
-9.77599356332631841404179e-01	-1.27340998528613080775784e-01	-1.67582124917187630375182e-01
-9.45982545641403604896880e-01	-1.82387801294182722022796e-01	-2.68051698895723056192963e-01
-9.17211840260463096008436e-01	-2.96069731702611138590697e-01	-2.66580483260794753874734e-01
-8.76961362560595869553026e-01	-4.04625571103536640915621e-01	-2.59262252911988844150670e-01
-8.25332191319822827679786e-01	-5.07682796184964924002259e-01	-2.47153702033845346086594e-01
-7.62821248700020215771644e-01	-6.04178319191486012940118e-01	-2.30374263212479890583495e-01
-6.89931564061737723214662e-01	-6.93041519211194168015311e-01	-2.09016481552925487141792e-01
-6.06261197510898908191734e-01	-7.73520443452497485914421e-01	-1.84698359369277281816224e-01
-5.08732178772434706637284e-01	-8.45018644111003025543027e-01	-1.64727233286588142791018e-01
-4.02706601631999117074656e-01	-9.03603328373447256538498e-01	-1.46042521049297241431120e-01
-3.27062510929950978066927e-01	-9.15369322812514041309839e-01	-2.34795904559588736182363e-01
-2.12611150958281314160558e-01	-9.49780394779809578054142e-01	-2.29594643186865760009496e-01
-9.59395598534285853897785e-02	-9.70134403195310524026240e-01	-2.22788780220210369531486e-01
 1.08185088257922619459084e-02	-9.78428811875650783491665e-01	-2.06300799703705795007380e-01
 1.34398882129775215643619e-01	-9.72355195802781402392156e-01	-1.90951076659969271043238e-01
 2.50026177346715450244830e-01	-9.48952990096565640598669e-01	-1.92289191657191965711959e-01
 3.59559274778838200425923e-01	-9.12930011324131762684431e-01	-1.93069734407640608564449e-01
 4.63491550250806960686845e-01	-8.65246846246802592261815e-01	-1.91111166356300543611724e-01
 5.61410343170358316911006e-01	-8.06160069054146610767475e-01	-1.86880629397362163501839e-01
 5.99424100710181595452752e-01	-7.46961788441258378590248e-01	-2.87643588658650806166861e-01
 6.85090890133952856722033e-01	-6.73344383946082314373882e-01	-2.77952896843582208941115e-01
 7.62846363417976403020759e-01	-5.91162661627497976191137e-01	-2.61900999076867702086702e-01
 7.89436730940532793709963e-01	-5.05404823019982463172539e-01	-3.48361324934420624188647e-01
 8.62223224876490279555696e-01	-4.06848156640205516065834e-01	-3.01737780070796157705360e-01
 8.83850206931739323934494e-01	-4.31088650829653197149582e-01	-1.81580249015664912937140e-01
 9.17589323273665713465164e-01	-3.30272537806634958190699e-01	-2.21246208069067418211517e-01
 9.20351257630083297023305e-01	-1.62537486121313135001287e-01	-3.55717764785634882329646e-01
 9.22643013991183646993477e-01	-4.81856262731498244389350e-02	-3.82633001914274406551897e-01
 9.14210126309801807131805e-01	 6.54320311938181298216932e-02	-3.99923110418074712058001e-01
 9.42362721935342873003094e-01	 1.40772101625029760763042e-01	-3.03538656040188703499894e-01
 9.18081077047814275715609e-01	 2.50097951107906113499268e-01	-3.07535609024959966095736e-01
 8.82215144977904541789826e-01	 3.55659144140371308306925e-01	-3.08549851986601342268557e-01
 8.35673657983116435765680e-01	 4.57048000082852901027053e-01	-3.04559785548555339573795e-01
 7.77472874244325318215942e-01	 5.53967844410552689993210e-01	-2.97750830684640532819429e-01
 7.05540821706155951709150e-01	 6.45352961987646023267473e-01	-2.92799766666529626135684e-01
 6.18430324075322834787016e-01	 7.25065076722437140688271e-01	-3.03025689969642186838428e-01
 5.25423986175471480208898e-01	 7.88114837716133997957968e-01	-3.20631622462834386944053e-01
 4.26378282934209540400161e-01	 8.42164592955567115062365e-01	-3.30091439171117051465387e-01
 3.21774786067771934039428e-01	 8.86354695523075553076353e-01	-3.32920922705731703317156e-01
 2.12219808849291258212588e-01	 9.19929921463008559712193e-01	-3.29684231241097303044540e-01
 9.83964052871425243207426e-02	 9.41896592508457919379339e-01	-3.21168112438835418043226e-01
-2.00363080282840166912450e-02	 9.50135635782578091834694e-01	-3.11192576994747782670458e-01
-1.39992086884155902959392e-01	 9.44712751534605432723879e-01	-2.96513123989030125127186e-01
-2.72084727192689279640092e-01	 9.18645333075623904406370e-01	-2.86462306851802017693132e-01
-3.95196570962143389760257e-01	 8.73676023198031059813218e-01	-2.83742624201294146857322e-01
-4.98265170855256178672477e-01	 8.12989528943948158712374e-01	-3.01296938816310977404811e-01
-5.90365333454691443293427e-01	 7.43019916720222051154110e-01	-3.15262075759209281500262e-01
-6.72946842197304273547331e-01	 6.64085387096832069353525e-01	-3.25780825435026510916714e-01
-7.47168893654810317705994e-01	 5.76458520141283292659296e-01	-3.30808432345924940953807e-01
-8.12825662360675216255856e-01	 4.79941130480203481667445e-01	-3.30107488375095459165465e-01
-8.68930574725338855657242e-01	 3.68868064073285650827927e-01	-3.29993950875343999840084e-01
-9.10204762430145142282356e-01	 2.49002482438548583543181e-01	-3.30945696737279526633557e-01
-9.29973766878510521571854e-01	 1.29681745233052703181187e-01	-3.43993368934785770374418e-01
-9.36538069124545513588487e-01	 2.48080088668947490102012e-03	-3.50557114757964527473888e-01
-9.63179451332785929729141e-01	-6.25636035914490518106135e-02	-2.61478756375973175885008e-01
-9.24510414664294066788841e-01	-1.16131227213954218990821e-01	-3.63034476658947558025403e-01
-9.00732901567119492725055e-01	-2.30782330446877570473418e-01	-3.67994233634150735845481e-01
-8.66485630602588874360492e-01	-3.40942686458393984239024e-01	-3.64637815523523700633746e-01
-8.21396093884054212530543e-01	-4.46142565443589655949097e-01	-3.55338244847680562177317e-01
-7.65567598227848034042609e-01	-5.45419043966463346073681e-01	-3.41210080481736899304934e-01
-6.99641793074332496438217e-01	-6.37696958820612280760542e-01	-3.22248273997977396909675e-01
-6.24129474978368237181314e-01	-7.22073801935801506957091e-01	-2.98449029184555458815709e-01
-5.38172341416793376112082e-01	-7.97886973541239052920560e-01	-2.71563820099748387537630e-01
-4.35580625527388853868160e-01	-8.64003303338888750673163e-01	-2.52522891011204897449005e-01
-3.54104560612301388911050e-01	-8.71353411289225388003388e-01	-3.39636854284394773539901e-01
-2.52464202515304769747218e-01	-9.09124063741503007918254e-01	-3.31293318940251158011279e-01
-1.31037391810924164214924e-01	-9.37797441239433093862488e-01	-3.21504527420940933168936e-01
-1.85213761414091994395026e-02	-9.41120890278319466304424e-01	-3.37562480894384953078458e-01
 7.68519529409663615382442e-02	-9.53960337515995293600213e-01	-2.89919733332396678537890e-01
 1.91711836149625503011862e-01	-9.36440905571324311296166e-01	-2.93811167679000007080248e-01
 3.01289000475953028246323e-01	-9.06017822589907817487642e-01	-2.97248453892772324103078e-01
 4.06435638770663021368534e-01	-8.64049281669407198691601e-01	-2.97033517273159464178178e-01
 5.06169132498776597195445e-01	-8.10837560829554604424629e-01	-2.93828622250138282723242e-01
 5.40908501206747827083632e-01	-7.44096343438950036386359e-01	-3.92095173399334251396198e-01
 6.31067382939388576978956e-01	-6.74083843837938068155324e-01	-3.83881400521960347571593e-01
 7.14034012610050172753517e-01	-5.94699268341641329449487e-01	-3.69443106675313992504073e-01
 7.28482373671805460979556e-01	-5.11846391624566021683052e-01	-4.55331420649183138404936e-01
 7.97918653715791736935614e-01	-4.26755310278235766574539e-01	-4.25682660207936325313938e-01
 8.54830499030273527338863e-01	-3.41938694178945346013876e-01	-3.90311090478929811897757e-01
 9.06101064488809893049392e-01	-2.77401702109668413243071e-01	-3.19420031618094180103640e-01
 8.77334025328172728563914e-01	-1.23086325031110235816989e-01	-4.63826222406410471066351e-01
 8.73543818991284304331657e-01	-1.02270190509371958209606e-02	-4.86638063023695333075835e-01
 8.59609039881818359774002e-01	 1.02780373898624849404726e-01	-5.00508234991910327948972e-01
 8.95825108432431016503017e-01	 1.76497284728001690989885e-01	-4.07855468990751923730187e-01
 8.66048897878922030457716e-01	 2.84137470595798635741858e-01	-4.11369911741398863735952e-01
 8.25422888813344024505625e-01	 3.87089069003233587906720e-01	-4.10900361743870901065634e-01
 7.75599133157116482628624e-01	 4.84987481405566134284868e-01	-4.04021196876866106606485e-01
 7.14172866955585128323492e-01	 5.77679668080820607478643e-01	-3.95276254270950699876153e-01
 6.42551765160558230327581e-01	 6.56989319074036570711428e-01	-3.94325073653305546717007e-01
 5.55633940257630132286693e-01	 7.20316668343272348273842e-01	-4.15228637910041664671468e-01
 4.62128896501905583882319e-01	 7.76891657880353747600566e-01	-4.27640310230275821901103e-01
 3.62401659374108953137750e-01	 8.25419575223572454802934e-01	-4.32836646000115898846872e-01
 2.57056467814221589751611e-01	 8.64592755418302383318974e-01	-4.31742214328253492983123e-01
 1.47042162504490758756504e-01	 8.93332266879193759301359e-01	-4.24659938537277126258118e-01
 3.30622554662975617900678e-02	 9.10451754894832210318611e-01	-4.12291752612639395003669e-01
-8.62020856451052586155726e-02	 9.12408914854465069588230e-01	-4.00098953415941038791459e-01
-2.03764074671904937829936e-01	 9.03326169986323534999428e-01	-3.77467922466190541896935e-01
-3.27089207994246622401846e-01	 8.68197980279052261565198e-01	-3.73155352437923748532000e-01
-4.26319839773291964224455e-01	 8.15226594294494399939310e-01	-3.91991063891352520265343e-01
-5.17870792582574401841100e-01	 7.51373241163803329278892e-01	-4.08959771435892238677923e-01
-6.01738117994831012147472e-01	 6.78250294158874722505459e-01	-4.21767442822983951167259e-01
-6.78209543186218510868457e-01	 5.96633370428786058425885e-01	-4.29022653040521728673440e-01
-7.47101859544841762073020e-01	 5.07176782571771456176180e-01	-4.29663266622579531617276e-01
-8.08693653598646089442070e-01	 4.09811685421638038917536e-01	-4.21982176307423628713877e-01
-8.56960764603286850871200e-01	 2.96493394261794496191698e-01	-4.21556538425950810822229e-01
-8.80474649487501759281827e-01	 1.91486787926940099646700e-01	-4.33701742744116880423633e-01
-8.97721076899050340891506e-01	 6.60715001322992184773497e-02	-4.35581708708569437238367e-01
-8.90052146244251884965593e-01	-4.91149326012052453438450e-02	-4.53205141587758375543160e-01
-8.71368903109549952645807e-01	-1.61792291464226689612360e-01	-4.63184076924514520623433e-01
-8.42597018075898485101050e-01	-2.71760924297793804438328e-01	-4.64947593987121210457047e-01
-8.04013533680972836137357e-01	-3.77842531799706671247208e-01	-4.59126626129461756775640e-01
-7.54954251299230882921165e-01	-4.78990351591593199742647e-01	-4.47897668588908171027896e-01
-6.95736386798764483430091e-01	-5.73946894708366461834714e-01	-4.31897953385777799706347e-01
-6.27210491367201194989889e-01	-6.61691299667072740930962e-01	-4.10818236527803304358741e-01
-5.49939087862846509580095e-01	-7.41389951670763713842405e-01	-3.84588012296539383250149e-01
-4.62784979611952196343339e-01	-8.12373595772214573962344e-01	-3.54794593444837769169453e-01
-3.77320787231244958448428e-01	-8.19125731339760410065765e-01	-4.32044048425963722603882e-01
-2.74691145545983561593317e-01	-8.46834016190348148889200e-01	-4.55430481612244142386459e-01
-1.82948502464425649671753e-01	-8.91996056415687910146062e-01	-4.13367730700988755820902e-01
-7.29642647091704038553317e-02	-8.99953166120955549978078e-01	-4.29837777381558205913592e-01
 3.31814205732242142876665e-02	-8.89726070244029942912789e-01	-4.55287286509142685719809e-01
 1.12167574973894734746693e-01	-9.15658469435722266460687e-01	-3.85989640372777553789518e-01
 2.28850460446767128841472e-01	-8.89521169759963648004941e-01	-3.95448549500650947674529e-01
 3.38985134068494842196628e-01	-8.52333898650028953802860e-01	-3.98266247744655077500653e-01
 4.43234783117268160701485e-01	-8.03783133230700608251595e-01	-3.96831956587200718189479e-01
 4.73967714333526357606274e-01	-7.31128664989643128890862e-01	-4.90719350545619936720954e-01
 5.66741688534836307589160e-01	-6.66022626955895202804925e-01	-4.84992493611448749479820e-01
 6.51708235586302642161627e-01	-5.92546016022633348363513e-01	-4.73461291516733606687950e-01
 6.70038931861006159529381e-01	-4.93854992783539947787119e-01	-5.54215730463627265223181e-01
 7.43901270528734004372495e-01	-4.09193126987942246142183e-01	-5.28367187220748157905348e-01
 8.08894818084931244150937e-01	-3.19280825253765609961221e-01	-4.93709355694846474538195e-01
 8.70926814785244696182076e-01	-2.34086285888432943380622e-01	-4.32076490967730542092085e-01
 8.21310693587714801822131e-01	-9.33520672921577948644156e-02	-5.62791378870312275495280e-01
 8.12601889038114033603222e-01	 2.10399825111460166138233e-02	-5.82439257835200674406906e-01
 7.93630465526322104174994e-01	 1.34473900637182841588668e-01	-5.93352723290198058592182e-01
 8.35334632370311913618366e-01	 2.14080458813323021294295e-01	-5.06345345704917848550508e-01
 7.98209005745811328580430e-01	 3.22643302207418991578436e-01	-5.08688197904153760475765e-01
 7.50318020418034414831254e-01	 4.26793647438611534195019e-01	-5.04846561582832364933893e-01
 6.93326469448377724624777e-01	 5.27547551318633289874072e-01	-4.90909347904439297138879e-01
 6.05819879250072634846447e-01	 6.24698572356091830215519e-01	-4.92680390924672528818462e-01
 5.08256219781175300198583e-01	 6.90035965133233175627936e-01	-5.15292132558219040383563e-01
 4.07838704476845781421446e-01	 7.46408031761893187017165e-01	-5.25873217850067575795947e-01
 3.03150710953924595880693e-01	 7.93152725940054259545775e-01	-5.28212457049236139283721e-01
 1.94360723911856020373889e-01	 8.29291488367361662170651e-01	-5.23927033394827934564830e-01
 8.26354650159591280766946e-02	 8.54105478482370950032987e-01	-5.13493146544329537306339e-01
-3.17241633003525966283398e-02	 8.67046971754903972318118e-01	-4.97215372080895334772066e-01
-1.51885483111674074452324e-01	 8.61704670400330274837586e-01	-4.84144462975868161702664e-01
-2.57855125708922883198682e-01	 8.48964885564924998107017e-01	-4.61269289269694959809698e-01
-3.53598073137764312701137e-01	 8.00740563664093407680866e-01	-4.83511067480538792029421e-01
-4.44396250463457376245202e-01	 7.42755715369452396146244e-01	-5.00825238840888475877478e-01
-5.28467730109077771238901e-01	 6.74726075072780595576205e-01	-5.15234492100673846515235e-01
-6.06037541599302564954144e-01	 5.98280837986876257161839e-01	-5.24193224937135826557721e-01
-6.76769482137277944566733e-01	 5.14275184676798002847420e-01	-5.26786581523567387641549e-01
-7.40873776111961701573705e-01	 4.23723855567066154392819e-01	-5.21118165191910343025938e-01
-7.98268478583672003168203e-01	 3.26523805047500503828672e-01	-5.06112280859703389523929e-01
-8.46633999675686865771240e-01	 1.29515568146636284030393e-01	-5.16174958905217473592586e-01
-8.42308947407225394599095e-01	 1.97682418879502608266563e-02	-5.38632392017405203787916e-01
-8.28598624368005243212565e-01	-8.91370407836153816338864e-02	-5.52701463410211646376524e-01
-8.05468843363132958046435e-01	-1.97191737339246470073206e-01	-5.58869717462295745313838e-01
-7.72979322666769275151921e-01	-3.03119816093253335864688e-01	-5.57334140189899907014137e-01
-7.30875025039570247464837e-01	-4.05588976988302041259971e-01	-5.48925568286803611250946e-01
-6.78105055792278865745004e-01	-5.03230627024874088704109e-01	-5.35660778229191003596554e-01
-6.15443377636072486147611e-01	-5.94519719171034854987568e-01	-5.17470532920181636171719e-01
-5.44066788787359589818493e-01	-6.78238386007790627907355e-01	-4.93947386959540546413905e-01
-4.64911626056151661146032e-01	-7.53347569348791323839976e-01	-4.65107105637070916692721e-01
-3.57086644032030997575333e-01	-7.69932876496021711965057e-01	-5.28859616859241321584761e-01
-2.50263119132458466964408e-01	-7.89407451347776789596367e-01	-5.60539246581986172479617e-01
-1.60682449613812644573230e-01	-8.43973736238959881816868e-01	-5.11751387809505575710034e-01
-4.81223475561022365210029e-02	-8.44717144212027593042080e-01	-5.33045200653721851224986e-01
 6.64230711214566504896339e-02	-8.29100453159007488856957e-01	-5.55139995131248453752448e-01
 1.50958989469831633689623e-01	-8.62625762078471858274042e-01	-4.82792065072307041706523e-01
 2.64797864527352155850082e-01	-8.29635950926052245790743e-01	-4.91514272298149201834150e-01
 3.72809020114670541801161e-01	-7.85930421354063546424129e-01	-4.93281671371807228787532e-01
 4.03425773156454947621086e-01	-7.06415557710187935747115e-01	-5.81570894541775351704871e-01
 5.00177450008768786915425e-01	-6.43955622349056899800246e-01	-5.78915948085526821387248e-01
 5.88947409431178181549171e-01	-5.72733364947289214086368e-01	-5.70190706343464914773733e-01
 6.05144830269226829955187e-01	-4.67560600800115300224036e-01	-6.44349919669323645265990e-01
 6.82986212978407891682764e-01	-3.84108150784174262604154e-01	-6.21281547595432082076172e-01
 7.52918662369418512092523e-01	-2.95422897154639707562040e-01	-5.88080606458506571776468e-01
 8.19857464257146784092356e-01	-2.07134532257868347882024e-01	-5.33787433205536676616987e-01
 7.54981036575710695579744e-01	-6.30187811083122995103878e-02	-6.52711473500112715484534e-01
 7.41055254851081368627774e-01	 5.35940717437526220612298e-02	-6.69301714275052805902533e-01
 7.16367235824804771127106e-01	 1.69061980610142548187014e-01	-6.76931333407535862356497e-01
 7.64109727810571182082811e-01	 2.45380653285167754651397e-01	-5.96594216246352226917793e-01
 7.20155414409898275707178e-01	 3.52139504084826637786421e-01	-5.97807618518700567555868e-01
 6.69829077022384034023617e-01	 4.48272296965619598818620e-01	-5.91929856780774921176658e-01
 6.17015682941364884683821e-01	 5.43174586794556213398266e-01	-5.69432186713188959181764e-01
 5.29682909034871030051761e-01	 6.04782802749328052271949e-01	-5.94704781698469187034561e-01
 4.36267777669558376452130e-01	 6.61115344211569477828050e-01	-6.10407181982062563285751e-01
 3.37031102730317833060525e-01	 7.11802877751578466636317e-01	-6.16235911820268156269265e-01
 2.31329574437583840307298e-01	 7.53926279970412949182901e-01	-6.14883560001811102502245e-01
 1.21514225355939198269795e-01	 7.84884181248260426322361e-01	-6.07610989912455434769356e-01
 9.00333614977951932067946e-03	 8.05041890418379479932298e-01	-5.93149639306790765758137e-01
-1.07264948179929348048844e-01	 8.14082051314917620743472e-01	-5.70757956246649933440551e-01
-2.48168453077691891772716e-01	 7.92698389081262999589228e-01	-5.56813867324616795784209e-01
-3.50959634707053658164710e-01	 7.34207972687179855064699e-01	-5.81176382562878290904962e-01
-4.42721745989447690305951e-01	 6.66745103378146297679052e-01	-5.99540176092745347169455e-01
-5.26146546486230826111807e-01	 5.90675528794490478645685e-01	-6.11777926460216336934650e-01
-6.02142141367997263401435e-01	 5.06928411405841328196686e-01	-6.16805015623505537014637e-01
-6.71320826904734602180724e-01	 4.16355003054215244695513e-01	-6.13169518808353686267765e-01
-7.34854744594916065025814e-01	 3.19743661290784908501905e-01	-5.98124147155675967013622e-01
-8.05785651151899484645469e-01	 2.26400888164714819694723e-01	-5.47222187265774095976667e-01
-7.85170708192673760805746e-01	 1.16129717364399198675784e-01	-6.08293389526040950698871e-01
-7.75409608999868660283994e-01	 3.30163735681509619424023e-03	-6.31449948500619417934843e-01
-7.57885158963406246890315e-01	-1.07681160611717272046484e-01	-6.43439860027591237212619e-01
-7.31013524873242559465325e-01	-2.16772690313604604606113e-01	-6.47015322219342325915648e-01
-6.94823865207018553924456e-01	-3.23048077107414899344917e-01	-6.42541622166206916055842e-01
-6.48559100584887859852756e-01	-4.25479124667079489086063e-01	-6.31140719270320338374347e-01
-5.90497565310587391174124e-01	-5.22735001552173450534156e-01	-6.14866443640013637939035e-01
-5.21927563563289176329363e-01	-6.13166054010652605832377e-01	-5.92974711604039916856834e-01
-4.43956357933063261445028e-01	-6.95672657408915595667054e-01	-5.64749772894533874634249e-01
-3.35121180074185509578655e-01	-7.09569488990085650570450e-01	-6.19842669521899036766399e-01
-2.24397908605533324966075e-01	-7.23358849589774921540197e-01	-6.52991235265543368271324e-01
-1.34656512107053372151455e-01	-7.84496013439669237499174e-01	-6.05337615421699504203445e-01
-1.98012425138401997048998e-02	-7.80351077752923782959726e-01	-6.25028084364821490126474e-01
 9.77426268576886969619011e-02	-7.58938493800299984748392e-01	-6.43784701218575894365870e-01
 1.83996204582512062897237e-01	-7.97793827053768556112345e-01	-5.74169318419342489256962e-01
 2.97158988221421338504769e-01	-7.57700728357951214242405e-01	-5.81021636400101293418174e-01
 3.27043220184835781161325e-01	-6.73841837000217602771102e-01	-6.62555590753942214021777e-01
 4.27532829595033581071561e-01	-6.13649139999277060120164e-01	-6.63815043966775153450044e-01
 5.19908666663144169994837e-01	-5.44496691536933474786508e-01	-6.58193232443091247318989e-01
 5.32271329899690615050645e-01	-4.35988694551455724379707e-01	-7.25672853006182339008490e-01
 6.13756921048306258725802e-01	-3.54299023250392586259494e-01	-7.05531462083103022564501e-01
 6.87974282873121234516134e-01	-2.67406704478497347921007e-01	-6.74674025367187457646878e-01
 7.58606403054037925492992e-01	-1.79659183046625176016775e-01	-6.26289791703835918568188e-01
 6.79164079602675552216340e-01	-3.17942892380215988423764e-02	-7.33297535894741558948340e-01
 6.60053000895112207402349e-01	 8.48684700193062246942333e-02	-7.46409658837517531182471e-01
 6.30489864621819995349483e-01	 1.99247585083476508316380e-01	-7.50188596585926514848097e-01
 6.80240449383957557216718e-01	 2.83022038647733842342546e-01	-6.76144553081360233370845e-01
 6.17544414817643216863985e-01	 3.94924737976613315915131e-01	-6.80200960791469411148569e-01
 5.67349895658163627665260e-01	 4.94435786245854325127169e-01	-6.58519057564862619891244e-01
 4.73128157784622582759937e-01	 5.55993447440446986185236e-01	-6.83389371233279030448671e-01
 3.73723638805487645697667e-01	 6.14376390240509384632617e-01	-6.94890130101893599423590e-01
 2.66934372199232439193395e-01	 6.66205120740196887751949e-01	-6.96359661409347907579104e-01
 1.56991320846056298110582e-01	 7.03607255615017135319533e-01	-6.93029981331915179154635e-01
 4.59874051655562651741427e-02	 7.29318996164866173437247e-01	-6.82626516038756903093088e-01
-6.53137499075575889140310e-02	 7.45227247485304666874129e-01	-6.63604146821348384044370e-01
-1.76857359033684630178485e-01	 7.55644661794729444181939e-01	-6.30652534805624331859519e-01
-2.71117892697663953605058e-01	 7.04350427545006985141640e-01	-6.56037775952226676068335e-01
-3.60354889391084121097464e-01	 6.42002702243613998511762e-01	-6.76739893905950573582686e-01
-4.44399392098215495483515e-01	 5.70203077931694779501015e-01	-6.90925198715431232443507e-01
-5.22661951225408594190469e-01	 4.89644595023644213505065e-01	-6.97905907200519592947785e-01
-5.95077940675373340262411e-01	 4.01512723412593697247530e-01	-6.96182287521996068235808e-01
-6.62764592299188715074365e-01	 3.07259296712901863735112e-01	-6.82887120817183945753470e-01
-7.33623795329883865434795e-01	 2.13266502016231263016977e-01	-6.45223624833698772285118e-01
-7.13848800424515816942517e-01	 1.00547298538297677494846e-01	-6.93044104577140496203924e-01
-6.99252799377075962006245e-01	-1.26881000179352634166241e-02	-7.14761872710945489473033e-01
-6.78003073626943120189026e-01	-1.24312693668101936772530e-01	-7.24470969981129586656721e-01
-6.47436825800622450799438e-01	-2.33769171015056564932877e-01	-7.25380955967378504567478e-01
-6.07644689044353092377548e-01	-3.40049012747164536296651e-01	-7.17728779418709383897124e-01
-5.57299392069974808272548e-01	-4.42214905531873703203871e-01	-7.02754128357758300893465e-01
-4.93622045138827569843443e-01	-5.38892336509627534191225e-01	-6.82592357270542349212405e-01
-4.19011493450985650355278e-01	-6.28153269735582941990515e-01	-6.55631632913231787718189e-01
-3.08880617077092800570881e-01	-6.40012233480865333490328e-01	-7.03546093293757723863280e-01
-1.95655571002612521658293e-01	-6.49593646186208517612215e-01	-7.34674752778499140504209e-01
-1.06489258909238188044455e-01	-7.14393748956986929243840e-01	-6.91593528879603347547800e-01
 8.82896243883167682053870e-03	-7.07147670696783969823684e-01	-7.07010764592991614030382e-01
 1.27949006160623962591316e-01	-6.79415967042104496087518e-01	-7.22511588523499503899927e-01
 2.15258866059697240302739e-01	-7.21896023086790683542802e-01	-6.57669941866107388150908e-01
 2.44642956809754785751920e-01	-6.35240258980232286312173e-01	-7.32543266335926479548846e-01
 3.47728416536835338579436e-01	-5.77209911925121388343030e-01	-7.38859706512798641853124e-01
 4.43046103653920275711187e-01	-5.10499922259618932329772e-01	-7.36953173146030260376449e-01
 4.51128085374731813139704e-01	-4.00459954965493247769359e-01	-7.97568351337466174832969e-01
 5.36173639630683651624565e-01	-3.20718356889929223640934e-01	-7.80805714450790833147664e-01
 6.14130313930058124860523e-01	-2.35957900945178045137851e-01	-7.53105455094911668822988e-01
 6.88116982891722295256898e-01	-1.49592030298081379857678e-01	-7.10012142380178623568554e-01
 5.93982052343489663748244e-01	 1.21089922549967501236301e-03	-8.04477380177268552863268e-01
 5.69332648772848726181905e-01	 1.18392476177955535687758e-01	-8.13537679905328325880021e-01
 5.34215744412277149244517e-01	 2.33433297394618044506842e-01	-8.12479189942433288607049e-01
 5.92564690979753727617663e-01	 3.11448165704520441021685e-01	-7.42877598991488530266736e-01
 5.07780785069385620644766e-01	 4.45156828202567245167387e-01	-7.37559538355344379567669e-01
 4.03380177951020213455990e-01	 5.10890535564713421656791e-01	-7.59127981770270188199845e-01
 2.92978920775112949836938e-01	 5.73547918283470736788843e-01	-7.64987671413171921308560e-01
 1.81158766002309984388674e-01	 6.15863428527027467751509e-01	-7.66742289758074568872814e-01
 6.84162255337341790317751e-02	 6.45688808191138052805513e-01	-7.60529541214820192784885e-01
-4.51125016555449509514375e-02	 6.65869961397804299707559e-01	-7.44702663284122601261572e-01
-1.59260972256599381280395e-01	 6.81088483371700359469969e-01	-7.14670847687465027320286e-01
-2.56010702084584873539086e-01	 6.21515358475752344169507e-01	-7.40389883505248369566232e-01
-3.46181194022129823384404e-01	 5.51970997546210928597077e-01	-7.58608330282006360079095e-01
-4.30127292457190446572923e-01	 4.73317038454650285128622e-01	-7.68740198891644910261789e-01
-5.07862559226715193361201e-01	 3.86504746323539760677335e-01	-7.69863430749290422738795e-01
-5.80743473167913304422427e-01	 2.93264281918895364231759e-01	-7.59429443281904648088698e-01
-6.53892707699039843483035e-01	 1.98134893595884598038737e-01	-7.30182779006575466418383e-01
-6.32949638185363760989333e-01	 8.53735678754658777744879e-02	-7.69471318132931014766029e-01
-6.14387673907420994723338e-01	-2.78452329992756944521126e-02	-7.88512795806031618894849e-01
-5.89635588211422256854632e-01	-1.39559906218439000458176e-01	-7.95520524996602862444206e-01
-5.55465274052749702349274e-01	-2.48813098794651910150577e-01	-7.93442103237348095312598e-01
-5.12352365417086508259104e-01	-3.54522166292325746628222e-01	-7.82182259616588826389716e-01
-4.58430213930042684822297e-01	-4.55972203348903815101067e-01	-7.62844078910757006362076e-01
-3.88964086101332706668643e-01	-5.51829579564568462046736e-01	-7.37693062757775130933169e-01
-2.78211309414379825977193e-01	-5.62022252238808528446157e-01	-7.78928401910184309286933e-01
-1.63613359602697017169959e-01	-5.68837482706147978817057e-01	-8.06011530207881965459649e-01
-7.57732093488700797490054e-02	-6.33507168308599655226487e-01	-7.70017589699477089659752e-01
 3.73638278845203272715558e-02	-6.25824664033539312946175e-01	-7.79068311673067448452912e-01
 1.57810307411624911599901e-01	-5.90519765555324149808314e-01	-7.91443183913497105841373e-01
 2.60913086565690288676223e-01	-5.35108412336513072915523e-01	-8.03482014923458720545568e-01
 3.57871905770928477874548e-01	-4.71600839261142212865963e-01	-8.05928252059741501156509e-01
 3.60963135428869430487708e-01	-3.62218502292084632010472e-01	-8.59362188753169942145860e-01
 4.49872936639495790700494e-01	-2.85273371131078534723713e-01	-8.46305763068446958996560e-01
 5.31625267518969324420652e-01	-2.01740307095677973148184e-01	-8.22602834561324658402270e-01
 6.08560165721563128826688e-01	-1.17066150308439531624316e-01	-7.84824847433429506615710e-01
 5.00959658463590917776287e-01	 3.71607121561014913657672e-02	-8.64672482541276266054808e-01
 4.71338929496321112910806e-01	 1.57662814321564009878429e-01	-8.67745383463067621043763e-01
 4.34524389948784506287893e-01	 2.82183746673925150982853e-01	-8.55313327180573401697927e-01
 5.03327066525384836381818e-01	 3.48144797343899969899184e-01	-7.90858434983989888600320e-01
 4.14461369080584840496329e-01	 4.08269411391426251256576e-01	-8.13349777931945849829276e-01
 3.09400085849131700754810e-01	 4.78482363007251332298608e-01	-8.21782340506016728554073e-01
 1.98420820489708465972356e-01	 5.22485597302163373711892e-01	-8.29239397645814002579812e-01
 8.59316216115212361259523e-02	 5.55214514829554972585868e-01	-8.27256066118463917469228e-01
-2.79386595611547869366653e-02	 5.79007988632787573557437e-01	-8.14843040346630131942618e-01
-1.42622715900229263263910e-01	 5.98238101484039663802150e-01	-7.88523896176910099597990e-01
-2.38801459673983501597050e-01	 5.31250883962480435762643e-01	-8.12863064203718121980557e-01
-3.28502560173389468456406e-01	 4.55077593911643429880343e-01	-8.27641499369816679987366e-01
-4.11616837000527924228521e-01	 3.70421849688221060947768e-01	-8.32681951750629534281245e-01
-4.89645969314051188181480e-01	 2.78753373427376771598318e-01	-8.26161837376527929954761e-01
-5.66040473108187613959785e-01	 1.83360512302271044804414e-01	-8.03727009208791032257579e-01
-5.43573373630979572723732e-01	 7.06723382315220804983369e-02	-8.36381138051501715757752e-01
-5.21645683954123140502190e-01	-4.23222217740830963794707e-02	-8.52111852960713345161992e-01
-4.93551347140945895208830e-01	-1.53718877204813919590265e-01	-8.56024283841439359576952e-01
-4.55775227430023077701549e-01	-2.62261433535924348703361e-01	-8.50580908873925234381375e-01
-4.09778601630441885461664e-01	-3.66801288081864573786817e-01	-8.35187591327412270914010e-01
-3.53350493485292349582494e-01	-4.67092937082268233606186e-01	-8.10535389037123188415990e-01
-2.43664408950141631038377e-01	-4.75541137177945494318720e-01	-8.45274087300968202107754e-01
-1.30798369793543645123179e-01	-4.81447455168992455298849e-01	-8.66660333908649826994974e-01
-4.16516484849681761781781e-02	-5.39818200473651255144603e-01	-8.40750528168655808514131e-01
 6.76449514994320183491894e-02	-5.37951361876940370443378e-01	-8.40257396748987028800570e-01
 1.67187107304602983193220e-01	-4.85990383934716108083052e-01	-8.57823885115182815930268e-01
 2.62787174965530667680724e-01	-4.28316113955786170741646e-01	-8.64574003309982352938334e-01
 2.59625963763460587685472e-01	-3.25007297882100476549283e-01	-9.09375948254224519828881e-01
 3.53804075350619307016586e-01	-2.49687194458440758770834e-01	-9.01376159651877228995431e-01
 4.40028230766766947912316e-01	-1.68591658450069181718334e-01	-8.82015877878240983633873e-01
 5.20444005322766689580760e-01	-8.25921527212928607841746e-02	-8.49892095287665849667746e-01
 4.01496156298289275099478e-01	 6.38580986637008185535791e-02	-9.13631752793628071351861e-01
 3.71505920913047182896349e-01	 1.74041713034237432999873e-01	-9.11971947403349081362478e-01
 3.35304196639668039559012e-01	 2.75830922498754571581259e-01	-9.00826508218598664967658e-01
 3.24325710072938200312365e-01	 3.76860161432904794409637e-01	-8.67634285001722016517078e-01
 2.13935885853659024657958e-01	 4.22632283563972588336100e-01	-8.80689156078075074951528e-01
 1.02010744090108573800535e-01	 4.57761673051047368598887e-01	-8.83203294137702155097713e-01
-1.14620336143779807253074e-02	 4.84806709594358897774669e-01	-8.74546211539283913083409e-01
-1.25771979982707754475157e-01	 5.07245814304237097047690e-01	-8.52574391429898104100005e-01
-2.20718774765419567529534e-01	 4.33323526064427977377846e-01	-8.73792849721913955640673e-01
-3.08541968734992455569710e-01	 3.51190814106803972372006e-01	-8.84006145689120836905772e-01
-3.91053868700592832663432e-01	 2.62194339971099532604626e-01	-8.82230695374752404980256e-01
-4.70850731271963307555950e-01	 1.68261646382118768006109e-01	-8.66018248778532506726435e-01
-4.46768815619502546176989e-01	 5.55498395834960190242668e-02	-8.92923199783830612297209e-01
-4.21760374828082706955001e-01	-5.71148832991563368266519e-02	-9.04906667193141389660127e-01
-3.90309740709561925342541e-01	-1.67899627797074624258045e-01	-9.05244730055269952728736e-01
-3.48611309469331109855972e-01	-2.75185442353449327690385e-01	-8.95959333467102658765668e-01
-3.00386048756762003009158e-01	-3.77539701978840069873655e-01	-8.75917801589868982858889e-01
-1.83509437468121205938587e-01	-3.86785306928327354825115e-01	-9.03726403677846290563025e-01
-5.58146205303227463390137e-02	-4.15150844185638578931474e-01	-9.08038823347882884107207e-01
 4.86376314816299726295767e-02	-4.45445480682243155623468e-01	-8.93986971126326190884015e-01
 1.46604369580529581007511e-01	-3.86456354507372146223076e-01	-9.10581487227127839290119e-01
 1.58828183845325432432816e-01	-2.84617793412165198674302e-01	-9.45392151273526160082383e-01
 2.53015806186357883333926e-01	-2.09936783772725954477778e-01	-9.44409629683556017809565e-01
 3.40898181339490069508003e-01	-1.32385501723696702436328e-01	-9.30732243393766589534266e-01
 4.24706134514187538808727e-01	-5.12325553248933057703951e-02	-9.03880481358513843126445e-01
 2.89645378881428050554803e-01	 9.62230319683620299864302e-02	-9.52284979725843139242158e-01
 2.53139295996209379158159e-01	 2.04386375858507024494415e-01	-9.45593309084814093168347e-01
 2.26283722182150509594223e-01	 3.16888933028957819892923e-01	-9.21073873909774909485293e-01
 1.16605344927085768924613e-01	 3.53840268953286574138417e-01	-9.28008759442227160185723e-01
 4.52470214835047970791670e-03	 3.83732959899894088273697e-01	-9.23433020070722476724256e-01
-1.08692062924384519329024e-01	 4.08748267895612638067604e-01	-9.06151692019376175935008e-01
-2.00236162547786089582758e-01	 3.28615407637474710167425e-01	-9.22993712368287422265212e-01
-2.86359204939662603806028e-01	 2.42095176690574287459157e-01	-9.27032001157179097461380e-01
-3.69223129413384532071518e-01	 1.51047041303723067473541e-01	-9.16983681435814212967728e-01
-3.43407260387186552552663e-01	 3.81808325532727241280462e-02	-9.38410186186672934383068e-01
-3.15314343270033103916461e-01	-7.42319286093977154239454e-02	-9.46079534554636336629585e-01
-2.80144699338831904000813e-01	-1.84391816488795989847915e-01	-9.42082058763629159869879e-01
-2.33024891737249800760523e-01	-2.89854168937007827810959e-01	-9.28269336227734997990524e-01
-1.03163059785072896978875e-01	-3.16228615383413402817325e-01	-9.43057180614447543298695e-01
 2.71026315387539462609112e-02	-3.40597320424233129809721e-01	-9.39818553064104555971880e-01
 5.98235647542091075745674e-02	-2.42615593155352221588217e-01	-9.68276208040854236003270e-01
 1.47590362596733915001579e-01	-1.66307701928683382419649e-01	-9.74966067690442694804176e-01
 2.34826016717636476549558e-01	-9.19265259769155157476561e-02	-9.67680864590358513765977e-01
 3.19827320769740575112650e-01	-1.56637346626414437900099e-02	-9.47346363430856097664901e-01
 1.69650273561390757537382e-01	 1.29936456637860880958257e-01	-9.76900865961814357518733e-01
 1.39720676387826980846540e-01	 2.42706371362547107528584e-01	-9.59985286288156491885104e-01
 2.61819630504941183724021e-02	 2.76191262117211955295915e-01	-9.60746007819404890248904e-01
-8.78850497620717735491880e-02	 3.03755081290915107672390e-01	-9.48688077619966541043084e-01
-1.76809990613453704710878e-01	 2.19311618802716795650909e-01	-9.59500203792267303271046e-01
-2.62169469265771781785190e-01	 1.30162388334790435351351e-01	-9.56203389477305210064628e-01
-2.34530433282036293585193e-01	 1.67481837586977988507897e-02	-9.71964492255414369559219e-01
-2.03267160367210902860435e-01	-9.62804629318587956721132e-02	-9.74378024164070377644009e-01
-1.63697915334318322422291e-01	-2.07966834441416031920014e-01	-9.64340597656043518881575e-01
-4.94266831174370938062346e-02	-2.26971255734038424023424e-01	-9.72646416775655553443869e-01
 2.88459246906662657161657e-02	-1.33495298778634086112049e-01	-9.90629556308887826432397e-01
 1.17142368562405188581188e-01	-5.53739530698338297542982e-02	-9.91570164339876547465735e-01
 2.04622285380849117109037e-01	 2.03347122815337490175924e-02	-9.78629766460200056776841e-01
 5.25745697606638598409212e-02	 1.65016326924251166552438e-01	-9.84888585812075390002462e-01
-6.33428442507565636621081e-02	 1.94665099099470717547433e-01	-9.78822345103961044543439e-01
-1.50935012777694110841509e-01	 1.07624332812934070391364e-01	-9.82667606520316927465331e-01
-1.21785138825904040715820e-01	-4.77561608933217956324269e-03	-9.92544998200143413491503e-01
-8.86567009146381618256427e-02	-1.16161300056970950844715e-01	-9.89265657825038946526774e-01
-4.99477128367396740887818e-03	-2.59293865013627035376320e-02	-9.99651298791476961014268e-01
 8.30752113665071539871931e-02	 5.36841147121108405726453e-02	-9.95096239106543434260743e-01
-3.58891093549190340339372e-02	 8.39589680210999639298208e-02	-9.95822706870325813355294e-01
