-7.91144761246317107517001e-02	-5.88943991638494340756793e-02	 9.95124288425648928502198e-01
 2.76267075866682247642370e-02	 6.51834004174740438974922e-02	 9.97490796618162312014988e-01
-2.21995877919429554503417e-02	 2.31590198913416561721235e-01	 9.72560105119016360397666e-01
-1.32050602053928628487611e-01	 1.10015167232914129469279e-01	 9.85118927579766490154611e-01
-2.35333129440862404146984e-01	-1.66809678016963287838781e-02	 9.71771610771156924002412e-01
-1.83072513939983416708657e-01	-1.85987717859120271768347e-01	 9.65346064085440325186482e-01
-2.47577238157529015694092e-02	-2.21616516750925918177728e-01	 9.74819560028752141178643e-01
 8.48965242256359969852397e-02	-9.41339445822326204016406e-02	 9.91933153318203864046154e-01
 1.97242318986479148179569e-01	 2.86180623561262427456686e-02	 9.79936974558985096628305e-01
 1.37386433497540705328532e-01	 1.82042006406908291049618e-01	 9.73645559633572910129828e-01
 9.14214604659121937713095e-02	 3.46212250450580905081210e-01	 9.33691166395090088592212e-01
-6.41438536112002438693835e-02	 3.92465767679890054075997e-01	 9.17527213353009907237379e-01
-1.78863892091377402193686e-01	 2.75601140736648764217875e-01	 9.44484896295638032270858e-01
-2.86556608023370296134402e-01	 1.53498252591081518758642e-01	 9.45686838678441832328758e-01
-3.84214589513663162811952e-01	 2.58843740542613227895163e-02	 9.22880896099093739337604e-01
-3.34184691671689348968499e-01	-1.45625723583822364037843e-01	 9.31189422450119042018457e-01
-1.31694802010341976972185e-01	-3.46134033561848741822331e-01	 9.28895962922469564659878e-01
 2.40190524903367355613604e-02	-3.80474240937595797884541e-01	 9.24479549314330073528367e-01
 1.34280835247495622386538e-01	-2.51677703019468568257366e-01	 9.58450307052003291907738e-01
 2.50003260946560279531781e-01	-1.23736058509408844430233e-01	 9.60306074822315447470089e-01
 3.67459134058021497093449e-01	-1.28554847797779526336059e-02	 9.29950816607204244768070e-01
 3.11299833292046967958555e-01	 1.38041023256841838273701e-01	 9.40232465771389969155791e-01
 4.18417800204198053748428e-01	 2.45568330408457186075921e-01	 8.74427092199619893087004e-01
 2.46737714186904349977780e-01	 2.87543050031299152191622e-01	 9.25440162720702064191869e-01
 2.04917606275557523387576e-01	 4.52099290474159587471803e-01	 8.68110019635217167177643e-01
 5.51248164419486721965491e-02	 5.01969918175024121254069e-01	 8.63126558425588830125719e-01
-9.79806990037184050157393e-02	 5.40441866004590321104217e-01	 8.35656850682275686992284e-01
-2.19360380073953170620982e-01	 4.30285013011644845715153e-01	 8.75634530629862295469934e-01
-3.32552163294751290667506e-01	 3.14908083354017376276346e-01	 8.88955543166406347843633e-01
-4.35136650682134140666335e-01	 1.93795690349052612821978e-01	 8.79260669901291924688280e-01
-5.24947838489568718856049e-01	 6.69552578617376714653631e-02	 8.48496765055588131332343e-01
-4.76311025209921801160107e-01	-1.03538719657941910567978e-01	 8.73159516236905908215249e-01
-2.88737701851453365531341e-01	-3.08195718791451855889107e-01	 9.06446875689999709280187e-01
-2.24456404176761076252333e-01	-4.61637425619101871010486e-01	 8.58201730301102916342870e-01
-6.59942075889964202550786e-02	-5.02369383252462498035129e-01	 8.62130945584973829021180e-01
 9.19860406904273730788191e-02	-5.32155691141084630224611e-01	 8.41634652746816147583786e-01
 1.77547505744805156346899e-01	-4.05075737673052937992679e-01	 8.96878213556573489206869e-01
 2.92292536326110741207174e-01	-2.73583326970103901665254e-01	 9.16360865823076520264578e-01
 4.13511062952059305075636e-01	-1.64687073239360298737566e-01	 8.95481305625143386706100e-01
 5.25093475039690726902109e-01	-4.93795294697395373284543e-02	 8.49610795917806749244505e-01
 4.76733181806107686462326e-01	 9.91479228198053064158302e-02	 8.73438700061740291857859e-01
 5.63606903412893767146841e-01	 2.25808422552795595716901e-01	 7.94580275824631310221946e-01
 4.89199765224147931075294e-01	 3.81589949569147490748833e-01	 7.84265707584141602559669e-01
 3.49408916733878249782919e-01	 3.87326362435125970407057e-01	 8.53165691920175106588431e-01
 3.52844016255425163564041e-01	 5.20594801029905296374523e-01	 7.77484503596936549207896e-01
 1.96961042874490260823350e-01	 5.89366910314250813662795e-01	 7.83487710571408646487157e-01
 3.98816700458630504777524e-02	 6.36143251754580973944542e-01	 7.70539561373367098973119e-01
-2.53424178847367842504212e-01	 5.66573693778287479361211e-01	 7.84072978168464107540103e-01
-3.75376579036185376025969e-01	 4.56625068100815767468958e-01	 8.06589096810151562344515e-01
-4.85810649893481549810303e-01	 3.38420438062171147208801e-01	 8.05890575420684207585964e-01
-5.83239137545707220233737e-01	 2.11541922314063074450630e-01	 7.84271715375870592801277e-01
-6.65604088809038541008078e-01	 7.32145431466393326047637e-02	 7.42705074462615022490297e-01
-6.08515499544315052737886e-01	-6.12469332557708454056744e-02	 7.91174885838204389187922e-01
-4.39789356452294777355405e-01	-2.65382089921326558279446e-01	 8.57996310190356048508420e-01
-3.84745293378468911082990e-01	-4.18546973478089612274999e-01	 8.22672164483184142902417e-01
-3.14375265662520386733547e-01	-5.60297439859517742988260e-01	 7.66312580626528516702933e-01
-1.56440014951658462605266e-01	-6.08024668275557345076265e-01	 7.78352442335940586382037e-01
 2.16939266339508237887990e-03	-6.42952236815672373282382e-01	 7.65903202049185605204684e-01
 2.50719587302984991961097e-01	-5.46508354433921983428490e-01	 7.99042118462191863770272e-01
 3.28792265006503436897134e-01	-4.18677309949617826312362e-01	 8.46525225025955729840632e-01
 4.44548535109113573948747e-01	-3.19278351516600833459592e-01	 8.36921701346776680807693e-01
 5.58942921503499112745317e-01	-1.99622134295628195221894e-01	 8.04819118808935418662998e-01
 6.62170950944204750321376e-01	-8.47624951312918872847746e-02	 7.44543451482024165599682e-01
 6.20954087892179651397839e-01	 7.10935637054369851117741e-02	 7.80616247543985175560977e-01
 7.00437798760494056971027e-01	 1.83812142333555722517602e-01	 6.89637576121184481259263e-01
 6.36398810241425083589206e-01	 3.32930274909535584004772e-01	 6.95811746359573879416871e-01
 5.56948865561035288962444e-01	 4.72925528615939227972120e-01	 6.82751349712038435590955e-01
 4.51608650596254879161506e-01	 5.81650525902705273217919e-01	 6.76559156632837499500965e-01
 3.13144496439727415548759e-01	 6.61452926045547284772397e-01	 6.81484079766573325187551e-01
 1.66017092303935964725525e-01	 7.17456061921909027390143e-01	 6.76531687561234829075829e-01
 1.43209130987578103083591e-02	 7.54600455359447974679199e-01	 6.56028249558913145733641e-01
-1.18341736800255281636396e-01	 6.67638573216033814894388e-01	 7.35019706460417143745190e-01
-2.74069081500504296844412e-01	 6.85063463057759225449672e-01	 6.74962362023824313794762e-01
-4.05349295382410212962299e-01	 5.83863718676059795242850e-01	 7.03416737607761577422139e-01
-5.22665137194604945136689e-01	 4.71319726609148059726095e-01	 7.10407537734801031170662e-01
-6.25971602721336450869671e-01	 3.48668562376527879642651e-01	 6.97559880007993848849424e-01
-7.12899129555159882798421e-01	 2.14853092306292126068001e-01	 6.67542492884100502337219e-01
-7.71528612216075826424344e-01	 5.84742860958374077728905e-02	 6.33501664084253568454130e-01
-7.10764017193861286081358e-01	-1.20804403452863598489309e-01	 6.92979659130657510424101e-01
-5.82154957881013901399569e-01	-2.17576401638878508260078e-01	 7.83425883197914507682924e-01
-5.37245676126666293903611e-01	-3.68149467817769415756146e-01	 7.58836644363392709422556e-01
-4.76499932741440590522330e-01	-5.09680935832202419710768e-01	 7.16361052644972629011022e-01
-4.00000647446192070244564e-01	-6.39936024803417935480354e-01	 6.56110788054446225636696e-01
-2.45297351205090830017497e-01	-6.96740379403907761357573e-01	 6.74078669889401793646755e-01
-8.92020508526910754776296e-02	-7.37462535822142162267312e-01	 6.69471435075798870784070e-01
 7.18160079919475113907623e-02	-7.59187485674870599083874e-01	 6.46897845560463147229768e-01
 1.63569008123260001275057e-01	-6.60374020441599540731659e-01	 7.32906087235855041583932e-01
 4.21574487684278464971754e-01	-5.02728725966602230101898e-01	 7.54677930922678430469830e-01
 5.52887351308162799945478e-01	-4.89802384925397127357627e-01	 6.74098806173722087109468e-01
 5.62643957517508619403657e-01	-3.55456088150694515803707e-01	 7.46379760219716748004259e-01
 6.79332122434617047268546e-01	-2.43799897781904167937128e-01	 6.92148450312511820392558e-01
 7.73722003219017295805315e-01	-1.30578201319997894147562e-01	 6.19922249217420007205703e-01
 7.47215086391536553733772e-01	 2.94475629412957566610753e-02	 6.63929556282673138944972e-01
 8.10839666470171915868548e-01	 1.51577287066955473937568e-01	 5.65299355495795907700085e-01
 7.52867569173965467399512e-01	 3.08454516119533117546325e-01	 5.81417435902595869379184e-01
 6.78984184771805332481165e-01	 4.57035346322456570433701e-01	 5.74542573741649742480320e-01
 5.77680047642850413858184e-01	 5.92618619908195309875509e-01	 5.61327831034111768282457e-01
 4.46380078564857563083734e-01	 6.97871060573947765703906e-01	 5.60107854144025640863447e-01
 3.03099976097061574176195e-01	 7.71313787632476821620742e-01	 5.59647608319738254500919e-01
 1.53333092932536829700041e-01	 8.21453514496252257259812e-01	 5.49275055080328034051718e-01
 3.11594785454964414220247e-04	 8.52016831629181181639865e-01	 5.23514299259591808777259e-01
-1.38360466138930604529378e-01	 7.77600375712170999165096e-01	 6.13346588074074494656429e-01
-2.88046969251593953931234e-01	 7.85825431485651537677484e-01	 5.47272632912848111530479e-01
-4.22311715576233315250221e-01	 6.94170653967673079165479e-01	 5.82906440226175437402389e-01
-5.46614715859268129882764e-01	 5.88494653844522597196942e-01	 5.95723421398308916607789e-01
-6.56712015236097568227081e-01	 4.69927128540093386188659e-01	 5.89828638594809273598685e-01
-7.50495900408993721342199e-01	 3.38698460481930585519450e-01	 5.67485027411705478250781e-01
-8.21276057137301340738134e-01	 1.89735248866216538177198e-01	 5.38057778784660878379498e-01
-8.70504354735039398427432e-01	 3.84135322430691136808001e-02	 4.90659320636980533780758e-01
-8.09083099916632852988130e-01	-8.35606358117577802113729e-02	 5.81723437358360739857233e-01
-6.79155210991896796102196e-01	-2.88055960917349196392934e-01	 6.75108852528638281320639e-01
-6.29063208673754092892239e-01	-4.38916117186908094627285e-01	 6.41585630735796330625931e-01
-5.63272045210993943520350e-01	-5.75368425619184331587519e-01	 5.93022577887490798254078e-01
-4.82613550059677431924854e-01	-6.96289387828542438718671e-01	 5.31286410231006200888260e-01
-3.33600038283530520022424e-01	-7.64917065378569849265489e-01	 5.51010796218970422266636e-01
-1.82300491534426484241393e-01	-8.13373230279908487894147e-01	 5.52440511775099118985111e-01
-2.50406331434080142717136e-02	-8.40754659604386778148921e-01	 5.40836915386966654573087e-01
 2.40373781723689922129594e-01	-7.52143224820596256741112e-01	 6.13596784881020873569923e-01
 3.33765087528571702257807e-01	-6.39218362317627075697146e-01	 6.92820865464526813859436e-01
 4.79217887036381628984572e-01	-6.18083460046894628270309e-01	 6.23155721437944287721677e-01
 6.33156272924102703214544e-01	-5.47433367359041023192390e-01	 5.47201829637657954918950e-01
 6.77560740981732023691109e-01	-3.94633291900759630710382e-01	 6.20625496740068061107820e-01
 7.79450158752987731780593e-01	-2.88124333630784656978818e-01	 5.56274948554902004538292e-01
 8.60700481937838435264609e-01	-1.72877044897518900024025e-01	 4.78861365887324419432503e-01
 8.46192994758854344361509e-01	-9.74840716295697490290095e-03	 5.32787372390550184597657e-01
 8.96811611546291742591563e-01	 1.12260712036243409661651e-01	 4.27932782021731850097268e-01
 8.46940851505295855261579e-01	 2.76071571460790143870412e-01	 4.54395952317639295614526e-01
 7.79687907267032520586270e-01	 4.31274075096325038014555e-01	 4.53970747307979261009336e-01
 6.87058205076189532078956e-01	 5.74870020493562061680848e-01	 4.44382135526639188150000e-01
 5.64793303063250817785956e-01	 7.00485079485249295672133e-01	 4.36267324278872548060093e-01
 4.24410273473124322052286e-01	 7.96230615061877311511296e-01	 4.31152788937579078965001e-01
 2.73376164903533669381375e-01	 8.62982368031395941088135e-01	 4.24884578361653941769305e-01
 1.15402853010406328260196e-01	 9.05705424012571924663462e-01	 4.07896882105349911640246e-01
-4.85464382954128650937697e-02	 9.26313900178645899252672e-01	 3.73611832875586913349508e-01
-1.51378017555061333832001e-01	 8.67893440748554345631760e-01	 4.73123315116402931579387e-01
-2.83762353232310582384912e-01	 8.71464957878717916273104e-01	 4.00034691092542527002252e-01
-4.19251289580999719763810e-01	 7.92301782188809422535769e-01	 4.43267686759485246561496e-01
-5.47947235064968007911546e-01	 6.95214546994556981118762e-01	 4.65220981074381312314614e-01
-6.65777580424932069469435e-01	 5.81959184657395711681716e-01	 4.66972933687191560370167e-01
-7.67971970583488761086244e-01	 4.53464774364895795155661e-01	 4.52314880153535436857481e-01
-8.49706230193904898939650e-01	 3.08079846418186087397828e-01	 4.27885651314237835940446e-01
-9.08429422325426338957755e-01	 1.54726061304467310542066e-01	 3.88350139187174980826001e-01
-9.37680556834624479023432e-01	-1.38498738951273996783398e-02	 3.47222341342543205922055e-01
-8.83587185768487270998151e-01	-1.32766184847949858527372e-01	 4.49051027508728717307918e-01
-7.87757997914992347254781e-01	-2.39461085386092759064169e-01	 5.67534778940178674666583e-01
-7.46842496544834810734415e-01	-3.90508386119392980617704e-01	 5.38265255914874840570405e-01
-6.84880344676535357528735e-01	-5.34295063856032648175187e-01	 4.95446968115486774397738e-01
-6.00660374171760547135079e-01	-6.70054141784263257441978e-01	 4.36158872404993180893484e-01
-4.42495658533030078451986e-01	-7.93620863880856397543084e-01	 4.17568577113296868219550e-01
-2.88850754128939568587953e-01	-8.60307854722565323868366e-01	 4.20042422788223290819332e-01
-1.31872690029068873052154e-01	-9.00045012259932941667273e-01	 4.15365585394980418865174e-01
 3.06325555179087875845578e-02	-9.14492502692356934446138e-01	 4.03441580729988813480702e-01
 1.40078085515552897000191e-01	-8.44273062225665005264830e-01	 5.17282443504895828034762e-01
 3.01042510667816509695172e-01	-8.29585912083192988930591e-01	 4.70277174912747231161347e-01
 3.95829124156345857343808e-01	-7.32344960753573692713303e-01	 5.54066930007979019379150e-01
 5.53749447986456644343889e-01	-6.75951886810385760284703e-01	 4.86261859055564793496984e-01
 6.94723642531628327034809e-01	-5.92740340220466066512017e-01	 4.07453002913111983485095e-01
 7.53071783016207030314604e-01	-4.46495343400606814476816e-01	 4.83244035603508648168969e-01
 8.48506370303093615525825e-01	-3.33979988036919306360062e-01	 4.10480580717198562101800e-01
 9.20938113200798103008538e-01	-2.11673150568190998610518e-01	 3.27211657773206598953664e-01
 9.20004428974583565725709e-01	-5.10868249798845791564972e-02	 3.88564006285483098945832e-01
 9.58770160059718601353040e-01	 6.64042920993885010805258e-02	 2.76315490282106279718022e-01
 9.19024623042306809672652e-01	 2.34377886426267639796706e-01	 3.16955436293971382077928e-01
 8.61114370974228826582930e-01	 3.92981511895552193536219e-01	 3.22564057839592799314943e-01
 7.78380571280928967858870e-01	 5.41784113595926375417378e-01	 3.17165036704002312184514e-01
 6.68454997301840769807768e-01	 6.76042158598454845375159e-01	 3.10056311626997482822077e-01
 5.37202675830116271882275e-01	 7.88199233161453127749496e-01	 3.00258645045667682538237e-01
 3.92210975823133467521586e-01	 8.72623534837552061738108e-01	 2.91030439802232476775856e-01
 2.40168942212041852668492e-01	 9.29761423491818006503706e-01	 2.79038661448942293397124e-01
 8.62244700552136367210920e-02	 9.62550135818262764253461e-01	 2.57026412650414870508797e-01
-7.05064178362280885581370e-02	 9.71574846144859005647731e-01	 2.25989299265467458166512e-01
-2.11927286078300747274028e-01	 9.36951910495682716017996e-01	 2.77863172863869301032480e-01
-3.81504124949420486689888e-01	 8.81435512373714091793886e-01	 2.78434983744975994568449e-01
-5.16218550905053752408946e-01	 7.95144342401025938649184e-01	 3.18219864950518960267090e-01
-6.44949608181315525712307e-01	 6.87965087410624565045225e-01	 3.32782273282185681040346e-01
-7.59205144357605332672279e-01	 5.62605746433805231632164e-01	 3.27234354646037506331169e-01
-8.53572852054150343903416e-01	 4.19691585636659425517792e-01	 3.08662208865824849723936e-01
-9.23742715240573053492312e-01	 2.65851464060479825146643e-01	 2.75721589827262580918443e-01
-9.66191686838182461904978e-01	 1.02695235636223430875091e-01	 2.36489561846623674856716e-01
-9.77593971326359056916999e-01	-6.86053266552272000833312e-02	 1.99005870217156766166511e-01
-9.33186035963788906855143e-01	-1.87611330217482802362738e-01	 3.06538433244865515803212e-01
-8.55938400362953322186854e-01	-2.91498448906364893140619e-01	 4.27080916301925406219908e-01
-8.07573241460523782997427e-01	-4.39368052787643126322337e-01	 3.93422386077022401273950e-01
-7.39565945081440134778461e-01	-5.75027840879424156916855e-01	 3.49835954540616334007552e-01
-6.54937079772431096635898e-01	-6.95939281917484220407744e-01	 2.94492678047072631297709e-01
-5.33432777100373956002954e-01	-7.92857824072387584735111e-01	 2.94662422310992822005460e-01
-3.88229361842852893627054e-01	-8.77763840014277541001775e-01	 2.80728701358591570258483e-01
-2.35924439205827729537646e-01	-9.31729854278412705781420e-01	 2.76078136823153075241066e-01
-7.82938041741569751286178e-02	-9.59897849339002573465507e-01	 2.69195466273665862111386e-01
 8.29255588762354972631741e-02	-9.63240402234293857652858e-01	 2.55521582627730226011664e-01
 1.95010156619547514456059e-01	-9.07539158237362864056763e-01	 3.71945849662337957308722e-01
 3.60764204450545633573455e-01	-8.75295966470789776892047e-01	 3.22034407893211194195970e-01
 4.63012755187933222611463e-01	-7.85728867946199338589963e-01	 4.10182074948751362875043e-01
 6.10588893595351289711459e-01	-7.16570425152564971504887e-01	 3.37206211115212539652930e-01
 7.34070621768187381306348e-01	-6.29576239503861434521070e-01	 2.54507526232611247518633e-01
 8.05467796356697074422470e-01	-4.88971632796312172253295e-01	 3.34855747080433141515954e-01
 8.92027914915547337493251e-01	-3.71937886629306990737831e-01	 2.56804220177834718885634e-01
 9.54017552847293281992336e-01	-2.45981355807212337394319e-01	 1.71299975056937697770465e-01
 9.69729125067061992204742e-01	-8.13057161908729286725617e-02	 2.30249439763400731706611e-01
 9.94514602755045551418789e-01	 5.55068843890364760351730e-02	 8.86548966069917038224091e-02
 9.68553314299321566060996e-01	 1.80574470484112598045456e-01	 1.71164651634564873861066e-01
 9.21837832148222235950641e-01	 3.43214863303092865276511e-01	 1.80051572689896854928548e-01
 8.51131163805865065263845e-01	 4.92982889693558412602670e-01	 1.80398482443348107118197e-01
 7.53150018329599157951293e-01	 6.33742531105895512411053e-01	 1.76452413294966470314051e-01
 6.31387773610278424385456e-01	 7.57115571755008209819948e-01	 1.67706560222142780913757e-01
 4.90533385848248071336997e-01	 8.57427282793817191475227e-01	 1.55548873634833939583189e-01
 3.37332226296307824409126e-01	 9.30685805218595785248681e-01	 1.41530565838586752658301e-01
 1.80671996749704272255954e-01	 9.76223182231902075756125e-01	 1.19774488366652540061175e-01
 1.91924684920764809792360e-02	 9.95436836773934130562225e-01	 9.34727401261180868008438e-02
-1.59868711893593473671871e-01	 9.82274839943921840301755e-01	 9.78679404638004152294783e-02
-3.08852764395129764096737e-01	 9.41032802558831371619874e-01	 1.38084157070093332952965e-01
-4.66657936047928711964516e-01	 8.71777884957362636519917e-01	 1.49109657711212262309886e-01
-5.98491849815709020532495e-01	 7.78897796131672648378697e-01	 1.87418592688650215150048e-01
-7.24904258917941857198741e-01	 6.60770437761352025241024e-01	 1.94669576419380319087793e-01
-8.32788401438135927890016e-01	 5.22263971739961974094513e-01	 1.83586007779771548387160e-01
-9.15796681237806886599628e-01	 3.69860709408157961597396e-01	 1.56587018203658834281100e-01
-9.70047564791273186912690e-01	 2.13021033485120248052169e-01	 1.16746568838025560621574e-01
-9.95555510993605174974164e-01	 4.81986370600831007249276e-02	 8.09080707705494978076999e-02
-9.91368102141490292744663e-01	-1.22100257532878619937122e-01	 4.77578597383134795251181e-02
-9.57375057044924426818966e-01	-2.42402797538896791484930e-01	 1.57079228077885379999401e-01
-8.95984957369325707432495e-01	-3.48768084525870381007451e-01	 2.74903218213325195584673e-01
-8.35125148416280826957347e-01	-4.98014389905403087599467e-01	 2.33554391801640892634140e-01
-7.51676363744462783245126e-01	-6.34012330102458832037371e-01	 1.81689321276603921173631e-01
-6.27232872144658504254267e-01	-7.64269759642853818704111e-01	 1.49902163415399414247986e-01
-4.89369501142544405247747e-01	-8.59942930730646093451242e-01	 1.44967745508732176462630e-01
-3.40935313905506520715250e-01	-9.30990518966139823930916e-01	 1.30459822655527274415377e-01
-1.86693615265240697720373e-01	-9.74663801365729387526926e-01	 1.23190780200874608341088e-01
-2.88435144913364478747031e-02	-9.92967141626145188837427e-01	 1.14822939008678945316255e-01
 1.31806246007720367918736e-01	-9.85915890869189515122173e-01	 1.02941583652888898892108e-01
 2.48836624239668208202758e-01	-9.42925230537578595857440e-01	 2.21296958977435120896615e-01
 4.08867654124194568332484e-01	-8.97671295516238809675258e-01	 1.64357800597281222820811e-01
 5.15568305945529603562250e-01	-8.18020277229591141754383e-01	 2.55014015194615528692168e-01
 6.45539767308832890257975e-01	-7.43905969832652114170912e-01	 1.72865025005636441246537e-01
 7.59924013398603492852601e-01	-6.43781229635965512869689e-01	 8.97843094786798523454507e-02
 8.34247450846021809667263e-01	-5.21988190136721708078937e-01	 1.77649993286529694902498e-01
 9.08459287555851036088939e-01	-4.06786781418335186000235e-01	 9.60533045596422968559480e-02
 9.86028765309474364286757e-01	-1.51656625724880006478301e-01	-6.89024082018715733344294e-02
 9.90939643492890875897672e-01	-1.06743870217797354182920e-01	 8.15129997307701831266158e-02
 9.97851775342675550994898e-01	 5.39749990229803928293295e-03	-6.52893669771365536824703e-02
 9.84668525718953135950073e-01	 1.57683045247207609396156e-01	-7.45919010351026867677859e-02
 9.65367528939533703358222e-01	 2.57828334490998900552228e-01	 3.98758573923678472095133e-02
 9.05834992658534621234878e-01	 4.22269792264621579569450e-01	 3.39291705779255700625718e-02
 8.22061648961029067805839e-01	 5.68149266346301806684949e-01	 3.76969024938790878143102e-02
 7.10612924726795158747450e-01	 7.02809599350373681581061e-01	 3.29839092922221133186156e-02
 5.76575094830180212568393e-01	 8.16743843269120195493826e-01	 2.21507224161101197446033e-02
 4.25155991779174846634248e-01	 9.05091927027314779863332e-01	 7.14046806927124549924102e-03
 2.68713529908836901149982e-01	 9.63068125391384088906932e-01	-1.71121214072971691844138e-02
 1.06374287120135538331489e-01	 9.93456920378952501593517e-01	-4.15675160534098864228980e-02
-6.86804225978783905448566e-02	 9.96592647174992074532440e-01	-4.56737906081648714629040e-02
-2.39762532903525449334836e-01	 9.70159184219057779685613e-01	-3.61259614556935157447803e-02
-3.90621752295489288453467e-01	 9.20548802125428444753652e-01	-2.13296484743766279201793e-03
-5.39491181610403103263707e-01	 8.41849107428885967685517e-01	 1.54707881440816954338180e-02
-6.66877424991586198466109e-01	 7.43224055319743892589202e-01	 5.37820009916467334232237e-02
-7.88266246675166870616636e-01	 6.12947321151693591545495e-01	 5.41470760577845156014121e-02
-8.85079550291661187877423e-01	 4.64203877873881842752724e-01	 3.38961564541015378249078e-02
-9.49046226826473438009657e-01	 3.15024134021225143964529e-01	-8.42937308530479316448503e-03
-9.86427505553252426118149e-01	 1.57747653706979407139954e-01	-4.55681252404719697168822e-02
-9.97059029016074016560367e-01	-5.67295474617816007645299e-03	-7.64271564430570315984426e-02
-9.79430274687151158907739e-01	-1.73181786944141019590759e-01	-1.03558706524781080071662e-01
-9.55531364147670037034743e-01	-2.94855532147807464227185e-01	 4.47518624485608758345467e-03
-9.06960496869463783653487e-01	-4.04530583574915725275645e-01	 1.17378294717693842930117e-01
-8.29801277402691606077667e-01	-5.53660933713877256856506e-01	 6.99243198031928858693362e-02
-7.16230262807510009714917e-01	-6.97069232700980534467305e-01	 3.32970788561322839083090e-02
-5.77944880469897226404896e-01	-8.16056867637375060731131e-01	 5.55912947428563106178068e-03
-4.35056570316739721349109e-01	-9.00344446347865035029656e-01	-1.02790347208343603446767e-02
-2.82814439502958259176069e-01	-9.58853415272468700969455e-01	-2.48217813412000935791024e-02
-1.25561925406096647206411e-01	-9.91513459082914994091595e-01	-3.36936692235597079481124e-02
 3.44602404325023148334850e-02	-9.98514208232987199309605e-01	-4.22121758049143758206867e-02
 1.96694374419351919458521e-01	-9.79102567774466914229947e-01	-5.16670576791955840634252e-02
 2.94517586013520904497653e-01	-9.53595054591886537309620e-01	 6.25768598338484333121201e-02
 4.18396937878993513404424e-01	-9.08182579715827609234680e-01	-1.21821292960687752732207e-02
 5.41019337906100905577489e-01	-8.36719626569118468673025e-01	 8.48430464191333583157117e-02
 6.67365378196779879260703e-01	-7.44712278273847450016376e-01	 5.20332321163607513375693e-03
 7.61284381904459350742798e-01	-6.42572679406586133588064e-01	-8.68702569846911687445612e-02
 8.45779131123852390139461e-01	-5.33523082069646492620052e-01	 3.28363431070521601465306e-03
 9.59208238445004246486292e-01	-2.82343386950817620828502e-01	 1.42044762090331889298200e-02
 9.47180647424920030275075e-01	-2.74533691875175289709432e-01	-1.65771146974061561740754e-01
 9.70498631221098695398553e-01	-1.03125687472657254217800e-01	-2.17939210288708717921935e-01
 9.73248146654424162171892e-01	 5.88077499683047899559085e-02	-2.22102889619639781715321e-01
 9.48502477959434431298291e-01	 2.18611297545644900353068e-01	-2.29242556891652099482215e-01
 9.39291474247559321497647e-01	 3.27778978258755793184775e-01	-1.01451800464520680566949e-01
 8.66068706556247125405434e-01	 4.87209664474405224066089e-01	-1.12034540953789826800424e-01
 7.73409569412177644309736e-01	 6.25437172201140256788676e-01	-1.03276239139073494621712e-01
 6.49427732706685856278739e-01	 7.52446847181782563218633e-01	-1.09851545995714297565549e-01
 5.03135020438669644526897e-01	 8.55380032507066845326449e-01	-1.23207756234698304065311e-01
 3.50684158776759680176127e-01	 9.24255259365393544435108e-01	-1.50906713960796384776941e-01
 1.90745021554152016651784e-01	 9.65651930167175986952088e-01	-1.76444570663746330696497e-01
 2.08419987901549384756716e-02	 9.82239543273614512663983e-01	-1.86470079948694134053255e-01
-1.48988920041769085100825e-01	 9.71297493859776150948449e-01	-1.85427829967633545082961e-01
-3.12676264036639284249475e-01	 9.34180029254882193789911e-01	-1.71875614469992471500248e-01
-4.60620647381822179156075e-01	 8.76154721296066640867650e-01	-1.42061689262669044175880e-01
-6.00210864672414801113121e-01	 7.90777376597790349066486e-01	-1.20075220550739408809093e-01
-7.20657115672469927858401e-01	 6.88626863946555922701975e-01	-8.02892513464164292447123e-02
-8.32644589967696857613078e-01	 5.46417968125214592589600e-01	-9.01686803021874844210615e-02
-9.03429851837656783253294e-01	 4.06436216207183176329920e-01	-1.36470161441164306026508e-01
-9.50016188028669716914010e-01	 2.57881917459651999191550e-01	-1.75972040764459908279704e-01
-9.72789008102699637170474e-01	 1.02244289579765834652392e-01	-2.07912604146297336216165e-01
-9.70862830890507622072505e-01	-5.80917060708470989194296e-02	-2.32488101375205868937002e-01
-9.42204811748397208504002e-01	-2.22169388708979981261749e-01	-2.50780492540479793550645e-01
-9.27059232669017574401948e-01	-3.44948722717314970598323e-01	-1.46872590427300192539306e-01
-8.88618090476661626198052e-01	-4.56855179887232731861246e-01	-4.05121449421764895371112e-02
-7.87047726226404953386862e-01	-6.11870963729404637732046e-01	-7.85480769127792216588446e-02
-6.58581942320641822163907e-01	-7.43910722978176952580043e-01	-1.13431307350558813196173e-01
-5.17874885458130984616787e-01	-8.42728555549793756362931e-01	-1.47017633883442827569255e-01
-3.68117260442165528111502e-01	-9.14906706130197311388486e-01	-1.65636353626091831214850e-01
-2.09329924360794839000022e-01	-9.61306295633970298020188e-01	-1.79084306240378826613480e-01
-4.57281916895013323953734e-02	-9.81099742053999412938481e-01	-1.88021883371016385044783e-01
 1.20752524477187969664804e-01	-9.73494536313321168208290e-01	-1.94234949482574414947322e-01
 2.93733284602689603826065e-01	-9.41935434520674408354068e-01	-1.62721832311659819758631e-01
 4.35566313228764989684549e-01	-8.84961272426529110823878e-01	-1.64698309297696965369795e-01
 5.59205885257162527146590e-01	-8.25221716398295890293468e-01	-7.93592885452219370945315e-02
 6.57347758181983432557161e-01	-7.33081938534127397488760e-01	-1.74598958210427784853991e-01
 7.36594835114789070473762e-01	-6.23213455757681833446782e-01	-2.62741388907010264830433e-01
 8.33669416996290935095715e-01	-5.24024439352284709947583e-01	-1.74337861999590754136236e-01
 9.08194574559491929477417e-01	-4.10480881276045206362824e-01	-8.17805652190354143149520e-02
 9.19646888910168325281802e-01	-2.26666424469863653223811e-01	-3.20736545681804097185363e-01
 9.30486311517856656827519e-01	-5.57686151268758090182587e-02	-3.62056743680772563642734e-01
 9.23039828420887831228470e-01	 1.08079080867975199642395e-01	-3.69210492033300030634280e-01
 8.88158393763632370010441e-01	 2.67364523398593845193716e-01	-3.73752430380121403175053e-01
 8.92180919029145313992046e-01	 3.81765074145538008121292e-01	-2.41388972165178600226554e-01
 8.03924886179782971495911e-01	 5.36263873170135574319772e-01	-2.57149442374249692644383e-01
 7.07013157183989160436965e-01	 6.64996213631587673731360e-01	-2.40650018542238885999041e-01
 5.68803148793961321771917e-01	 7.83773928349825732553313e-01	-2.49321894668633053937512e-01
 4.23487203726094940670066e-01	 8.61237201915259653617341e-01	-2.80943179873488046993657e-01
 2.69295613418667201255374e-01	 9.12287965560978131307479e-01	-3.08562052893863736358071e-01
 1.05219028143830301003092e-01	 9.40305933252024717106110e-01	-3.23656775006343322420577e-01
-6.11401182256260319891616e-02	 9.42488289488158548223851e-01	-3.28599619782253438149411e-01
-2.24665640994203608116209e-01	 9.19228976230847316664097e-01	-3.23331778540638159480380e-01
-3.80008252482155695073374e-01	 8.72599112281754574205195e-01	-3.06862375162795686378558e-01
-5.20452191245914685957530e-01	 8.06294294891822693749361e-01	-2.81103231308756973394480e-01
-6.46966862349883320426613e-01	 7.17770184177829007055038e-01	-2.57371019593257144286724e-01
-7.58559238153687198646935e-01	 6.15525332280382642125005e-01	-2.13814048960358160655915e-01
-8.32175776526889565687384e-01	 4.87197211405902774750132e-01	-2.64806257781384168925598e-01
-8.85567091355733637669800e-01	 3.48981443781863687192413e-01	-3.06566271144872726228670e-01
-9.18341649041603536041123e-01	 2.02190017831262475178633e-01	-3.40246693334324890045650e-01
-9.29321863868001418751419e-01	 4.91939539611876905378374e-02	-3.65979272952128786844384e-01
-9.17508554427781897189220e-01	-1.07875897752426674891524e-01	-3.82806534996400105175240e-01
-8.81601351688113821225556e-01	-2.68580222837937365731875e-01	-3.88128484656840022637425e-01
-8.71788773290520180303531e-01	-3.95741385203449647089968e-01	-2.88743988338917845215548e-01
-8.39118313011814165314206e-01	-5.10997909225232471719380e-01	-1.86444612514409413517313e-01
-7.22361843889207211333314e-01	-6.53787296199015544040378e-01	-2.25289897291834989578874e-01
-5.91350728856745999628686e-01	-7.60316004691086400057998e-01	-2.68745025053822028660022e-01
-4.45757099507519238823505e-01	-8.44057403758987412345505e-01	-2.98106872443896164792676e-01
-2.89097588440193176140269e-01	-9.04038514810135529486956e-01	-3.14860204055623649210816e-01
-1.23714771744388510321677e-01	-9.37191527910693267244824e-01	-3.26139073501864107385018e-01
 4.62635515362963128938034e-02	-9.42069608362959720615493e-01	-3.32211584382766877965310e-01
 2.20098688456561136783662e-01	-9.22789602144615916934356e-01	-3.16252932814042542197797e-01
 3.74073290123597357315077e-01	-8.73114582872270617031063e-01	-3.12634129281957440227302e-01
 5.34875100735167419152560e-01	-8.04430274064962813618251e-01	-2.58458044528146357876608e-01
 6.17202538380006604512573e-01	-7.04741388041019600763093e-01	-3.49857974897377188572278e-01
 6.89143041617796492381842e-01	-5.85746150679589461240937e-01	-4.26595024764489905155784e-01
 7.98598816861383453691303e-01	-4.93261473485063162147668e-01	-3.44866711184108554189010e-01
 8.84501350581478495982424e-01	-3.88931971461153491720353e-01	-2.57661177508139271896681e-01
 8.66927087594685619187374e-01	-1.76028920537677352475825e-01	-4.66316677729776363214853e-01
 8.66311075330725488541361e-01	-7.35114984929347015096823e-03	-4.99450779712291237366628e-01
 8.47578374042933124776766e-01	 1.52608662302724518156083e-01	-5.08253377799804506587122e-01
 8.04150051114378761063506e-01	 3.06229122511489537661333e-01	-5.09476613613014661652301e-01
 8.23994151077429237695071e-01	 4.24614091369124313501970e-01	-3.75148653737368220628667e-01
 7.15939893064545085366035e-01	 5.71436179294970703068657e-01	-4.01111907715906601534783e-01
 6.21816364617134964554168e-01	 6.90358378190607413493751e-01	-3.69796860933627347112207e-01
 4.86272744014414559643456e-01	 7.73860061046685476782159e-01	-4.05807127026512504119893e-01
 3.40420609528570838886452e-01	 8.33071171674423460729031e-01	-4.36011733251755406737260e-01
 1.83289446429911101477117e-01	 8.71945399661486875153571e-01	-4.54000218982972381098762e-01
 1.89694357193653830029323e-02	 8.85904174612576755798443e-01	-4.63480262700040002155077e-01
-1.46219838819207470503869e-01	 8.74050743983171729567516e-01	-4.63308812433077810144511e-01
-3.07298703609167944694747e-01	 8.37065170455018492390309e-01	-4.52647111082392306080635e-01
-4.58080788718505771406342e-01	 7.76256792267995709977413e-01	-4.33113591872655800951719e-01
-5.91852881013468445914327e-01	 6.93229434609099914865737e-01	-4.11270128051631100873919e-01
-7.15981871863962671120873e-01	 5.93975658565941699862378e-01	-3.66828128955962340373986e-01
-7.83459247619406995433167e-01	 4.57620887799192743727872e-01	-4.20445870915045816218480e-01
-8.30258198887871223803359e-01	 3.13071150281435506279593e-01	-4.61148325423530847100295e-01
-8.55386176771468109691909e-01	 1.62355915778837678331570e-01	-4.91889261114639375627178e-01
-8.58268433807300779037064e-01	 8.45049982880306457810882e-03	-5.13131449613650314489632e-01
-8.39810753343326998887619e-01	-1.45819403331751556995854e-01	-5.22928867228503624353664e-01
-8.00651417110507246377438e-01	-2.99818805886079342570838e-01	-5.18715713966698910297737e-01
-7.94327743326614155172649e-01	-4.30339884390669502600701e-01	-4.28778521015540314831327e-01
-7.67891612000236922774832e-01	-5.48524636983858671079872e-01	-3.30852225081536110984359e-01
-6.47813042790606141707599e-01	-6.58766325852902068227479e-01	-3.82577037356719051874876e-01
-5.12005142694295645178215e-01	-7.49481093558754141170652e-01	-4.19677047564634142506890e-01
-3.62358943089555851635453e-01	-8.20881840371356918950596e-01	-4.41417036952080066303239e-01
-2.00112793508548103549316e-01	-8.68171056673469943021360e-01	-4.54129812089754725246138e-01
-2.91823411178426875278724e-02	-8.86724058879261978205477e-01	-4.61377106466683395424866e-01
 1.45855218458196933539739e-01	-8.78675112978758221515818e-01	-4.54594655798193747475722e-01
 3.04932389616136445553707e-01	-8.37876515572256841402066e-01	-4.52746267146937997338796e-01
 4.70670587674758611473891e-01	-7.81590460312884038884818e-01	-4.09372141511597453789051e-01
 5.49326841498689266707345e-01	-6.68507456230995500412462e-01	-5.01336017230597397187353e-01
 6.22499285415340275484652e-01	-5.39168736811088011862125e-01	-5.67266879786689437459302e-01
 7.45816739736878342448279e-01	-4.43049203246277445433776e-01	-4.97458334165880033950202e-01
 8.44369574749722739959168e-01	-3.40610057134227428576878e-01	-4.13551460178767760211826e-01
 7.90660928901250503741949e-01	-1.16258210883491003295731e-01	-6.01115067113761059047761e-01
 7.76215836682241255850556e-01	 4.98532664825423188492692e-02	-6.28493139743552586828912e-01
 7.43923962205396804847624e-01	 2.09813224015848759362868e-01	-6.34472654639030797518728e-01
 6.87231812718313905818945e-01	 3.65320469308543227526798e-01	-6.27896002768043026698308e-01
 7.36519265218767205105621e-01	 4.54304235048461790835717e-01	-5.01145721301339164277522e-01
 5.65803815961119616062547e-01	 6.50153296740414887722181e-01	-5.07116093790569544275115e-01
 4.20427847360050122027531e-01	 7.22556599129765664280001e-01	-5.48773529079365940397395e-01
 2.65988498283941721123114e-01	 7.75108469036209779545743e-01	-5.73111664520097319197589e-01
 1.03742719107569755787601e-01	 8.04308486311974046856221e-01	-5.85085726264714889310881e-01
-6.45333837861418180281703e-02	 8.05207949274274414896979e-01	-5.89470610635193792425923e-01
-2.30989990930349914366460e-01	 7.78721921400887029385274e-01	-5.83297345459164229275473e-01
-3.88247108697829745871388e-01	 7.25388523115461536505677e-01	-5.68397460515214891785263e-01
-5.27921918530978029338030e-01	 6.45899393831617651962063e-01	-5.51463889101108994950096e-01
-6.58484806627759655661691e-01	 5.54352339689578754722277e-01	-5.09010061709090244619347e-01
-7.18291864199392171563829e-01	 4.07809473708032388383771e-01	-5.63691609817761563050453e-01
-7.56296601357317466174379e-01	 2.53930596877582348547264e-01	-6.02938390505004973007885e-01
-7.70396828298054670014494e-01	 9.53235391928243386283626e-02	-6.30398405632542568888255e-01
-7.60787632974082250747472e-01	-6.46074352948445423949764e-02	-6.45777095303260106895493e-01
-7.31979981746417984744824e-01	-2.28056758125771474876586e-01	-6.42024471025581022765039e-01
-7.03192881219884657895136e-01	-4.04757183361822758804749e-01	-5.84543748849203681494657e-01
-6.85106119073723540680021e-01	-5.40319594977395345480886e-01	-4.88553314277167360923926e-01
-5.60301868326958385502223e-01	-6.34472512856071757525456e-01	-5.32453234359057780977764e-01
-4.21564345751992419764065e-01	-7.13080151572792364511599e-01	-5.60178721323488004735225e-01
-2.70103737460557491445456e-01	-7.73767257980905620584622e-01	-5.72999303216460198484583e-01
-1.03800261608195540374844e-01	-8.07811259067793274724067e-01	-5.80229674709400566889883e-01
 7.02433440380923063139917e-02	-8.12274200940066637421921e-01	-5.79030651265995177645607e-01
 2.28852590940175376621468e-01	-7.79154576179802771385141e-01	-5.83562025870464462506959e-01
 3.97826727758836096171535e-01	-7.36757827164532641539552e-01	-5.46737413016974427293349e-01
 4.69536345990246850590211e-01	-6.11005462430516232963384e-01	-6.37344447433409566627915e-01
 5.42503295022888631926605e-01	-4.78878872051926696151725e-01	-6.90192147732487049083261e-01
 6.71892684951848506713645e-01	-3.85818888402387094593848e-01	-6.32221484339264283569548e-01
 7.80261588713380360715632e-01	-2.84465756732211305646274e-01	-5.57019825881666319489227e-01
 6.88316580147822154600590e-01	-5.39728481865909687220650e-02	-7.23399763030258324825184e-01
 6.61900275687419048509241e-01	 1.11180155296755858729263e-01	-7.41300882309678610404546e-01
 6.17374369476748841023550e-01	 2.72677796193401544844193e-01	-7.37899523903015275294592e-01
 5.59650061467053205888078e-01	 4.39517275278057839571488e-01	-7.02578375294938606288042e-01
 6.24953766794649867577505e-01	 5.26378177620297260652649e-01	-5.76505683835218718513715e-01
 4.86977401435512602390077e-01	 5.90688815145185452948340e-01	-6.43381484155001515112815e-01
 3.41686036559224082242991e-01	 6.52725198077212298564120e-01	-6.76166006403392527701612e-01
 1.86300568383905046365712e-01	 6.95259396201702628559360e-01	-6.94194835916457808622226e-01
 2.30846652361035506451081e-02	 7.14587566622513881142709e-01	-6.99165007605108468347055e-01
-1.47830012363260182572944e-01	 7.01095612512659505100032e-01	-6.97575250105805566569472e-01
-3.10768044806756404963011e-01	 6.56369946924343361516208e-01	-6.87460337111546193611389e-01
-4.53672467346010022115621e-01	 5.80655768129449190162461e-01	-6.76032670297954552118824e-01
-5.88825893634528640951942e-01	 4.94936619194715154979036e-01	-6.39000633775588910978627e-01
-6.38039363134038639557843e-01	 3.38500695265298079394967e-01	-6.91609030013648817813987e-01
-6.63270772420707421801467e-01	 1.76706355822121019549797e-01	-7.27218499671525298033714e-01
-6.62221675541896259709063e-01	 1.39613137234998376662309e-02	-7.49177905548206513053344e-01
-6.44654057240300670805766e-01	-1.54200546983672887035866e-01	-7.48761202115571178339337e-01
-6.23771509843387139682136e-01	-3.31323594526560571971174e-01	-7.07908030197214710455000e-01
-5.90452564713452199285371e-01	-4.99344184357169207366667e-01	-6.34051381492052423816119e-01
-4.63535306974673377844454e-01	-5.82114903756814405788589e-01	-6.68039862592113786732284e-01
-3.24222854635198509676286e-01	-6.51204469476508895908751e-01	-6.86157619986852318483272e-01
-1.72942385256637243262645e-01	-7.03490354876350143520369e-01	-6.89341897738482201063448e-01
-3.39080023715028402303551e-03	-7.23946915838362348161183e-01	-6.89847349434550505264951e-01
 1.46015418019322162912488e-01	-6.95414291811589091452106e-01	-7.03618121174283461805032e-01
 3.18550731279282905994421e-01	-6.70315778062114508983882e-01	-6.70225476449840873449659e-01
 3.76086501840754150460810e-01	-5.29864238034859047488112e-01	-7.60133430645516861012823e-01
 4.54007087635523221003098e-01	-4.02026553642312933778413e-01	-7.95142889387306928128396e-01
 5.82674967705853696919860e-01	-3.13901752994279747976947e-01	-7.49636959785268786049528e-01
 6.95475896227814693872915e-01	-2.18645822097240649650729e-01	-6.84475917944188716468545e-01
 5.64500723669303705598566e-01	 8.05876925969717383679836e-03	-8.25393233080361055087337e-01
 5.28081863644395022028277e-01	 1.73607360085479334177450e-01	-8.31258100600537619406794e-01
 4.83015645955986172577212e-01	 3.40063213548298715060980e-01	-8.06878489335863813280980e-01
 4.17390804339133447697918e-01	 5.01365260833684600605409e-01	-7.57903550382436508314754e-01
 2.68894533561399473597930e-01	 5.58512489302693704296132e-01	-7.84703465720463233523674e-01
 1.10371761272311796897583e-01	 5.93998975238333448700701e-01	-7.96858388755152358129408e-01
-5.48348668753200207959253e-02	 6.05945123315749123449336e-01	-7.93614292275931498821251e-01
-2.23262703243758742210900e-01	 5.72599468341961403972107e-01	-7.88849551051905240051099e-01
-3.67764747047559681369933e-01	 5.00614249390575860587660e-01	-7.83667317256598883190577e-01
-5.05536962679659751529471e-01	 4.19948878947188353194520e-01	-7.53707714194052913470045e-01
-5.40508757167505127227969e-01	 2.55529040467188273133559e-01	-8.01595404741791806024764e-01
-5.46750100101470737357090e-01	 9.22713121935793273431514e-02	-8.32196090464925708474198e-01
-5.40358010982067260563610e-01	-7.89294275996747229928729e-02	-8.37725113283762201632499e-01
-5.25641389580551066096348e-01	-2.54694023713751604987010e-01	-8.11684719484311867354620e-01
-5.02008548635190288145225e-01	-4.23901865751365236612003e-01	-7.53853185514063661720741e-01
-3.67544585555894143258371e-01	-5.03505334341958543653561e-01	-7.81916463516236781572388e-01
-2.22202586353557496323674e-01	-5.68645751637997687311099e-01	-7.92002537724372901450920e-01
-6.56480630722915819985630e-02	-6.17416015313983823631361e-01	-7.83892719604321164261762e-01
 7.44040337838194759667587e-02	-5.70519120275097990635516e-01	-8.17907068778125023733594e-01
 2.32891338261259295272509e-01	-5.84455007317493557827959e-01	-7.77286285087025130557947e-01
 3.22516140263777062457962e-01	-3.74426014101472082185040e-01	-8.69360971768022405825604e-01
 4.55147122245116275696120e-01	-2.51563447162963471637198e-01	-8.54141047581414514233700e-01
 5.81136528896414650269264e-01	-1.54666475881102216671792e-01	-7.98973476418802674992037e-01
 4.25590586550222915729336e-01	 6.65560146714731654116193e-02	-9.02464929817712091519866e-01
 3.85067849408271878353105e-01	 2.35774738267859357288003e-01	-8.92262867179180130250415e-01
 3.37739925498315607388378e-01	 3.98218965034537186742369e-01	-8.52850161875586709747665e-01
 1.87190038847901862872902e-01	 4.49849549968739659266959e-01	-8.73267010569529933405875e-01
 2.62391634016273488094750e-02	 4.76244811828755665317203e-01	-8.78921148630624093911479e-01
-1.25626127233959161699772e-01	 4.74409123478126693029822e-01	-8.71294473594842022734497e-01
-2.68038707200575709865831e-01	 4.08049755305428918372712e-01	-8.72725987144546855311944e-01
-4.06626475191808778308911e-01	 3.32861757277349901151808e-01	-8.50798425136835678728175e-01
-4.16548782928781169410115e-01	 1.71577547041735278821051e-01	-8.92775591507570576155217e-01
-4.22047854825297941161466e-01	-2.02903362737637303972460e-03	-9.06571283054952714586250e-01
-4.11304985249654919687856e-01	-1.76092193617607278843806e-01	-8.94326421646884250904463e-01
-3.93275709369060144648955e-01	-3.44684201889305985577749e-01	-8.52365542116875318789937e-01
-2.48183995121271760986303e-01	-4.21531015397731967375705e-01	-8.72190522548486391052336e-01
-9.10281813296493769183115e-02	-4.85866803301103988843579e-01	-8.69279770645666749473435e-01
 4.58540552982452873087560e-02	-4.19334064542012496801249e-01	-9.06673231063640172600060e-01
 1.98383535674032773776787e-01	-4.63345174775364132546684e-01	-8.63686992947015008681433e-01
 1.77134680032818458972343e-01	-3.12657340157632412935840e-01	-9.33203457331371888372473e-01
 3.14207588503033097282469e-01	-2.12652480832943885369346e-01	-9.25231059640078901118443e-01
 4.46242256998390485200900e-01	-9.54868441403665113575983e-02	-8.89803411246043673976658e-01
 2.82124947494373778944521e-01	 1.19307175154883968182240e-01	-9.51930308351330189964301e-01
 2.33376963022619093868215e-01	 2.91866672662268178406464e-01	-9.27550019416417126372210e-01
 7.19549996213524056809518e-02	 3.41012541389062451280267e-01	-9.37300871996214590708973e-01
-1.19412658217515940672904e-01	 3.32297622352573651660634e-01	-9.35584794252371843015226e-01
-2.73848584070424783121211e-01	 2.52795618118621112646593e-01	-9.27955456076770879292326e-01
-2.92981012638386939528345e-01	 7.59324515159753576920565e-02	-9.53098310270330761895252e-01
-2.84187888400586119441726e-01	-9.57180218398399618173755e-02	-9.53978670821043150951368e-01
-2.69142699687426434351778e-01	-2.62735835920992311098843e-01	-9.26570066280937632008374e-01
-1.15133859845932218224362e-01	-3.38651679963714757892745e-01	-9.33841118164503991572190e-01
 2.37485070799945581498935e-02	-2.61353886103827259823618e-01	-9.64950856069830664729636e-01
 1.64709656789791325515182e-01	-1.55125933490924794444510e-01	-9.74067078654626494760294e-01
 3.01997423402374676193460e-01	-4.89695515718159002371834e-02	-9.52050176869466246998286e-01
 1.34203060394002898769727e-01	 1.72398233391855754126354e-01	-9.75842399009312799762483e-01
-1.77621737094333306816729e-02	 2.21064897574582197581350e-01	-9.75097336805641923263011e-01
-1.57461669159363520931194e-01	 1.52548263074528511751282e-01	-9.75671486812283439427063e-01
-1.47275203232904550176841e-01	-1.57301556946256478053403e-02	-9.88970463014204326235301e-01
-1.33686281780664967255845e-01	-1.80118490076427217871924e-01	-9.74517987312829792045932e-01
 9.43982925821298078650212e-03	-1.00843234374513951445707e-01	-9.94857543422405177224732e-01
 1.51999537931044703675809e-01	 6.82336033253580932084192e-03	-9.88357011520898387502143e-01
-3.25651808716736568607986e-03	 6.02469131461333962107574e-02	-9.98178192782386175530007e-01
