 9.68593802884782223427962e-02	 7.53431647428792622411819e-02	 9.92442274380056610461054e-01
 2.72631007121875601484362e-01	 1.10610425039101317734591e-01	 9.55739330481058191324450e-01
 6.03626776387374552879095e-02	 4.23033539667127256311829e-01	 9.04101195367522425527795e-01
-1.84970549115649668392436e-01	 1.79184346915329473226564e-01	 9.66270596562050942957001e-01
-2.60901933545246544898788e-01	-2.32107567478581702791196e-02	 9.65086235444037154884711e-01
-1.44126075342133286305568e-01	-1.63683355925150875176399e-01	 9.75927985765114858196512e-01
 4.62836530101402021664114e-02	-1.15217092659168060531094e-01	 9.92261480167000109453568e-01
 2.32030243569261412917015e-01	-7.36215220903247424821814e-02	 9.69918469539730598860672e-01
 5.71286051426255991891878e-01	-3.29261349632667052467205e-02	 8.20090310320868209892353e-01
 5.10535808750390951438192e-01	 3.07227602332714067046027e-01	 8.03096749058590186898243e-01
 2.34913003455174129729954e-01	 4.48677697184696966381523e-01	 8.62266898852499630301338e-01
-7.01629651330373527162720e-02	 5.54943488067254686590957e-01	 8.28923930994568958219304e-01
-2.48371194525471544745088e-01	 5.04865656231713311186127e-01	 8.26693666897062806597773e-01
-4.45151731063388345077669e-01	 2.69574047073069478219765e-01	 8.53914380647097126519895e-01
-6.23706400234339208843437e-01	-3.86660954772028234160963e-02	 7.80701773641683471893771e-01
-5.32491819837062840825581e-01	-1.97845126243749530603466e-01	 8.22988315730064257103038e-01
-2.24348607759510459969121e-01	-3.25457034667057720778161e-01	 9.18556160929801301939790e-01
 4.14110599360263606505406e-02	-5.60365831126469426948233e-01	 8.27209320197080488767938e-01
 2.31102651431428107731136e-01	-5.54077237428244884220874e-01	 7.99743696108477286621508e-01
 3.65354028358297999723447e-01	-2.29084445584265106177213e-01	 9.02239852120107932442750e-01
 6.92629212914643077603216e-01	-1.35596647111926482676125e-01	 7.08433710878615507944289e-01
 5.94667825321589238463105e-01	 1.44458877227815446486758e-01	 7.90886724074548408403018e-01
 5.90367912194539212755728e-01	 4.29468942562018729525164e-01	 6.83390192807683316544853e-01
 4.08608870202789853376402e-01	 4.56926829850067883764808e-01	 7.90099147800304102418067e-01
 2.91659916915750327959245e-01	 6.00288812562363216507322e-01	 7.44706542456265663254555e-01
-1.53099333697715389579486e-01	 7.89526412072832362021302e-01	 5.94313586131695048564438e-01
-3.38457441898909749955493e-01	 7.32511648740446608130128e-01	 5.90654928433513415342304e-01
-4.22964169923584376586945e-01	 4.41201552065752566900159e-01	 7.91481207240970596750174e-01
-5.87693485197665621555529e-01	 3.10311814510351724472059e-01	 7.47210107822099955932060e-01
-7.56727615221497007524931e-01	-1.27997206788001572502766e-02	 6.53604990427498866445433e-01
-6.88546985087635565747632e-01	-1.97449767951433458046395e-01	 6.97794123264629195801945e-01
-6.20942926148976948041991e-01	-5.05493763988959510236043e-01	 5.99087587113787956027977e-01
-3.40036883826412672515715e-01	-6.28724702026283055467104e-01	 6.99342667581196897330642e-01
-1.96995455246574885377342e-01	-7.39346315171040213698461e-01	 6.43863197313839230595534e-01
-3.90454260307817394015650e-02	-6.89048072489272023233298e-01	 7.23663049011688763734185e-01
 1.43378341577322071520584e-01	-6.95828016649389757830590e-01	 7.03751392476287263022527e-01
 5.80645426042934675869844e-01	-4.83720695786451659881067e-01	 6.54877986867240857726813e-01
 7.28395435753839470827131e-01	-4.12689648813310550057309e-01	 5.46925354079805581264395e-01
 8.17959386166983049015755e-01	-4.38261457108172214347519e-02	 5.73604141837789294200434e-01
 8.03316036313100778620822e-01	 1.67672219354352836084843e-01	 5.71462485784495766161228e-01
 7.45763429180814174657144e-01	 3.70671922008453669228345e-01	 5.53569538478258071911853e-01
 6.49388788486510382114147e-01	 5.32984798680127491721237e-01	 5.42421796910786402357019e-01
 3.96210909408126754627233e-01	 8.03407129771874894963446e-01	 4.44470357951689598596801e-01
 2.63204972674709603008836e-01	 9.03906713315379750639522e-01	 3.37158413780070942422640e-01
 3.53971948371288175350102e-02	 8.22091437889242659942113e-01	 5.68254086080214659837395e-01
-3.99484290552401255514070e-01	 8.63670522292996900581841e-01	 3.07384987473342530250875e-01
-4.65140737734816511750324e-01	 7.62966530107513696279398e-01	 4.48916660456271598977906e-01
-6.79319225739214660464427e-01	 5.08043338258145626973317e-01	 5.29544479711188453840975e-01
-8.04610285322798657325905e-01	 3.70697561351207571789246e-01	 4.63881026515455152647860e-01
-9.36085327611076434273230e-01	 4.54563548994412897075179e-02	 3.48823707953631045874943e-01
-9.07378683578609179782859e-01	-1.42435558133397227598138e-01	 3.95444100178998558803301e-01
-7.30613761272425943360531e-01	-3.48517818773489196360060e-01	 5.87144668575580230829303e-01
-6.27080577340055733692736e-01	-6.35115143085160926972321e-01	 4.50997455144458769815685e-01
-4.85433041733856374122524e-01	-7.64768738322727736900219e-01	 4.23654976221546908377036e-01
-1.59948095306506610224773e-01	-8.52323811656963359340011e-01	 4.97956551207398179226260e-01
 2.22621472254990043770917e-01	-8.90387662624040010506121e-01	 3.97050992113002543248967e-01
 1.87594427982246236830122e-01	-8.08024894280046757089053e-01	 5.58483751611211332033236e-01
 4.91755224870444762608201e-01	-6.39014865657905772877712e-01	 5.91470033290636854061972e-01
 6.47097247554028642824164e-01	-5.78891150499341033963674e-01	 4.96135251802922672137441e-01
 7.85321263049637563469219e-01	-2.33475142738959390298348e-01	 5.73375855373370768575114e-01
 9.56325076026249387695088e-01	-2.18538119914611327077036e-02	 2.91487152143675709581316e-01
 9.85510846722624567206594e-01	 9.79657120519270285807778e-02	 1.38459706247755054420168e-01
 8.18466343296811227325804e-01	 5.28393234607308581729512e-01	 2.25640055202024319980225e-01
 6.91622529951673836734471e-01	 6.12419650239209079067848e-01	 3.82884379498734606084298e-01
 5.62565740770687994221078e-01	 7.44227934085238684858155e-01	 3.60061896676591997046302e-01
 4.25782143226441700534224e-01	 8.65435593873675301779258e-01	 2.64065899665248182692778e-01
 1.57059470222700420238837e-01	 9.67228601328324000263592e-01	 1.99502269625733169577941e-01
-2.00838057830418949267770e-02	 9.65902693324866112867255e-01	 2.58125217235819437444633e-01
-5.10011155538797611441737e-01	 8.47175012068134503095962e-01	 1.48939988429355740784388e-01
-6.32175402925021501232550e-01	 6.51343703517182293083465e-01	 4.19649424907395596218151e-01
-7.67428207643184090436250e-01	 5.33148957191268646482740e-01	 3.56098491374834347222844e-01
-9.42351894404737766564040e-01	 2.38808937562759004968882e-01	 2.34399655400660766879639e-01
-9.82079666205884715957097e-01	 7.12742775513833526357388e-02	 1.74469213858682831164160e-01
-9.25153141152073810182799e-01	-2.81212265642133640852762e-01	 2.54973188921637616832783e-01
-8.48814030867809377056687e-01	-4.45907884512000529664277e-01	 2.84043833821426283670064e-01
-7.42588352980411259274263e-01	-5.98990788658463668703291e-01	 2.99620715438956020104655e-01
-5.60116871836597751688203e-01	-8.19762842620720633135534e-01	 1.19406749149199117865372e-01
-3.10023836329759050478572e-01	-8.67537837323152705160112e-01	 3.88925856327457575289941e-01
-1.19520461969934543855487e-01	-9.34260900356809975697558e-01	 3.35963434371921221277546e-01
 2.42355199016236783071676e-01	-9.44189411781367282650024e-01	 2.23092608998496894079366e-01
 4.14831501127040647158850e-01	-8.92536275687041524840026e-01	 1.76900599929428498091610e-01
 6.95626696358163099098704e-01	-7.06545388356151771169777e-01	 1.29988897627769633968953e-01
 7.99648935697400808919610e-01	-5.68638043985239982625046e-01	 1.92905040293545992913238e-01
 8.48442732658681864066352e-01	-3.24354221381107865607163e-01	 4.18257418907212852321464e-01
 9.99709393464281337315924e-01	 1.60580852715759697657560e-02	-1.79796139193705677150614e-02
 9.53781149149857232494298e-01	 2.82032562691911348196072e-01	 1.03726337580245589475858e-01
 8.88836529560945831640595e-01	 4.53314680728667263043263e-01	 6.68986095066315955559588e-02
 7.16589897109253692875086e-01	 6.83964745234807991458581e-01	-1.36715568377685531276100e-01
 3.82836669256082728907131e-01	 9.19981428543019785770696e-01	-8.40848131879556037748813e-02
 2.16233004298473308057993e-01	 9.76265665462584086853326e-01	-1.21917304331471219175365e-02
-8.12832541577086786777073e-02	 9.93200325447111898036212e-01	-8.33435427929755806575329e-02
-2.53777678466702738546701e-01	 9.66489829618350726470055e-01	-3.86561658256813905909510e-02
-4.20672102467826602989476e-01	 9.07201235910548131613496e-01	 4.57162637064062373631890e-03
-6.57835606044258836000438e-01	 7.48488720020364928231515e-01	 8.37672455238830521162541e-02
-8.36797756607654208416136e-01	 5.24906886649016635182363e-01	 1.55699309198318508462577e-01
-9.24377136988336567391400e-01	 3.69952268557314611907572e-01	 9.30710889725841761244141e-02
-9.79975478213031880869721e-01	 1.95901355626191431280603e-01	 3.56471733095343606967376e-02
-9.78139582581091349133828e-01	-2.00210952193089902761969e-01	 5.62008150298972802838549e-02
-8.95191895994632780286793e-01	-3.62857787274911081087936e-01	-2.58777308818779916421704e-01
-7.89864495975587277420971e-01	-6.11895388319098398888229e-01	-4.12081515121860905703777e-02
-6.59625794199419357433101e-01	-7.51221888176494489997026e-01	-2.36534638336109055700707e-02
-2.63833789086945380564231e-01	-9.39672429072336279354261e-01	 2.17732537249995000694369e-01
-4.43654801298794324027064e-02	-9.97329300149612629766693e-01	-5.80169909244633297262794e-02
 1.35472468269478646396564e-01	-9.84246250395249266951225e-01	-1.13606905264898569440923e-01
 3.15825417782197748195472e-01	-9.35870515115619361345978e-01	-1.56207184277567329155900e-01
 5.69779169911549643323667e-01	-8.19477994626904737707207e-01	 6.17050553615541078067430e-02
 7.79048990530160412326666e-01	-6.26793018432309945175973e-01	-1.46007670501382968986093e-02
 8.75811349321332976991528e-01	-4.80218786456556689934416e-01	 4.84189790695592897629140e-02
 9.44986081385944309829483e-01	-3.10614572610467376545529e-01	 1.02566530938968170083569e-01
 9.70293630847932075944584e-01	 1.08872253692538209501883e-01	-2.16048842421903669608341e-01
 9.23087767684017790337236e-01	 3.72855017259936971640855e-01	-9.42767694409873541205869e-02
 8.35745904432230402036907e-01	 5.35428722559582515039267e-01	-1.21839510352624288969103e-01
 6.08452836296134336180330e-01	 7.40516312460343884005454e-01	-2.85343191583966093727298e-01
 4.44531862303917779666307e-01	 8.57252323727810128239923e-01	-2.59826628465753273200534e-01
 9.21673977411714834273582e-02	 9.84627964340670014387058e-01	-1.48367592930427283359762e-01
-6.38731552566280808003185e-02	 9.61094766449941961816705e-01	-2.68732338843121143501236e-01
-3.98693855282285070096293e-01	 8.47813099051206719991569e-01	-3.49651481960733701015442e-01
-5.62093586000878220332311e-01	 7.87756264313558829393003e-01	-2.51973944310557973480513e-01
-6.83124485005671688853113e-01	 6.55840358344162210890715e-01	-3.21269921332104690936404e-01
-8.79169427590724028576119e-01	 4.08007076376898092373580e-01	-2.46153088983613599349809e-01
-9.35722733078784729698896e-01	 2.22847699617763517210278e-01	-2.73426168415973780412287e-01
-9.85568426228005445288716e-01	 1.08546470730821187355986e-01	-1.29894345197686389425940e-01
-9.39341090402989298269176e-01	-1.80455219257558335810288e-01	-2.91674869886368537397203e-01
-7.10986219941299624203168e-01	-6.71872980607835068589395e-01	-2.07569971293358884745217e-01
-5.77987868161571216596428e-01	-7.94635925281572785827677e-01	-1.85698062752257031515768e-01
-4.86003830156621519087423e-01	-8.72417334129935162501113e-01	-5.18485504398230045985940e-02
-3.24961537329159833031866e-01	-9.37095866037796376701863e-01	-1.27480732314892958312313e-01
-8.99748434498346405518987e-02	-9.12943492712000481681400e-01	-3.98043598944878673773218e-01
 2.03222408632066697808938e-01	-9.31912437940239479772231e-01	-3.00399501734042395639790e-01
 5.78832214259369592923576e-01	-7.62667098050485492422013e-01	-2.88603820637993002673483e-01
 7.21641954491177739505758e-01	-6.54634815700752326073086e-01	-2.25135842527561913506418e-01
 8.71861335227764988609067e-01	-3.95369389870146192844658e-01	-2.89034353820730283146645e-01
 8.86583398797216371001184e-01	-2.13776665396097492743976e-01	-4.10206550787894086429475e-01
 8.60857347173549114494051e-01	-1.52822572556640216834278e-02	-5.08616830659870622355356e-01
 8.43513933835670304262067e-01	 3.19845657520447079757986e-01	-4.31489280041098766105279e-01
 7.48162285957857609020039e-01	 4.84764755383810530542377e-01	-4.53052232979804681001212e-01
 4.92191992336164729771042e-01	 6.44380809839890766888004e-01	-5.85252436637595963020431e-01
 3.46914676156626744507605e-01	 7.63766876089846724617871e-01	-5.44343978064513622783238e-01
-3.84434697566831962145528e-02	 8.97514865611233614295372e-01	-4.39305321661275338662733e-01
 2.68548659896266283739208e-04	 8.07380220729896569409334e-01	-5.90031445819425015564264e-01
-3.66839696142394144917631e-01	 7.76358036710131260704770e-01	-5.12539594733662173808852e-01
-5.36868974958615741144285e-01	 7.26458450924061471809523e-01	-4.28986972771782493207837e-01
-7.78127879184178805616057e-01	 5.00051106551946511480367e-01	-3.80086693364166838815521e-01
-8.91370639936167274974821e-01	 1.35735500703553335632989e-01	-4.32474572788439814985395e-01
-8.94435955321074005475168e-01	-7.02815093498208448563602e-02	-4.41638801819301818341046e-01
-8.59301661638083635885721e-01	-2.75699889740966319617854e-01	-4.30801839716182910500208e-01
-7.93543136699883522311438e-01	-4.58934040313249913545235e-01	-3.99585831628532839321366e-01
-5.26457349471529445494866e-01	-6.72468744886870140042845e-01	-5.20219613564972926944563e-01
-2.19530102593288395373960e-01	-8.28450221647145546022273e-01	-5.15244373388177967498791e-01
-1.65286549625579121114427e-01	-7.23840099481631082944944e-01	-6.69877501409991804592892e-01
 9.04930355456738527708538e-02	-8.92258078240950158743772e-01	-4.42364705115016909608983e-01
 2.80022313447835846655920e-01	-8.45741347431272272316960e-01	-4.54212590332388366221039e-01
 5.18945550471181960006106e-01	-6.34278015104127512735488e-01	-5.73050534596845406731802e-01
 7.09080288359739463466269e-01	-3.39816197890317306384844e-01	-6.17843100075607720711446e-01
 8.01636041251047926081696e-01	-1.82204321509400773981824e-01	-5.69369161959661473915162e-01
 8.12807433983236515828708e-01	 1.73246193120144581500952e-01	-5.56174281885601251573803e-01
 5.89805005842915952563033e-01	 3.57432030344361773011030e-01	-7.24135621804745444052287e-01
 4.72071117861114775138276e-01	 5.01525282347615841693766e-01	-7.24997414372976822782846e-01
 3.03255810133884307067120e-01	 4.72635897945765492966785e-01	-8.27436536293292945742905e-01
 1.73516008541413996324465e-01	 5.87444689503723416201808e-01	-7.90443503075159759063695e-01
-3.19264441641074703248648e-01	 6.77585509076004122164250e-01	-6.62531579770976097876201e-01
-4.10704941101537268632882e-01	 5.32458901023005970465363e-01	-7.40141182529492569486251e-01
-4.82644531937059029225168e-01	 3.74253931781621140828520e-01	-7.91825896480567670288053e-01
-6.47106520524673545224914e-01	 3.14495759612439251817761e-01	-6.94511028191954093991001e-01
-7.19226116135811444074477e-01	-5.10238744389983622795626e-02	-6.92899962552625314771149e-01
-6.82163442584427182069362e-01	-2.62553496648194883977823e-01	-6.82435857058499850680278e-01
-4.75275629474923355655136e-01	-5.76582749474254030452869e-01	-6.64579121727371990857591e-01
-3.50109407997372779064449e-01	-7.15052986604640450352122e-01	-6.05080679562249090785997e-01
 2.08210225436810981991531e-02	-7.02513306655918712273490e-01	-7.11365966989989551017004e-01
 2.05355104995866205586097e-01	-6.59341141085600934701461e-01	-7.23255515377570157298237e-01
 3.86062859988876405648028e-01	-5.96031398242393262165706e-01	-7.04061105619694704849110e-01
 5.62158318850617622075561e-01	-4.82482179265482868935067e-01	-6.71706015484659690883973e-01
 6.86889981994783238583580e-01	-1.51828783797579636161146e-01	-7.10725103711522532279332e-01
 4.51619018320289278278779e-01	 3.95265944736206339960027e-02	-8.91334903737498795983640e-01
 4.24828149352980244390920e-01	 3.42982687617837067595161e-01	-8.37785127292056341907767e-01
 9.33733676832048942184628e-02	 4.47926088585332060620914e-01	-8.89181440074039430854214e-01
-1.19928535177363307373533e-01	 4.15151574999938044463477e-01	-9.01812794445323251402158e-01
-3.07761499290840179199336e-01	 3.97720628381453000788071e-01	-8.64350138146640412095678e-01
-5.35020655142908529988688e-01	 2.06321833855655223377568e-01	-8.19258322780362258086484e-01
-4.39889757995024666126227e-01	-1.29266965866900090942337e-01	-8.88699641243679283597601e-01
-3.41046266523334529185973e-01	-2.93547301428650597721060e-01	-8.93038311560288899926263e-01
-1.10851269972563989951730e-01	-5.87992224046092415434828e-01	-8.01234759859305922802264e-01
 1.12155672815360277216890e-01	-3.81195886900002056663084e-01	-9.17665952765958636838661e-01
 2.80587744940256178516336e-01	-3.28649200697311960617242e-01	-9.01809414605081460791780e-01
 5.44906450898988481412744e-01	-1.17224839664332503019750e-01	-8.30262185538002128737389e-01
 3.45693377008956304052845e-01	 1.89567805871649480708996e-01	-9.18999529961333827543513e-01
 1.43500119445309787941101e-02	 2.93351922416305588292573e-01	-9.55896818057184405326154e-01
-1.83417688367110864877674e-01	 2.50592845999499880260686e-01	-9.50558350196312962232525e-01
-4.07414467096690602332387e-01	 5.25709102529880248355632e-02	-9.11728990103688574642149e-01
-1.65355500399130689315186e-01	-2.70073983892829549979808e-01	-9.48534449407088642303165e-01
 1.06879495534708858495154e-02	-2.30126133787348280401730e-01	-9.73102117088659013255381e-01
 3.58105151027454549073070e-01	-1.24407071245018929772641e-01	-9.25355921487424626370455e-01
 8.13804033805487353481212e-02	-2.76705742512427903256889e-02	-9.96298935694616694114245e-01
