 9.82255643433964029109795e-03	-4.78554214142467224113453e-02	 9.98805975165526827019846e-01
 1.56833007969339049969548e-01	 6.76791475059641267630894e-02	 9.85303476399101874072528e-01
 8.53030070866389183992240e-02	 2.35640251379268306219927e-01	 9.68089390971666574614574e-01
-5.62288751169372699734161e-02	 1.28758217350215142804615e-01	 9.90080620488997698025457e-01
-1.95670977274506302512336e-01	 1.35049962876191784882929e-02	 9.80576607781213138714804e-01
-1.36498201741745456283539e-01	-1.62942873126519172100046e-01	 9.77147819430890907099752e-01
 3.46901989556190060159935e-02	-2.51159098441061712225775e-01	 9.67323987796587569931717e-01
 1.78500160462398027583220e-01	-1.39853280877652752511864e-01	 9.73950077027901151005551e-01
 3.16417608468366806651062e-01	-2.68368125452728388535828e-02	 9.48240308436405499037392e-01
 3.03804154001799331386025e-01	 1.85768535567859299773019e-01	 9.34448012039312936316549e-01
 2.22066180615904135153826e-01	 3.41509324447078432829272e-01	 9.13267755229738242839232e-01
 5.27535286917937690231994e-02	 4.27427921754507333940154e-01	 9.02508967775493609053683e-01
-9.54206926734237903531266e-02	 3.21293212750371592889564e-01	 9.42160051610270943278636e-01
-2.38291023771388887908529e-01	 2.07023230660936280456141e-01	 9.48872367579903897016891e-01
-3.73129439189862854853175e-01	 7.86695817366372396328700e-02	 9.24437947360038370092639e-01
-3.38152358580883882765988e-01	-1.08452153911265475327852e-01	 9.34821433589427708277242e-01
-2.85285998883438751683173e-01	-2.74413924639756556800307e-01	 9.18318515987173511483377e-01
-1.17130579801835610354033e-01	-3.57209267000117514090363e-01	 9.26650941209539169562959e-01
 5.66354937528209742558793e-02	-4.35245140096501892390535e-01	 8.98528846988092322334296e-01
 2.13556355717413409722738e-01	-3.26862604154436631187508e-01	 9.20627243208714696187656e-01
 3.60612398175128912036769e-01	-2.11844816476019187634350e-01	 9.08339403535167733139133e-01
 4.99283329900554462277285e-01	-9.33298475753413375732848e-02	 8.61397524976115658290610e-01
 4.47324293811048379065909e-01	 8.46467507761639176289137e-02	 8.90357177625633933182314e-01
 4.98950061145471079893099e-01	 2.44052881907737051481178e-01	 8.31556989818171721218221e-01
 3.83926385571022932285956e-01	 3.78014573825796840189639e-01	 8.42440212975182900478899e-01
 2.29660038173161551444679e-01	 5.10276155720814639238370e-01	 8.28778928164253470001199e-01
 5.48973255845611046721544e-02	 5.87811204321938451933249e-01	 8.07133366747562419618589e-01
-1.19682984492397725961865e-01	 5.01252216470224110089760e-01	 8.56984363163459605949868e-01
-2.70839248737765769803332e-01	 3.91510514471340442810288e-01	 8.79412086795234415603773e-01
-4.10622255404615554841286e-01	 2.65844150263207457118853e-01	 8.72190490166718235265364e-01
-5.31502409408218801090129e-01	 1.14246448046691401190245e-01	 8.39316947226715570629096e-01
-4.97037570926721794517533e-01	-7.88348376980734372176940e-02	 8.64140452387447521864772e-01
-4.50637783714283757241503e-01	-2.88151854549625385804035e-01	 8.44922538821571644795938e-01
-2.98579458314122359041676e-01	-4.39314792376236218363061e-01	 8.47261954930274008290780e-01
-1.21604178017230182828889e-01	-5.21425340501295631057133e-01	 8.44587495865207538159325e-01
 5.83504824070438798955252e-02	-5.94755805982578933388538e-01	 8.01785976712537928889901e-01
 2.30382232145705301284977e-01	-4.98846636577226554276621e-01	 8.35509461518629925613766e-01
 3.87207529677881356899860e-01	-3.86872084428688589596845e-01	 8.36899228850495613407645e-01
 5.31643514922005788747583e-01	-2.66528161503584881675266e-01	 8.03938997789567455498627e-01
 6.53323719142601788689717e-01	-1.13888324638077367834121e-01	 7.48463471063759322454700e-01
 6.07357192324030847885297e-01	 6.78632192182186816387102e-02	 7.91524999232248172020832e-01
 6.53736605853393548670738e-01	 2.38670701645388949607707e-01	 7.18098006085090445616004e-01
 5.46089216961393453253493e-01	 4.05540582414202877004072e-01	 7.33023466973357851195203e-01
 4.03073329996323503898736e-01	 5.39733601851910438362836e-01	 7.39066661186687734463874e-01
 2.39321524024619591841656e-01	 6.53255633637895627430225e-01	 7.18319069257447040399711e-01
 6.10958403187568041547983e-02	 7.23395304483063217304561e-01	 6.87725622430632843595788e-01
-1.19621836731781922003037e-01	 6.55840855687547352736999e-01	 7.45361246770947172279875e-01
-2.89266924439295469717592e-01	 7.04954382222102049482260e-01	 6.47583172581936095113520e-01
-2.86359924799788834182124e-01	 5.62172594540201187029993e-01	 7.75860791261291926623755e-01
-4.33025507812694554488075e-01	 4.45742885255079435147252e-01	 7.83455288978276875866413e-01
-5.61267559993710141164058e-01	 3.08953277496053280160027e-01	 7.67806354768670873411907e-01
-6.70396846994794848306753e-01	 1.60106659833125053449265e-01	 7.24523239804299001853849e-01
-6.55330019123453788587597e-01	-2.09341931493354331539347e-02	 7.55052531677657623454536e-01
-6.02996186625981533957486e-01	-1.97002381368690360208262e-01	 7.73036648969238626705192e-01
-5.84958706487192725553825e-01	-3.67758732110881780830169e-01	 7.22894754899374714085525e-01
-4.48913674872724433040361e-01	-4.81702402163234899568067e-01	 7.52621623568201059129024e-01
-2.90761338691388315780273e-01	-5.97562924420918628598542e-01	 7.47245873377639480139578e-01
-1.14279984711056603607915e-01	-6.67826377659194392322206e-01	 7.35491682071959029798336e-01
 6.38081891892000596655521e-02	-7.35832043368543797789982e-01	 6.74151109874090992413187e-01
 2.29734569705075247769699e-01	-6.51348172084851628760305e-01	 7.23164978552021997515453e-01
 3.95152264613905068735278e-01	-5.48514297880814072350120e-01	 7.36876348372520251217566e-01
 5.46592972714935454447982e-01	-4.32016135350753394117618e-01	 7.17354989510249008155540e-01
 6.77223327811185771274438e-01	-2.89142659792071154978288e-01	 6.76583392167373509629158e-01
 7.80573967876253660413965e-01	-1.27480315308454272837935e-01	 6.11925689837237163359873e-01
 7.41661917671951997910185e-01	 5.52254325854279956575787e-02	 6.68496635347490042455831e-01
 7.80597560423789360584124e-01	 2.23825401617264718723277e-01	 5.83583445833840364080913e-01
 6.87311508422759342984421e-01	 3.98309157141321312778359e-01	 6.07414772397742552811906e-01
 5.60527675489983945311678e-01	 5.53142434263740212507798e-01	 6.16313371935559239922497e-01
 4.09918480946857510804904e-01	 6.76581463794446502646451e-01	 6.11722454899266465666585e-01
 2.41839309944957475684291e-01	 7.74736234937344114825919e-01	 5.84206739468533964299013e-01
 6.20200610040389441190989e-02	 8.34750864541869530555118e-01	 5.47123849032060127761667e-01
-1.17756371436033138722088e-01	 7.83281719426562439423378e-01	 6.10412307377879548297983e-01
-2.86519850478550164307734e-01	 8.19733830132205132379397e-01	 4.95926227395299845657206e-01
-4.47508257646538121221624e-01	 7.28462664839861440135849e-01	 5.18727775690262737917635e-01
-4.46749028218740462659042e-01	 6.00771583650582030600162e-01	 6.62939522176482443072132e-01
-5.84492932450633717600397e-01	 4.74013336984631716841676e-01	 6.58543368561215647360996e-01
-7.02045324719727470430541e-01	 3.29789073955078726463341e-01	 6.31166799458767524555469e-01
-7.91163546917462712215752e-01	 1.53888225762049246636565e-01	 5.91927914530805177051320e-01
-7.82543113247492594375387e-01	-2.65866386281286282144976e-02	 6.22028477286514003274931e-01
-7.36681220448521911770001e-01	-2.01066421152045954334753e-01	 6.45657086791111112233921e-01
-7.14962063926673052627336e-01	-3.74091593702562230649988e-01	 5.90664648228408029062564e-01
-5.91878896964078915488017e-01	-5.25692457851772432242399e-01	 6.11004755371304497657547e-01
-4.46949529074367246650468e-01	-6.36685832477799418249731e-01	 6.28384650657742516166593e-01
-2.84801108298941174634678e-01	-7.32195637728861536963620e-01	 6.18690453136720663884773e-01
-1.07294239723209033909868e-01	-7.91462094494941870159721e-01	 6.01727263051873295651717e-01
 7.21737256797931742147156e-02	-8.53195577978446140221536e-01	 5.16573575630348447162987e-01
 2.28669292879881524971353e-01	-7.85061137261071073645269e-01	 5.75664281726918636294954e-01
 3.84162212341756625910705e-01	-6.93639001949904243637945e-01	 6.09331050893213377328550e-01
 5.40448117838597030804237e-01	-5.85773140085293686496470e-01	 6.03974883814991980734987e-01
 6.80260351656101214246064e-01	-4.53936726678489665953720e-01	 5.75488750660806513970158e-01
 7.94821807565783244875490e-01	-3.01432665679870204211710e-01	 5.26684575698765811146984e-01
 8.80659462073850152208365e-01	-1.43410664390738906703859e-01	 4.51522195687879490666461e-01
 8.52138394864919490601096e-01	 3.73323517435345739179375e-02	 5.21983190831213916816012e-01
 8.79474010595164945591762e-01	 2.05185828805812320307922e-01	 4.29446434779621744048939e-01
 8.01778320098949670580168e-01	 3.81630981015239567621933e-01	 4.59901423947189025298599e-01
 6.94137390675923726668373e-01	 5.41758724052364581957875e-01	 4.73994480747164270706406e-01
 5.59759701119371233524191e-01	 6.79081370190143251974746e-01	 4.74886901970805852535307e-01
 4.04465076213233409863079e-01	 7.89734756122753567275652e-01	 4.61223391748031674719499e-01
 2.35626993727868605521536e-01	 8.72983352385965249986555e-01	 4.27059698735116621826080e-01
 6.00567589071269239409112e-02	 9.21124963287256459665286e-01	 3.84606276234049193618603e-01
-1.15470496977032877072844e-01	 8.84101534644405995244654e-01	 4.52803534402375751355407e-01
-2.55189594243608708357129e-01	 9.11298074364188637197515e-01	 3.23131692425710548288720e-01
-4.26402121356049212952399e-01	 8.32164796798605221894718e-01	 3.54517957051821541725189e-01
-5.81319539941913432379295e-01	 7.26551535666834058524444e-01	 3.66320158470547829754338e-01
-5.93259297816094210986648e-01	 6.12956131097170175969779e-01	 5.21850732398780436938068e-01
-7.18836470321975506969636e-01	 4.77136054986783075815282e-01	 5.05584131442723627714031e-01
-8.18916444831551904037781e-01	 3.18257033885965545660923e-01	 4.77585926055782317156684e-01
-8.87020346371572676602568e-01	 1.42382846936751322752812e-01	 4.39228903899824218992620e-01
-8.82141313899766688066961e-01	-3.83582880937911735452772e-02	 4.69420221172572593726358e-01
-8.44010594792747759207430e-01	-2.11888332672406254353348e-01	 4.92696103450088018771424e-01
-8.15660546642616335333287e-01	-3.78756236186565009571581e-01	 4.37311772309476876063883e-01
-7.11423786820393755370162e-01	-5.33189813940375678669170e-01	 4.57804344514508410046716e-01
-5.81606218085343518175989e-01	-6.63352400839703149060256e-01	 4.70847957821487972385199e-01
-4.33726945785719519843582e-01	-7.63848472217060758815421e-01	 4.77929333679210033292151e-01
-2.70985179630165662345576e-01	-8.42732053185467844258483e-01	 4.65155585750200994965553e-01
-9.36435876122743149352345e-02	-8.89912674044939788764452e-01	 4.46414953908678191485393e-01
 1.42773365232861156742805e-02	-9.48652971920803000926981e-01	 3.15996355244216320379280e-01
 1.85391189582177484673764e-01	-9.05545212544787814223923e-01	 3.81599233309659835455818e-01
 3.42995833791834403569965e-01	-8.30410855200425235267403e-01	 4.39057706419945292797280e-01
 4.98319462710538396699178e-01	-7.29996565516582096577736e-01	 4.67742159119610478867912e-01
 6.53124315103064900789320e-01	-6.06200040813095308855907e-01	 4.53817297532117247538253e-01
 7.85283216942834871865387e-01	-4.59216238529533693490947e-01	 4.15271857291941937084800e-01
 8.83391276094144806130259e-01	-3.09007775018106334297130e-01	 3.52326621615679069776661e-01
 9.53183783954088315049091e-01	-1.30150839417293495703376e-01	 2.72949506330273594656433e-01
 9.35738552291142777761479e-01	 2.42128672133575112423998e-02	 3.51862329352524871861618e-01
 9.51527478913781532554594e-01	 1.73445677971582418175345e-01	 2.53992231505141385916602e-01
 8.88586912866727307580561e-01	 3.52653166920120664240557e-01	 2.93341170215141888721888e-01
 7.97034493505310082106519e-01	 5.17448428884422662044074e-01	 3.11421161143195623921542e-01
 6.77950138524267886808161e-01	 6.62802939570145910330723e-01	 3.17924319566936730563356e-01
 5.32454152306567896069112e-01	 7.85779920804814291379614e-01	 3.14710171032767938026353e-01
 3.63637362702727451324591e-01	 8.84770059733866465201402e-01	 2.91461506626750688209171e-01
 1.74482114471884497408638e-01	 9.53172277445229254588810e-01	 2.47019434942465893056962e-01
-7.11774314389056056429084e-02	 9.60622942080563424482875e-01	 2.68583946657730276985632e-01
-1.93866175111785693507827e-01	 9.70900545976152606897358e-01	 1.40598847686370653775612e-01
-3.79135569447060172265651e-01	 9.08025446656547718937702e-01	 1.78174095210922173171397e-01
-5.42679570707666925066803e-01	 8.17053132639750767651776e-01	 1.94738445049025848954116e-01
-6.87633260962290715490042e-01	 6.97685294352005547224849e-01	 2.00986886296896594128469e-01
-7.18901650944262393672091e-01	 5.95295510632592561606202e-01	 3.58892283687313295992283e-01
-8.32704591357381618266231e-01	 4.39197583293077675747895e-01	 3.37206978518915789777566e-01
-9.16242145649177386346196e-01	 2.61003487516115184607912e-01	 3.03936687552879503115832e-01
-9.53889425539759416849961e-01	 4.14503042918584821419081e-02	 2.97282418110355828311242e-01
-9.85493879954519202968299e-01	-6.86946302353527021855584e-02	 1.55186534045374247003934e-01
-9.33857109066418056286807e-01	-1.53896463511565551041116e-01	 3.22841723395142221608722e-01
-8.99827692318485139466588e-01	-3.27192376588067934672921e-01	 2.88539898176043696498283e-01
-8.10953206367379442198740e-01	-5.09051430014364147957906e-01	 2.88481435594732438243426e-01
-6.90401019855724107365802e-01	-6.56769102456936426648326e-01	 3.03316299990762427984947e-01
-5.45777040366750565425491e-01	-7.77794542216403539391933e-01	 3.11709916920982543775409e-01
-3.83127735651131784422319e-01	-8.70280621572492196769133e-01	 3.09555775087840157056007e-01
-1.99446360731495464513330e-01	-9.33844042718104616618291e-01	 2.96911523977883395897237e-01
-9.25888735492724351816562e-02	-9.83811861048825342379587e-01	 1.53432469036131724493544e-01
 1.12311874858469440408015e-01	-9.78427828023750167929506e-01	 1.73392699138407824221986e-01
 2.84178564363151198168822e-01	-9.29814668745643113645372e-01	 2.33852999428975305562517e-01
 4.41630464733780148112174e-01	-8.49326568171801410400690e-01	 2.89148600578553294226936e-01
 5.95117904921927620698341e-01	-7.38849089987554275005266e-01	 3.16127666403778428971805e-01
 7.46818059059765393392638e-01	-5.97909902851313734828409e-01	 2.91146929804415643960880e-01
 8.56141798201035308935047e-01	-4.64106895800272922780749e-01	 2.27213579355927813852034e-01
 9.40670718208875489274590e-01	-2.90953030761512243529410e-01	 1.74599352218412162685013e-01
 9.90105043803812923108865e-01	 4.67934667274078827658990e-02	 1.32296537013940174176696e-01
 9.87464577848148006289364e-01	 1.57492997700414888440079e-01	-1.04720184547348639514386e-02
 9.51823210804124464345932e-01	 2.85229940908419576928168e-01	 1.12589769446015272591488e-01
 8.75754772485057952913223e-01	 4.63334251913047223681019e-01	 1.35554230748514858984066e-01
 7.71519097525316999153233e-01	 6.19304764943269137056348e-01	 1.45670485247639841519529e-01
 6.40266213200086808932099e-01	 7.53430523993590783859986e-01	 1.49671713256595256824610e-01
 4.83417671810469129489718e-01	 8.63155596394294843953787e-01	 1.45841595556805370126341e-01
 2.96643268277770322249864e-01	 9.47541097913260466079066e-01	 1.19032092944784423371729e-01
 4.19757051361220184793055e-02	 9.91115843160648157805781e-01	 1.26203904909011371815453e-01
-8.06637538798840869613826e-02	 9.96726335074913039058231e-01	-5.47464867710068577716376e-03
-3.04232708370114957041608e-01	 9.52597374891404502506020e-01	-8.36963433771615986957182e-04
-4.78288159820672131861130e-01	 8.78110366417838683616992e-01	 1.27522768509864600078307e-02
-6.31266562296883271265813e-01	 7.75172696909016467614606e-01	 2.46944789918182583399187e-02
-7.65445205988952936948522e-01	 6.42686664998923795621977e-01	 3.23649078647026827715294e-02
-8.14668773715492955389550e-01	 5.48265536648583351464481e-01	 1.88996535567020146340056e-01
-9.13408319469630747278188e-01	 3.72387393940661781677193e-01	 1.64355927053901562651106e-01
-9.74973464594450667242143e-01	 1.57444830248819750417866e-01	 1.56964546202682020403785e-01
-9.98930434078994733404500e-01	 4.50464382692162129684377e-02	 1.04310243988216169025440e-02
-9.87868616412426403528002e-01	-1.53548081854775531063240e-01	-2.32073967975198781898971e-02
-9.58103432386425479805325e-01	-2.54729668341061421532601e-01	 1.30960333369318254748137e-01
-8.88130701119533294551900e-01	-4.41319514340767604654303e-01	 1.28300210408851422805299e-01
-7.79088805319864907694694e-01	-6.12843209438991620707782e-01	 1.32075107684158671306207e-01
-6.42079865677429251213937e-01	-7.53322753692855506812975e-01	 1.42261290800653306121148e-01
-4.82066267729520825380263e-01	-8.63974132151078211272477e-01	 1.45467565082809335841318e-01
-2.99470309210271290467631e-01	-9.43356126060806987609908e-01	 1.42817202482934779705914e-01
-1.91034497226384020196477e-01	-9.81533010658411808613266e-01	-9.93830253598053381391964e-03
 1.18268717603516333031211e-02	-9.99929430458674994852686e-01	 1.12214390985070642040022e-03
 2.10932440582569380449485e-01	-9.77179718261042773441716e-01	 2.50460322037291648056279e-02
 3.81865162057215323798687e-01	-9.20616659843232043591854e-01	 8.15105123656316293834223e-02
 5.36875659785180481264888e-01	-8.32986733911643462135999e-01	 1.33782013205961919366516e-01
 6.85356929415054105803051e-01	-7.10941720191244463933344e-01	 1.57631690323624035210415e-01
 7.98924912607467119229909e-01	-5.95316885048125743473690e-01	 8.55382393538000468380389e-02
 9.07320904279133588765660e-01	-4.17483463474913329971372e-01	 4.97627811028107241986262e-02
 9.88751909920749683102770e-01	-1.19049747287134966011735e-01	 9.05362816717096702268108e-02
 9.95312080837965629243058e-01	-5.51637896270514502261584e-02	-7.94406574241539320535566e-02
 9.80335843993473843305253e-01	 9.32961327890879238422528e-02	-1.73889230799968125262822e-01
 9.43093027066851607997933e-01	 2.74790785502962542352634e-01	-1.87258021191477136424552e-01
 9.26287267371299072316049e-01	 3.74702432951698694019171e-01	-3.98746165610318337169105e-02
 8.36258557357357767969575e-01	 5.47412526236129570733624e-01	-3.17986063589253617478469e-02
 7.17823469027651261953338e-01	 6.95776087287572231332433e-01	-2.50020733521304910906835e-02
 5.73097547607351764931138e-01	 8.19185401609729191285680e-01	-2.22368773874895633846371e-02
 4.01922939943917589822320e-01	 9.15423308660669898806361e-01	-2.14036517349215707484156e-02
 1.67028493634762104091962e-01	 9.85941772005379690746452e-01	-4.50605470389224375959980e-03
 4.43135991637334386572533e-02	 9.89482588520173789170542e-01	-1.37697174787911852389399e-01
-1.90713258665820561965631e-01	 9.70428997204398569031980e-01	-1.47973019006606004710491e-01
-3.81509853006808452580145e-01	 9.09078373234333714236755e-01	-1.67411897356015443305566e-01
-5.46623456582750688603767e-01	 8.22193113757938798258351e-01	-1.58749111501611889218921e-01
-6.91313350736101006610568e-01	 7.07680152676613438700315e-01	-1.45858330587011197909675e-01
-8.15794761584147321009652e-01	 5.63293736244261711298975e-01	-1.31068965357342942512631e-01
-8.80201587822708297892405e-01	 4.74211962915142115626566e-01	 1.91879916236921653494019e-02
-9.63363725416230498588277e-01	 2.67795302022686143583741e-01	 1.46972367042228699296480e-02
-9.79254826031084046888964e-01	 1.52547522961444220745975e-01	-1.33376305741158024398274e-01
-9.84407372929045898501954e-01	-4.13691768789858915766899e-02	-1.70969925212857004614975e-01
-9.52109983192156894560298e-01	-2.41905085077042364405386e-01	-1.86998689085511898833047e-01
-9.35055722359146912481265e-01	-3.52679498759702669818950e-01	-3.58882604484935877064977e-02
-8.46043967677245878356018e-01	-5.32250655895816771057127e-01	-3.03124406047420302812156e-02
-7.19294530203259285805473e-01	-6.94203267464870044101133e-01	-2.64045878735259774428012e-02
-5.66526626898449459091012e-01	-8.23780579353866171388177e-01	-2.08119699806172155087669e-02
-3.88383283378675170371963e-01	-9.21347990515656078969187e-01	-1.66224416005084189851271e-02
-2.76642102509186804670804e-01	-9.45113456756400571734389e-01	-1.73866905928828835437017e-01
-7.84465303504072869467123e-02	-9.83120362237696276963561e-01	-1.65289126168673639050155e-01
 1.25373229976992933698554e-01	-9.80829120209115501438646e-01	-1.49183746282725709919603e-01
 3.23460139634001775377214e-01	-9.39131186578020638044961e-01	-1.15784940577395620286971e-01
 4.95654639604297508892472e-01	-8.66424743399961005962950e-01	-6.02879943524898334605844e-02
 6.51622509314034537020177e-01	-7.58480776434143688646827e-01	-9.74767331928604562063523e-03
 7.39589538137721658195289e-01	-6.61091556435219107612511e-01	-1.26353745837988584721501e-01
 8.44867408166073974307153e-01	-5.29524421851466975397216e-01	-7.61770915801507214615285e-02
 9.13439644602849432075686e-01	-3.73410757906656176619009e-01	-1.61840728951018614223401e-01
 9.67220582778209103658185e-01	-2.51726909432127221588615e-01	-3.34351210246220872934764e-02
 9.53051745725225996075380e-01	-3.69034217774518863430799e-02	-3.00550340926798331686598e-01
 9.24532788331667076953124e-01	 1.55823023962334550329700e-01	-3.47790610141945344402359e-01
 8.69819850612708944659346e-01	 3.38509979958811324518564e-01	-3.58921190442093807071444e-01
 8.65914711147618865183517e-01	 4.56514969362236566752244e-01	-2.04415742462101590604107e-01
 7.61513269025435590720008e-01	 6.17032433240408795249721e-01	-1.98415013110438270826918e-01
 6.27041730050778345351148e-01	 7.54819196849688345274387e-01	-1.92527008084887402139529e-01
 4.64056826776326036831932e-01	 8.66003769454350647016838e-01	-1.86249114932509701736407e-01
 2.74246104298398962750838e-01	 9.50093608016908119928701e-01	-1.48698386953475786276258e-01
 1.52825055948086208079673e-01	 9.47043906593748596733917e-01	-2.82404570179229985615876e-01
-6.98369324504092003902400e-02	 9.57176402152672745060613e-01	-2.80955758132810262672763e-01
-2.60227229188557951378158e-01	 9.10952434147494938265766e-01	-3.20074135021247818677637e-01
-4.37202690997376630654969e-01	 8.35072144845634189991301e-01	-3.33928614957695268916638e-01
-5.94074595762040469359988e-01	 7.35720166588988089273471e-01	-3.25255608936171891620859e-01
-7.29726946464620884746921e-01	 6.10509385104731516769050e-01	-3.07858529689308990651142e-01
-8.45487003700519546001146e-01	 4.57304436087333399107990e-01	-2.75725188019454781063189e-01
-9.20397939379685947614007e-01	 3.68823821900294224196415e-01	-1.29756007893615105119878e-01
-9.28390298655847878706027e-01	 2.49975693764866224721999e-01	-2.74961098863965469618620e-01
-9.45371536629511233229550e-01	 6.44179424199658873240182e-02	-3.19566873166063136757487e-01
-9.31918973677207773675946e-01	-1.26471592027483703546409e-01	-3.39899930730286292668296e-01
-8.83701516700126865622167e-01	-3.17501003696156192113165e-01	-3.43896411778065513864533e-01
-8.77850608275298704974432e-01	-4.36102583663931897550725e-01	-1.97971831512292584243085e-01
-7.75496995153813872825310e-01	-6.03124874122767495876474e-01	-1.86667610264345223969329e-01
-6.33166978957916737336120e-01	-7.51820045069593878572789e-01	-1.84027706035963467545713e-01
-4.62266181815752796868679e-01	-8.68898942728017820158470e-01	-1.76987582828904366216705e-01
-3.45891133176982279451295e-01	-8.75133679909739892188725e-01	-3.38379027537435150829737e-01
-1.61557699458727277441739e-01	-9.30644746362069286149676e-01	-3.28328289695364761158203e-01
 3.84131254100064725709451e-02	-9.48792440999504771426132e-01	-3.13555953058519798481996e-01
 2.40512687653925222308615e-01	-9.26527580397918160137749e-01	-2.89310023745228517277894e-01
 4.31813794644464177263643e-01	-8.66841727333434564073400e-01	-2.49243388093518702941509e-01
 5.97689267057249673520403e-01	-7.77201394349364305114136e-01	-1.96788039946466458696150e-01
 6.91924359748682049620072e-01	-6.49454140380367861418165e-01	-3.15356940512134475973482e-01
 8.15000443105919236685963e-01	-5.16571916520997320709796e-01	-2.62540916428238069180168e-01
 8.74582625497956511750886e-01	-3.44416451036655579809320e-01	-3.41295384428820902655843e-01
 9.56048740589426238045689e-01	-1.95784401913891348279151e-01	-2.18264228825046174842228e-01
 8.80234318488472111674525e-01	 1.23506443387838386882560e-02	-4.74378547301152475590413e-01
 8.38500426954131072854182e-01	 2.01657902508415726172686e-01	-5.06212528839069975106213e-01
 7.67366600091739181621620e-01	 3.81989140527314641193612e-01	-5.15007570413142823362307e-01
 7.78386822087823726512568e-01	 5.10314571514627002279951e-01	-3.65640524695856894421553e-01
 6.58784721491606606313951e-01	 6.62123114253294398068306e-01	-3.57205364322465412918461e-01
 5.07035412828996445711027e-01	 7.88608311451856169860264e-01	-3.47867821516134934078934e-01
 3.33497747713721703899381e-01	 8.85014559607036233046529e-01	-3.24851476144774109489077e-01
 2.06158668717600246367283e-01	 8.59153024766920125898650e-01	-4.68353160922864886206440e-01
 3.79473018997380645567219e-02	 9.06720287352024367777403e-01	-4.20021812270258754207219e-01
-1.39832426959784483777582e-01	 8.75589137205068812619402e-01	-4.62374907600985263211868e-01
-3.13854946576433480043278e-01	 8.14717708115174188421292e-01	-4.87575767028122442070526e-01
-4.77189788067273634730725e-01	 7.27394705361867566217882e-01	-4.93139786243041278179788e-01
-6.20498889408172882298231e-01	 6.18198240145381383570111e-01	-4.82506024961738277934131e-01
-7.44411266186087328122767e-01	 4.88363896645841399912769e-01	-4.55359826102519071877595e-01
-8.46409889081891408935121e-01	 3.36066055979243494267195e-01	-4.13097937156476524567239e-01
-8.70230458514826277216514e-01	 1.62954508616188681324743e-01	-4.64913730916534595483114e-01
-8.70441160962162174818957e-01	-1.55506263994026547314853e-02	-4.92026791263879936799697e-01
-8.43997999504256690705972e-01	-1.95691415544906821555315e-01	-4.99371852145115868726322e-01
-7.85298435313193987639124e-01	-3.74173613962129170129600e-01	-4.93254978798155330199648e-01
-7.88257391577079857825083e-01	-5.00024906092643717236967e-01	-3.58643803670356753343640e-01
-6.80544771730508091245326e-01	-6.49237521790698490775640e-01	-3.39631350097930773124233e-01
-5.19398726842080771248789e-01	-7.87490719317936571641781e-01	-3.31788079265884439106316e-01
-3.99444578011020845487167e-01	-7.71249158638872001070297e-01	-4.95599399108221316812006e-01
-2.28929937536297062328217e-01	-8.39053058944906005045539e-01	-4.93539307426291262714813e-01
-4.71175352558753923748469e-02	-8.80411709738960324145296e-01	-4.71863496390568570859614e-01
 1.52804963617372807638262e-01	-8.79779125701962705363712e-01	-4.50154787904098241391182e-01
 3.52425713134707663254375e-01	-8.37969548842203870719914e-01	-4.16657115545487788388357e-01
 5.37101520537029308854926e-01	-7.56949986354529813503689e-01	-3.72221271281866161739771e-01
 6.21957244238614093134743e-01	-6.14439580144486630075562e-01	-4.85420630681243470139208e-01
 7.58855148585063643551507e-01	-4.87426483386243114548364e-01	-4.31919305842725309574348e-01
 7.97981548639594584493295e-01	-3.14042474348346090096129e-01	-5.14395540742649481913418e-01
 8.93199104096897178450831e-01	-1.75350486776524677745570e-01	-4.14062274576827815675273e-01
 7.75133222905327157192801e-01	 5.60152645876012336700889e-02	-6.29309762264643079987536e-01
 7.23368859031408795168261e-01	 2.41170849059963388061334e-01	-6.46973040664983511938146e-01
 6.32973806559514073910577e-01	 4.18732973807655728393229e-01	-6.51158088988961436527347e-01
 6.61728761490888772733854e-01	 5.45680982262777725111391e-01	-5.14147169410145377099752e-01
 5.27497609423094204750271e-01	 6.84888654316123890453127e-01	-5.02666691995769632228530e-01
 3.70576637769047312342963e-01	 7.87115385288262192631237e-01	-4.93074361311049147449381e-01
 1.88879938935951979805949e-01	 7.57767434150523500058227e-01	-6.24590173160355699444324e-01
 1.83881830095688827975131e-02	 8.14283712996262454275609e-01	-5.80175757399968849981065e-01
-1.69621179393708632066051e-01	 7.67353753189291665215421e-01	-6.18382464957888955403575e-01
-3.46269426378301714564145e-01	 6.89661744003148280413029e-01	-6.35974970587819599110446e-01
-5.01319086743985731224882e-01	 5.85387240316368795411961e-01	-6.37182040033271945844717e-01
-6.37513041836292648767426e-01	 4.62265808288097324041388e-01	-6.16350098544966029656678e-01
-7.55039373556070314563726e-01	 3.19071231187174009225060e-01	-5.72808077639236912226295e-01
-7.70560146736611328854849e-01	 1.39439318655445287920003e-01	-6.21927436823748402972001e-01
-7.63681189198210153001867e-01	-4.05171195364251307546866e-02	-6.44320886119081559506583e-01
-7.31872962446533437130824e-01	-2.18447717158883086829846e-01	-6.45478552477003364451491e-01
-6.68257831982822514405029e-01	-3.93772136784655280017375e-01	-6.31169528958476111490938e-01
-6.64349597165057592640380e-01	-5.36905542893588161312834e-01	-5.19973125033176275522351e-01
-5.61759758507256234949523e-01	-6.76567064595326117526497e-01	-4.76112361556317142952111e-01
-3.07308834270143715894363e-01	-7.01877199992862577104802e-01	-6.42596044579878067359857e-01
-1.30717517309196562536044e-01	-7.63801522208436556304889e-01	-6.32076075595806141649291e-01
 5.41594097712430888602597e-02	-7.98683692770364328517019e-01	-5.99308866308454368798664e-01
 2.59650180087493520630915e-01	-7.80879734239778411364341e-01	-5.68162498440494712070858e-01
 4.55093160957195874694037e-01	-7.16636555806327013584678e-01	-5.28509471752430570745673e-01
 5.26958867307326994655625e-01	-5.61568937782628507804361e-01	-6.37929996381945918493273e-01
 6.72923281937597983493049e-01	-4.46057240546851085927216e-01	-5.90090836043113520226200e-01
 6.95937581380629888272438e-01	-2.63123049517295704013975e-01	-6.68159519602017026862484e-01
 8.03678276826774617980220e-01	-1.29020640782062684381870e-01	-5.80908686119369632727683e-01
 6.40232500221420197661359e-01	 9.44471253254696857526440e-02	-7.62352993158670999562787e-01
 5.82679950426526427342822e-01	 2.74495452768459935466439e-01	-7.64942038183533790096646e-01
 4.68393258190199890389493e-01	 4.46923626778566396300363e-01	-7.62146329459810312201284e-01
 5.07061348459281080458538e-01	 5.73319955393900571039012e-01	-6.43578291776370714494249e-01
 3.53460039068901499259567e-01	 6.79994543023828112993101e-01	-6.42396623776328445920569e-01
 1.53258859658733315178836e-01	 6.36473638131969443598734e-01	-7.55918666193102994910191e-01
-1.46775938403465155274175e-02	 6.97908668309523805284300e-01	-7.16036353083755905402086e-01
-2.05163509937253407677815e-01	 6.30028486075786986475578e-01	-7.48980667923597631663313e-01
-3.67932263359957600901140e-01	 5.30957331960067557830030e-01	-7.63354544898152465037811e-01
-5.13333573981412216724607e-01	 4.12934952074587913184445e-01	-7.52312014511683835316092e-01
-6.42805661901037383998414e-01	 2.79105059702681956856907e-01	-7.13373146870788676920938e-01
-6.46327846292304220021663e-01	 9.24468522080360288750711e-02	-7.57439036902625928426858e-01
-6.28168896682872679448906e-01	-9.28527059592756109918099e-02	-7.72516803853652622713355e-01
-5.84880525960616681757642e-01	-2.76095547603030122552070e-01	-7.62683432982397824240195e-01
-5.29939486864675846078399e-01	-4.70023666924588856552703e-01	-7.05862516919808724580321e-01
-4.80138539159258692645693e-01	-6.18509431395757869331931e-01	-6.22023364905619491338484e-01
-1.93891145518279905957115e-01	-6.11849430721011722233982e-01	-7.66841898839639046769889e-01
-2.10162407776141556270399e-02	-6.64170739195991344239189e-01	-7.47285452032506736230744e-01
 1.58159297246891622501508e-01	-6.92444417691270075465582e-01	-7.03922129999169365888179e-01
 3.59487516417762054121710e-01	-6.50855557469204426546128e-01	-6.68697068074356359979049e-01
 4.14020651469754363827036e-01	-4.79006946633379560029908e-01	-7.74040855015758699764206e-01
 5.62755356271272488832835e-01	-3.84342717168106307035202e-01	-7.31838154749962721545842e-01
 5.52441382194379881909185e-01	-2.14907027350522361608398e-01	-8.05371646405884544783760e-01
 6.79320928225027986790963e-01	-8.50296325625991694652228e-02	-7.28898510124527443387876e-01
 4.77526619175897393265728e-01	 1.27502583678560349467190e-01	-8.69316639167644900076937e-01
 4.19552621368734057760719e-01	 3.00070835412693914800997e-01	-8.56698950412192350434282e-01
 3.16006202083459253326936e-01	 5.55481112814861566207014e-01	-7.69142908405681779981933e-01
 1.12586003327318523448142e-01	 4.92069680022446942491143e-01	-8.63244937348252028286311e-01
-5.23732465610436750957923e-02	 5.56661125364412812110970e-01	-8.29087109146368184120490e-01
-2.20207601381321754763221e-01	 4.60918765445355094190205e-01	-8.59687445502267721941791e-01
-3.72405265461127010784281e-01	 3.48048575832555717735062e-01	-8.60335113265614181976559e-01
-5.10592541097078189693548e-01	 2.20776767593641648490532e-01	-8.30995111818915388468554e-01
-5.00284196494734989535402e-01	 2.86911450334804141171219e-02	-8.65385775786894462235921e-01
-4.70085085250787126920358e-01	-1.61912177370214932503600e-01	-8.67643048404121430827729e-01
-4.30653483279931637017768e-01	-3.56920797325906868913137e-01	-8.28942170344289075423205e-01
-3.62285500680498417924724e-01	-5.41699576730972909288653e-01	-7.58492441996731714404234e-01
-9.34975476091400303779722e-02	-4.88013461408677295949587e-01	-8.67813960520916194418817e-01
 7.72087312122464453079118e-02	-5.34631111285673643607197e-01	-8.41551178877458894156405e-01
 2.50205153111227596163246e-01	-5.59188519783310966637657e-01	-7.90383185992172498934849e-01
 4.01791338869901204500223e-01	-3.12581594889337455178691e-01	-8.60730193815443245242136e-01
 3.74044644403039805435895e-01	-1.41730992837314079269007e-01	-9.16516737251836910438385e-01
 5.22607347013418044312516e-01	-4.41312618383185861770102e-02	-8.51430556520116121888009e-01
 2.80597005773336627409975e-01	 2.10486748761941899754646e-01	-9.36461771214749272296274e-01
 2.71852596985609096247316e-01	 4.08387696151079115924887e-01	-8.71387201618542328596106e-01
 1.15651780707777249168622e-01	 3.11142799688703397542611e-01	-9.43299964921549105589804e-01
-5.48383668112931432769841e-02	 3.85692845085318092301918e-01	-9.20996081845880110172686e-01
-2.13665848980665651346555e-01	 2.75555124151910857399628e-01	-9.37238645454292251812944e-01
-3.59110035812974848212775e-01	 1.53058766521695144291471e-01	-9.20659001025494472258970e-01
-3.36813101766559042093974e-01	-4.22272302636445065471271e-02	-9.40624152094050036687634e-01
-3.05204796683010315394569e-01	-2.38118728178595140398954e-01	-9.22035521751895958963985e-01
-2.62463220482789860721340e-01	-4.24283863596911947624335e-01	-8.66658099243917345866350e-01
 5.51132695729764296443953e-02	-3.63530316663899677465110e-01	-9.29950663413506850574208e-01
 2.38260979423343816074876e-01	-4.01993577591336470611338e-01	-8.84100033514051752980833e-01
 2.13060430700148545346551e-01	-2.35621594337453249545788e-01	-9.48202360865940785394912e-01
 3.32296606097230884380167e-01	 3.26571510518649937848679e-02	-9.42609397397160320153375e-01
 1.30529748505954834580933e-01	 1.17284467854318813495595e-01	-9.84482777073881321072690e-01
-4.31682181644069892789695e-02	 1.98769517132145662197118e-01	-9.79095084248493230383303e-01
-1.92567969840118757840486e-01	 7.92370047127708421186298e-02	-9.78079278011656727542800e-01
-1.64721667820101780321806e-01	-1.18933473188670674192124e-01	-9.79143299576647252457917e-01
-1.25947032100265948750817e-01	-3.05816305590610015840980e-01	-9.43723334637882715902890e-01
 2.27761981049701967005916e-02	-1.84270305107642501374343e-01	-9.82611672765706489762749e-01
 1.76295404135537736589612e-01	-6.19048618984166174050721e-02	-9.82388781773298580546339e-01
-1.79560743947907684725518e-02	 7.47904302444317827316955e-04	-9.99838496974128076999477e-01
