-5.64140107950578742479486e-02	 5.91447585000515370368124e-03	 9.98389943039008742609042e-01
 3.45359863999062585704358e-02	 7.80361076284743632180962e-02	 9.96352162415269138051599e-01
 1.24309050409147775484442e-02	 1.93575854908904942952574e-01	 9.81006555022009174571451e-01
-7.94309843121237396657008e-02	 1.22318245554044705003527e-01	 9.89307316022573157709985e-01
-1.68192004775509607039652e-01	 4.62392615783570395948665e-02	 9.84669172980592088961771e-01
-1.44239763297551698562060e-01	-7.26259081183353583099915e-02	 9.86874038646195939072925e-01
-3.04815746431372838753937e-02	-1.07570505977135716380033e-01	 9.93730073939144697980907e-01
 6.17958786991156250323343e-02	-3.41531820196266031053334e-02	 9.97504300508894381493974e-01
 1.54526816472266681490311e-01	 3.62385914513034673722913e-02	 9.87323770341103523762172e-01
 1.25588314060968958552067e-01	 1.47006812682252935298166e-01	 9.81130252513053746632465e-01
 1.05998341779159913067510e-01	 2.61758960183336497618001e-01	 9.59294844301691762566975e-01
-1.32406834148767089953669e-03	 3.08655497764950936812056e-01	 9.51172976141825388118889e-01
-9.70376173398422858795698e-02	 2.39016794403644289301880e-01	 9.66154580185806799441650e-01
-1.88526345436043463177356e-01	 1.65218987374498416098589e-01	 9.68070505328756936158641e-01
-2.75228405369432271854180e-01	 8.74545178649882987143016e-02	 9.57392830651453086154845e-01
-2.52646433212207754959167e-01	-3.30506336914029377749280e-02	 9.66994020352631933334919e-01
-2.27130229123998106377513e-01	-1.53972417552592222289576e-01	 9.61615491582311299190167e-01
-1.18119588464621352863482e-01	-1.89373083115645268748040e-01	 9.74774639705108247866860e-01
-5.71935294734024664287109e-03	-2.19714436735370971520709e-01	 9.75547464397259700419340e-01
 8.63420093572319774510859e-02	-1.46744024114805665659489e-01	 9.85399030244473728146204e-01
 1.78654046651609610396605e-01	-7.73273337942470828654251e-02	 9.80868602343493156681120e-01
 2.68035628977441930942405e-01	-4.78145591770413533327932e-03	 9.63397134767368101826435e-01
 2.45418904868029585930600e-01	 1.10136426585842980840901e-01	 9.63140451166016764439348e-01
 2.16788935240365743251090e-01	 2.15551739530311814441177e-01	 9.52123944212519668361949e-01
 2.10339472918823738867289e-01	 3.18543008448210596128547e-01	 9.24276829689565926351236e-01
 1.02204930107899466529275e-01	 3.71269585813921332295706e-01	 9.22883008247090352860198e-01
-5.93313127343142367869921e-03	 4.16506579465699799946776e-01	 9.09113341236985172955087e-01
-1.08715452102463722150461e-01	 3.51923081634851864230029e-01	 9.29694086830063937121338e-01
-2.04201615605993952451414e-01	 2.81391776058742437705007e-01	 9.37614189605942560667984e-01
-2.94115815193985774556040e-01	 2.05809900441024262729428e-01	 9.33347830196884831188697e-01
-3.78719546283835972744214e-01	 1.26071519110735108526455e-01	 9.16884658684873565803741e-01
-3.57359748215653860725638e-01	 7.23733567749902315102695e-03	 9.33938772793771465607904e-01
-3.31882037932354323483963e-01	-1.13814253437340570651592e-01	 9.36429724331926727209918e-01
-3.02157280539783024142508e-01	-2.36709650044557712300630e-01	 9.23401060965703068816879e-01
-1.97254282561498073267359e-01	-2.73614742298812718690471e-01	 9.41395623958335203695924e-01
-9.01950688609887418767386e-02	-3.05445283917128496131710e-01	 9.47928282142666223109018e-01
 1.74818534243447211429245e-02	-3.30469028221172966830466e-01	 9.43654919018283688814108e-01
 1.09467060367285096145196e-01	-2.58331477108249440988175e-01	 9.59834262062787213487525e-01
 2.01947155445937859274963e-01	-1.90318772775824485155027e-01	 9.60726866042788674171504e-01
 2.91851813032547924287030e-01	-1.18923280411743020890114e-01	 9.49041502045998353054301e-01
 3.75368784685045864257802e-01	-3.95540028794559572755674e-02	 9.26031185403754952822908e-01
 3.47678966254277688197050e-01	 8.00541504626550021184173e-02	 9.34189846561211401088087e-01
 3.20748978149171082296931e-01	 2.13308813469625074832337e-01	 9.22832294142572506778777e-01
 3.99316263330744936066452e-01	 2.78868096177372015720408e-01	 8.73372261280365713709273e-01
 3.09416316232817178999426e-01	 3.42252554626998994891096e-01	 8.87200502761470666257537e-01
 2.08664252001976024963881e-01	 4.22271372750600615386674e-01	 8.82125908071959674572327e-01
 1.00707809196532493967169e-01	 4.74141316909997445616654e-01	 8.74670194282215485159782e-01
-8.24845591113282025630404e-03	 5.17197140664202636983759e-01	 8.55826548235012030119151e-01
-1.13949887186578793785152e-01	 4.57809045357752575355903e-01	 8.81717812680899215571628e-01
-2.14508871304329523654886e-01	 3.92762531258344593787513e-01	 8.94272630785087008220557e-01
-3.07919085183637919467259e-01	 3.20560540023269613385537e-01	 8.95782773422028499865633e-01
-3.95518541584419291989860e-01	 2.42837498688771191712732e-01	 8.85773691466118839876742e-01
-4.77389563737163014067733e-01	 1.60677367887001237845013e-01	 8.63876141517837314864892e-01
-4.58946729860110813614682e-01	 4.39220393689375362966665e-02	 8.87377458361651161311556e-01
-4.34117739914548994573096e-01	-7.39415170196062454532893e-02	 8.97816484562587668882827e-01
-4.03578289584812899271071e-01	-1.94990727796874430133300e-01	 8.93925712936506910999412e-01
-3.65855536341729015159530e-01	-3.18599918319183439407993e-01	 8.74439145152546060124621e-01
-2.59417089043215420840482e-01	-3.58103822455784925882227e-01	 8.96919409007799317556930e-01
-1.46846178257703074976348e-01	-3.92275561133932249013867e-01	 9.08050705670209623576739e-01
-2.64955386365282666294441e-02	-4.21181361968993750455326e-01	 9.06589348471679157270842e-01
 9.82339689625080364487886e-02	-4.70137508091737876814165e-01	 8.77109349412696692738223e-01
 1.14304095915574166486550e-01	-3.73774001783915177377082e-01	 9.20449656009149186353113e-01
 2.13509046227745497015249e-01	-3.06266203658925761921239e-01	 9.27693321995619379904952e-01
 3.06777562711592344246725e-01	-2.35253429540636271877219e-01	 9.22249072054889040828130e-01
 3.94588397929986178791495e-01	-1.58408111747725677265208e-01	 9.05100473070016176002639e-01
 4.75929926918810419778083e-01	-7.98671323815060424378132e-02	 8.75849271180955346594033e-01
 4.52780236039644234935508e-01	 3.79358352009359078849116e-02	 8.90814756422170894722967e-01
 4.17433907710828500103872e-01	 1.54521158604026959126898e-01	 8.95473139874634393997610e-01
 4.93136733143738403839507e-01	 2.18301810872001761376637e-01	 8.42116667567105126046556e-01
 4.97064431783139915044245e-01	 3.20214423269873538213659e-01	 8.06467404044358349146648e-01
 4.03746907036487023834326e-01	 3.89715197109490707472190e-01	 8.27714020782770676376572e-01
 3.08948697587767773242717e-01	 4.54724816914856888594443e-01	 8.35329900782063372588482e-01
 2.06444811563384955643841e-01	 5.21813118147774090971325e-01	 8.27702609339523331932753e-01
 9.86930351175419190434823e-02	 5.70637986883855141684307e-01	 8.15249638297637635453441e-01
-1.03859394302306291824056e-02	 6.10738976901298302735199e-01	 7.91763875379337345172814e-01
-1.16888856372915767023457e-01	 5.56187705549052169295976e-01	 8.22795376416222024040792e-01
-2.19867268294700074493520e-01	 4.97134158708615270239051e-01	 8.39354521389921282015223e-01
-3.16820070006484932889634e-01	 4.29992997000175847244208e-01	 8.45417687165280984373794e-01
-4.07138075036874824697009e-01	 3.55518215704166751223170e-01	 8.41335477771972706229064e-01
-4.91704826570698305676643e-01	 2.75495993140832506895777e-01	 8.26031670876139045844866e-01
-5.69867541631262519707946e-01	 1.90743321915888747186685e-01	 7.99292168196106378452725e-01
-5.55201700705787115630585e-01	 7.60769427230919836890877e-02	 8.28229056674123831349732e-01
-5.33852776992857269711124e-01	-3.91093992025325284944692e-02	 8.44672520797872028452957e-01
-5.03573854469988702042826e-01	-1.54901206160456467175734e-01	 8.49952345384301088948575e-01
-4.66777922407543455207701e-01	-2.74393623518366769342691e-01	 8.40729748804785681493001e-01
-4.35509891505778734543952e-01	-3.92033369028956635293781e-01	 8.10333864507976064928130e-01
-3.34325144609618318813915e-01	-4.31990180213080943172343e-01	 8.37622338456435744369344e-01
-2.27681028401773205560588e-01	-4.66228575868041505980699e-01	 8.54863886446239451544216e-01
-1.16252915863567576892912e-01	-4.93570677788919887074570e-01	 8.61900948821965551260860e-01
-2.01488876518751084537806e-03	-5.16453091332602975960242e-01	 8.56313111353704692341182e-01
 1.14526143611020009283052e-01	-5.66776584472667321890071e-01	 8.15872579342562076476497e-01
 2.12323155204455354949644e-01	-5.16989388507140490425229e-01	 8.29241128945639061065265e-01
 2.14151925374648222089036e-01	-4.17682898825174730994547e-01	 8.82994874779763461170035e-01
 3.13238163981344464037448e-01	-3.49805936174064135979478e-01	 8.82902972949453301865219e-01
 4.04890752611984816589086e-01	-2.75316517284101947016239e-01	 8.71931358399188005670055e-01
 4.90572951514258115413014e-01	-1.97313894469467288050879e-01	 8.48766991754439925621512e-01
 5.70114262496345336472814e-01	-1.17208819529212068810686e-01	 8.13161620050293021400023e-01
 5.52938366278854731561410e-01	-2.01536441825770316904620e-03	 8.33219719763720334526624e-01
 5.27278503100502393685645e-01	 1.11021220783356480699133e-01	 8.42408255363079283561945e-01
 5.85081224081248296720048e-01	 2.08173170453368333587818e-01	 7.83800926467289160726182e-01
 5.77664027875076757645445e-01	 3.46257594322527950669866e-01	 7.39195474332140722850681e-01
 4.93993088374221012148979e-01	 4.28759565473174453220651e-01	 7.56396763381331438402810e-01
 4.01874749345587478632780e-01	 4.95833694856022799690720e-01	 7.69834808828391281565473e-01
 3.05424358766916592689000e-01	 5.57796228622922440898435e-01	 7.71737862493387383189258e-01
 2.02800848681240097892697e-01	 6.15773641060463949870041e-01	 7.61376804709276377991500e-01
 9.57674435851111893747145e-02	 6.60277966329456234007012e-01	 7.44890330135255740451328e-01
-1.26545782897708059683284e-02	 6.96700303251936770010388e-01	 7.17250687763328231838500e-01
-1.19004873791075743705292e-01	 6.46701079213376606169561e-01	 7.53402650750728319906102e-01
-2.22857721497847910407941e-01	 5.93737795909042964659363e-01	 7.73181651151823023937482e-01
-3.21552023762109229210182e-01	 5.32211538199918954283874e-01	 7.83169952578217976046915e-01
-4.14305323054613428013226e-01	 4.62452819652292623775480e-01	 7.83893161651673442413824e-01
-5.00795531443549268857396e-01	 3.85516763814185758896258e-01	 7.74971393345851633505106e-01
-5.81706777886409565070380e-01	 3.03311293091051759063248e-01	 7.54731398607773273923272e-01
-6.54981270447522634370330e-01	 2.15849379253947204482245e-01	 7.24160604312769184964793e-01
-6.44495135317512235495485e-01	 1.03372181133686430465346e-01	 7.57588419077091068665197e-01
-6.27634904577910268663743e-01	-9.37135519808890947446312e-03	 7.78451414191809965004154e-01
-6.01699520805951793001043e-01	-1.21714602309491964904353e-01	 7.89394224862666638031783e-01
-5.65687544994178614921054e-01	-2.33352930125717450415834e-01	 7.90913403249812962947374e-01
-5.30414919725291866825501e-01	-3.48162061915031129100129e-01	 7.72944494498722933784052e-01
-5.21631765580228723422351e-01	-4.46433688749715118504469e-01	 7.27046946687059381098095e-01
-4.16693032420697884177230e-01	-4.94770326418778327859371e-01	 7.62606871741593139724102e-01
-3.10446487814204086230774e-01	-5.34596736220242396697699e-01	 7.86021187899212825378470e-01
-2.02618428815104084650400e-01	-5.66252441750456636526678e-01	 7.98939262094525037838366e-01
-9.42363597061178642766421e-02	-5.90821430734925767680465e-01	 8.01279942026302482993572e-01
 1.48053358173975569550551e-02	-6.08770644301612207094365e-01	 7.93208109305454600601593e-01
 2.00431522122913124972499e-01	-6.20158160255206314381837e-01	 7.58439886351166436817550e-01
 3.02434492591670822658756e-01	-5.63618752427279989802855e-01	 7.68678918406856759304446e-01
 3.14093373561947775129966e-01	-4.58411133772054557589115e-01	 8.31387145148572925812402e-01
 4.08487577552959613136352e-01	-3.88498988109814091806982e-01	 8.25957889497137220935485e-01
 4.96712209241113256119604e-01	-3.12425604994247929635520e-01	 8.09732809348114868086554e-01
 5.79830867378976821946424e-01	-2.32631902585469535482687e-01	 7.80819161607864242746757e-01
 6.55278530145760873537597e-01	-1.47733140824982289718292e-01	 7.40800220728906944067660e-01
 6.42415329077465346863107e-01	-3.09093644908834189188873e-02	 7.65733084144247788671578e-01
 6.19465898755837796052504e-01	 8.72046700195476393036031e-02	 7.80164947818987819516678e-01
 6.80388561482402454139162e-01	 1.59964274482178592240444e-01	 7.15180282371723152756715e-01
 6.46426921070273330371947e-01	 2.66864844715478999326308e-01	 7.14783456978818176885682e-01
 6.65885247190082685264656e-01	 3.62965700945949709677052e-01	 6.51807285561781690752525e-01
 5.84477739992724010242853e-01	 4.47011237676958883557887e-01	 6.77175549502129547896345e-01
 4.95419258335685785965552e-01	 5.25265851068686062674828e-01	 6.91849365231484547678065e-01
 4.00450011425155349975569e-01	 5.91364595570980755567803e-01	 6.99948357705597712374868e-01
 3.01481169708258112116539e-01	 6.50392574740095708030196e-01	 6.97207718713935165055773e-01
 1.98029928348989775477307e-01	 7.02089903296491013584557e-01	 6.83998475997730559505783e-01
 9.13808143158894997659658e-02	 7.42206083803785277019927e-01	 6.63912400802706526015129e-01
-1.62656376136356244088699e-02	 7.74619534144254218155368e-01	 6.32218321749030365275246e-01
-1.20505878349915787617341e-01	 7.28830561942673593733844e-01	 6.74006190818335348957646e-01
-2.24245969083531504484341e-01	 6.82125739485456850097478e-01	 6.96001595458808353100721e-01
-3.23380351267661569902856e-01	 6.26324502239614333554130e-01	 7.09325571446781655282621e-01
-4.17419205353383060419503e-01	 5.61903217435408164348587e-01	 7.14161033127603928072347e-01
-5.05602678147054729329568e-01	 4.89405169160447128806624e-01	 7.10526925773795170471203e-01
-5.87804395548172875507476e-01	 4.10002296442191493941465e-01	 6.97412438580196636372932e-01
-6.64673422920833867344470e-01	 3.25822524514113809335214e-01	 6.72345836145321951171638e-01
-7.31564314962737549663530e-01	 2.35663679267787751214769e-01	 6.39747046376198613693020e-01
-7.25421288644194528494324e-01	 1.24947085315651892911681e-01	 6.76869396451722837859677e-01
-7.12943798750140467213043e-01	 1.37848512606653234024989e-02	 7.01085670727508714072940e-01
-6.91329354397153483802185e-01	-9.71729076890983645142796e-02	 7.15975662826650260939232e-01
-6.59506693312948311103128e-01	-2.07117904783838235882598e-01	 7.22601615686938369975678e-01
-6.17927737073273308787691e-01	-3.16640905072576250844918e-01	 7.19655368207813506131743e-01
-6.29472694146103961543304e-01	-4.06874999865197484183454e-01	 6.61979502559664645389148e-01
-5.70927380670187778477498e-01	-5.04482980064450581281221e-01	 6.47718186271135865084148e-01
-4.72482578352260706999743e-01	-5.55682548374333729057639e-01	 6.84088531248555842267933e-01
-3.68952310873988498229892e-01	-5.99924961169714610065284e-01	 7.09904383185693710345276e-01
-2.60966968688975897716631e-01	-6.36116618337397632387820e-01	 7.26121125658991450890767e-01
-1.49124760557218016820968e-01	-6.64376014619018406826001e-01	 7.32370341417306613962523e-01
-3.29031618426117375419970e-02	-6.85309592694125058187637e-01	 7.27508174594740597562748e-01
 9.32607929355226961121161e-02	-6.68994044065108761643046e-01	 7.37393648946374491437439e-01
 1.76287884730097460517229e-01	-7.11561287809101550294599e-01	 6.80149333153272306340398e-01
 2.86074839959010174261778e-01	-6.61308780073299073976045e-01	 6.93420423221289161652692e-01
 3.87154624396725710600009e-01	-6.01069128404468910886749e-01	 6.99161783629026922781691e-01
 4.01548790997905191701989e-01	-4.98678628733320583599209e-01	 7.68165472859055009635654e-01
 4.94208386397828991487557e-01	-4.25415605827799414573320e-01	 7.58142224870914982481906e-01
 5.80001933006465741904378e-01	-3.46413327413947591537635e-01	 7.37289335538471424236207e-01
 6.60259183677825878255874e-01	-2.63294705278691865135698e-01	 7.03373093415790240356955e-01
 7.31473601260590466921485e-01	-1.77755619903603362397249e-01	 6.58292723833059367777309e-01
 7.24118173443990542637039e-01	-6.39357410274951770690066e-02	 6.86705971946803384042823e-01
 7.07156433701095266108894e-01	 4.90393720162762836167758e-02	 7.05354462853534203148342e-01
 7.83413480979116338964729e-01	 2.60072522842687836597264e-02	 6.20956472426857142288270e-01
 7.60225383816640953860144e-01	 1.39784490722017956665368e-01	 6.34442796439857903401105e-01
 7.27467941730673417488617e-01	 2.54052711234093453462890e-01	 6.37375567204096715734352e-01
 7.44065926881114059199263e-01	 3.48689184181290467989811e-01	 5.69896261866609243895709e-01
 6.67031573654825127306367e-01	 4.55444038678985030355051e-01	 5.89609707670542770863165e-01
 5.80582888405093200390183e-01	 5.40967837293680364751935e-01	 6.08504156686704544831912e-01
 4.88136806519381516444867e-01	 6.16201197177728698939347e-01	 6.18076486138886993515484e-01
 3.90944932638697451032783e-01	 6.80068811117130245236240e-01	 6.20216471717623396564534e-01
 2.89939629061716830360496e-01	 7.35389212545053294611819e-01	 6.12484871300443267649882e-01
 1.84873426355374431695466e-01	 7.81462202287846019466144e-01	 5.95935099338051776918235e-01
 7.63679978804579356888027e-02	 8.16709583257508087150711e-01	 5.71973238460575017505505e-01
-1.22094825734066034228498e-01	 8.02665764358566291569730e-01	 5.83798359243708819832364e-01
-2.22634686739758641538245e-01	 7.62541156517090756850052e-01	 6.07424712106667152866635e-01
-3.20950657298575248166372e-01	 7.12482686566239697967262e-01	 6.23986455720768162791501e-01
-4.15615249827637589508100e-01	 6.53424035142978310020112e-01	 6.32693444258890846931820e-01
-5.05358301530717368699186e-01	 5.85740663977523889904830e-01	 6.33656738019219623048173e-01
-5.89310576271092623201753e-01	 5.10125623357004842617357e-01	 6.26486147564062179071698e-01
-6.67452697171582398638634e-01	 4.27717014123842109718510e-01	 6.09561361035429349897186e-01
-7.40716092315346852359426e-01	 3.41781300490087425192343e-01	 5.78381546403744950524128e-01
-7.98523786404335078614736e-01	 2.54920984891302548902559e-01	 5.45321055900587992049111e-01
-7.96874801404182986352964e-01	 1.45243422802701943608028e-01	 5.86425527257809275916145e-01
-7.88639184231660017587728e-01	 3.47449806230955282604356e-02	 6.13873784597389837713877e-01
-7.70741049714161685635361e-01	-7.63994557727884077147351e-02	 6.32551466240600879231692e-01
-7.42181694942451120056148e-01	-1.87605390724139370339785e-01	 6.43405431328951005198746e-01
-7.01164028549664752887338e-01	-2.98776730762251141459984e-01	 6.47380467903555301134588e-01
-6.72312461016154494508612e-01	-4.66833982450575390998893e-01	 5.74510215393719381182791e-01
-6.10981607653504288357738e-01	-5.60634502707933468634849e-01	 5.58918982932739227820207e-01
-5.19686292291027807088710e-01	-6.13237790634423740598891e-01	 5.94866009906949710916990e-01
-4.21580599746579520736844e-01	-6.58170609180533716653372e-01	 6.23763775100991013644602e-01
-3.17197491061601777317946e-01	-6.96415801225786612604907e-01	 6.43731918943958203449540e-01
-2.06886720068178403542092e-01	-7.26611503386744295163169e-01	 6.55159223552173264337739e-01
-8.90865266212880757557002e-02	-7.47361659494215846422094e-01	 6.58417907329840401686738e-01
 4.50075267666777897868080e-02	-7.45030118293637522164374e-01	 6.65510665105913501449209e-01
 5.70317213468019626465555e-02	-8.11731401127132490280758e-01	 5.81239636625379252343748e-01
 1.60619990427447428826824e-01	-7.84111749926063472670990e-01	 5.99474755350859922486961e-01
 2.69363196018870654224742e-01	-7.45575473797254417718250e-01	 6.09557775360547227094798e-01
 3.71160326321348876810191e-01	-6.93349026359836861921337e-01	 6.17662642395423122643194e-01
 4.67039885186731507094038e-01	-6.30761946744290757926876e-01	 6.19687915150939017117082e-01
 4.83050390474529689477379e-01	-5.32150098409907679197772e-01	 6.95326249342515634310757e-01
 5.73304447168622166586260e-01	-4.56418009656132661611139e-01	 6.80444421917187125536941e-01
 6.55469405983076458532821e-01	-3.74839451106633581023431e-01	 6.55633467506251288448027e-01
 7.32299300212204129501004e-01	-2.90537534913936079661312e-01	 6.15894208216678840095426e-01
 7.98026562476367828935508e-01	-2.01639959350081499067642e-01	 5.67886372767871128175443e-01
 8.56465121559692121877561e-01	-1.12811155267878868158071e-01	 5.03727246432896680339297e-01
 7.95667139538539402998651e-01	-8.79737399225033328553636e-02	 5.99311625235658507193648e-01
 8.49005929255374658382038e-01	 3.91610828558320125166586e-04	 5.28383174155060530985395e-01
 8.29969876841322617977426e-01	 1.14163251254965777969907e-01	 5.46000691939941940056258e-01
 7.98320732097952845407463e-01	 2.29201124606052908383447e-01	 5.56911889962774520057565e-01
 7.83146570037108413764315e-01	 3.94778090787575364206674e-01	 4.80449486286778804089437e-01
 7.21136323064135109639494e-01	 4.80290451631139869714815e-01	 4.99282971499625027878011e-01
 6.45794596564720935205628e-01	 5.61679942568194423557770e-01	 5.17170166545209197828115e-01
 5.61225162936674015767835e-01	 6.36537325688365740461450e-01	 5.29005245240732113742865e-01
 4.68919439392462333859868e-01	 7.03958362972636142451677e-01	 5.33439014846819326010063e-01
 3.71092135348232932123835e-01	 7.62534801682175800152663e-01	 5.29935187835468779482540e-01
 2.69055845643128010991063e-01	 8.12218735189280227615427e-01	 5.17599920916519629088270e-01
 1.62927696870299038023333e-01	 8.51594341260670573134917e-01	 4.98238540786784922520525e-01
 5.10453730090202756342066e-02	 8.79611455842939427007821e-01	 4.72946145606700840691161e-01
-3.61787561661668019552529e-02	 8.44497327500579375580969e-01	 5.34336374811455683264683e-01
-1.87850682846552125004891e-01	 8.41669706462453093287479e-01	 5.06264976250078380104469e-01
-2.98080949199860611997792e-01	 7.94997651473053457138462e-01	 5.28324220414358558528534e-01
-4.00119806093080288000863e-01	 7.39369473546657385298886e-01	 5.41513547715451459829694e-01
-4.95405211536604661581862e-01	 6.74833041846563785881585e-01	 5.46968044783683882137382e-01
-5.84145808196537053014197e-01	 6.01672619147309184484129e-01	 5.44760253813392436583740e-01
-6.66332773113700760347911e-01	 5.19843893477663798741162e-01	 5.34568014277499448105857e-01
-7.43379234567989266579957e-01	 4.28383013207314089498823e-01	 5.13687947696393365504264e-01
-8.23478358272957011720905e-01	 3.22686753688595284739193e-01	 4.66644031837964601283630e-01
-8.54960674948908816439541e-01	 1.83407041664511633038970e-01	 4.85184605442895766636013e-01
-8.53627200478027092778177e-01	 6.75517250345896019814163e-02	 5.16485592295562234710360e-01
-8.40804116023093350840156e-01	-4.57760513666344848182632e-02	 5.39400585464924975376277e-01
-8.17074082234002907476622e-01	-1.57835198845030333369976e-01	 5.54506982956041283294724e-01
-7.81715893312998955089199e-01	-2.67988319982434608501620e-01	 5.63118568771135752371038e-01
-7.30149161001206969956456e-01	-3.73890916813787388406354e-01	 5.71915889806691168928410e-01
-7.50672169717845672032297e-01	-4.51326489152101828494779e-01	 4.82489060809402792173728e-01
-6.85279402821856731264916e-01	-5.48977821638060747844179e-01	 4.78555630431456935358625e-01
-5.88637403911490331154255e-01	-6.43564942492037883603473e-01	 4.89213830049356923623805e-01
-4.86854002081408110402805e-01	-6.98772534156538283056648e-01	 5.24108887699651582181559e-01
-3.82747241182034014794766e-01	-7.42871497045536788306208e-01	 5.49223532129555658265474e-01
-2.75361822983318960123000e-01	-7.77314836071319348320685e-01	 5.65647869320411333937670e-01
-1.64727735285569304446440e-01	-8.01662329005715212915106e-01	 5.74632302851849630087600e-01
-5.09746259544567800747750e-02	-8.12826205051654593347621e-01	 5.80271615616453351194082e-01
 1.07177575530264870828923e-02	-8.71820230055285305681423e-01	 4.89708705394731547144715e-01
 1.29075131202267545660334e-01	-8.56275770245104927980151e-01	 5.00131398530695991944128e-01
 2.37727177243367254755313e-01	-8.22413083258295207755850e-01	 5.16838959140548115378522e-01
 3.43574122263381465103294e-01	-7.78334345782798697754856e-01	 5.25502111019366058286550e-01
 4.42573004473419351345598e-01	-7.22468224618079135623816e-01	 5.31195632633186920479318e-01
 5.35468772501541234731803e-01	-6.56708770772574168539393e-01	 5.31043109423394499302162e-01
 5.58024873273717303412411e-01	-5.59432617191735315209655e-01	 6.12897534364315266230960e-01
 6.44712041188463591545599e-01	-4.82248117915136886857397e-01	 5.93113089312580554768317e-01
 7.22081086570640962030154e-01	-3.98932777607352184734424e-01	 5.65200445300112486179955e-01
 7.95049117504793789734663e-01	-3.13265255811969733912292e-01	 5.19385964631226770826800e-01
 8.53572323989327141902095e-01	-2.25490703760291760771040e-01	 4.69646920821533364609479e-01
 9.05851716973385734377189e-01	-1.40634858368286208563092e-01	 3.99567895942731399205883e-01
 9.04168472238914611160965e-01	-2.96883784793924472567017e-02	 4.26143137915432679285743e-01
 8.91155278560498698148251e-01	 8.06743297835546546714625e-02	 4.46468276597267732519470e-01
 8.66732318068085927365019e-01	 1.89786502759120706551599e-01	 4.61254996923377291739854e-01
 8.29033500362328812371970e-01	 2.96192279303769623322040e-01	 4.74313808525350211198202e-01
 8.45380378153323119860829e-01	 3.75394854369213715195031e-01	 3.80014104404641006595966e-01
 7.85748705915791156861872e-01	 4.76908577175464365449642e-01	 3.93899962132689185345669e-01
 7.12851918270170470393055e-01	 5.65609003739250826292562e-01	 4.14642734782162236673031e-01
 6.31049667530098501444513e-01	 6.45452367693175377283410e-01	 4.30311001659760383741826e-01
 5.41473209091588358887748e-01	 7.17109634739567014527495e-01	 4.38817200665313211782603e-01
 4.45371386264405366706143e-01	 7.80307926665068762872579e-01	 4.39048821750592233037480e-01
 3.44525922400248429955383e-01	 8.34316749706945470776986e-01	 4.30368969551356062019920e-01
 2.39660323585772244703307e-01	 8.78131644668636246464644e-01	 4.14062487953592517353485e-01
 1.28079759438277762662040e-01	 9.09742635036918101398840e-01	 3.94922667389854764596890e-01
 1.73016859298397054738039e-03	 9.24579819814384751275327e-01	 3.80984465967629082339130e-01
-8.13725184331987871910741e-02	 8.91087186192494162817468e-01	 4.46477479664296350581054e-01
-1.79404251983465684583408e-01	 8.96203664304564551201793e-01	 4.05750054167987206366064e-01
-2.82764901726691386674162e-01	 8.57740991670694952198062e-01	 4.29330177787757227836352e-01
-3.83693088684201377702720e-01	 8.10047435020338268962803e-01	 4.43399105448971819765092e-01
-4.79706999283333379580085e-01	 7.52122890056758031107620e-01	 4.51876479904907146778470e-01
-5.70189055917300513520729e-01	 6.84776788253675716688917e-01	 4.53833880160040836759805e-01
-6.54296185492808324291047e-01	 6.08386512831163295267345e-01	 4.49179644078733064649356e-01
-7.31317419105383503818985e-01	 5.22662610863578347419889e-01	 4.38176480106256760471695e-01
-8.01000998968717570214437e-01	 4.24951298727128334853376e-01	 4.21679728421041455366236e-01
-8.71158095158173106931088e-01	 3.30108573776648372977149e-01	 3.63472010971313486127343e-01
-8.90994491265229449084018e-01	 2.25959295939530013797025e-01	 3.93790824059584931848832e-01
-9.04037674922682832345799e-01	 1.02933857906218492739292e-01	 4.14874081158286278636638e-01
-8.98069454553846346911428e-01	-1.34174364143337613436424e-02	 4.39648981799599103403864e-01
-8.79770755583834218604977e-01	-1.27560135725814538520950e-01	 4.57964877903384026680556e-01
-8.49552356155841237317361e-01	-2.39769586199167300533119e-01	 4.69863107387608114340338e-01
-8.05667590544192901980125e-01	-3.48643084177864770456523e-01	 4.78902634573731389444617e-01
-8.21537859727331287729157e-01	-4.20360287973829738206177e-01	 3.85191865606212657802132e-01
-7.63811247558581762895358e-01	-5.17608350176729903324713e-01	 3.85582642153827426234614e-01
-6.93158046464634636230073e-01	-6.07685247719939813926260e-01	 3.87621674219704726027658e-01
-6.16349479044645098824162e-01	-6.83240497173425498367294e-01	 3.91530002303278279462972e-01
-5.25459854961002559292638e-01	-7.38172811534418049639328e-01	 4.23075455605421368865393e-01
-4.28258560250232622745870e-01	-7.84506584725540911939845e-01	 4.48490829443218330663257e-01
-3.25365504509593339577123e-01	-8.21940051574875374384987e-01	 4.67495283497394331639896e-01
-2.17380662010765307590177e-01	-8.50047810002530712658597e-01	 4.79754487726444189821251e-01
-1.04794408301604316524624e-01	-8.66795112230402398090234e-01	 4.87528835457145981457927e-01
-4.13838864518085505772582e-02	-9.17580456660704757432256e-01	 3.95390287559616970813892e-01
 7.97737427508552754407134e-02	-9.11367575812881858254855e-01	 4.03788672110141522164639e-01
 1.97544676140031211231118e-01	-8.88316893566799103965081e-01	 4.14571100696325134382647e-01
 3.06110182329299096437580e-01	-8.50792884104400570777216e-01	 4.27139350366644687806428e-01
 4.09678377453265796237503e-01	-8.02536967349137042582186e-01	 4.33702712794501121784663e-01
 5.06361713636714338981903e-01	-7.43192832850058437976770e-01	 4.37335372641175113006540e-01
 5.96692141378113216632073e-01	-6.74100374394525414523116e-01	 4.35370157060360085665707e-01
 6.23066445647604938429254e-01	-5.82380452830994266300024e-01	 5.22131413025903157176799e-01
 7.07097646567809268169924e-01	-5.03178657613842394979997e-01	 4.96814006183598888544140e-01
 7.79244766959307111342525e-01	-4.17746213106334751685722e-01	 4.67189142213142838411244e-01
 8.47577483644361806547352e-01	-3.35571347391073970811703e-01	 4.11101301420015774468197e-01
 9.42421042506181971809553e-01	-1.67211443755692495960474e-01	 2.89625468007732367325957e-01
 9.46706639822267104200648e-01	-5.70900072596696173121700e-02	 3.16997270000110853427344e-01
 9.39193699440405427303347e-01	 5.29477533011577863875097e-02	 3.39281196578598287505457e-01
 9.20084925883327797713207e-01	 1.62414134427623479961511e-01	 3.56462309508869312768553e-01
 9.34278692967956736481483e-01	 2.40735877664185554669629e-01	 2.63001066673389682915030e-01
 8.88508735770524138430915e-01	 2.70261962851957360243205e-01	 3.70824349112719553467343e-01
 8.95748617008353509305607e-01	 3.48529522755516851795221e-01	 2.75973888068117623184605e-01
 8.42202991554102498028556e-01	 4.53851510648323852592512e-01	 2.91054852733217239713071e-01
 7.73799129251886319558196e-01	 5.53366352086825941114512e-01	 3.08254096399612820267322e-01
 6.95044240228648413371104e-01	 6.40774227676982111034931e-01	 3.26070380853502650442266e-01
 6.07952219926128800686627e-01	 7.18406730499652312893488e-01	 3.38061929030306351773305e-01
 5.13942435714658696355173e-01	 7.86621595987011645867426e-01	 3.42183631254521725129081e-01
 4.15060068792684311311803e-01	 8.45110547086328933730215e-01	 3.36917352621170507198656e-01
 3.13104170902192835423961e-01	 8.93104738418181498538218e-01	 3.23001090367574905659609e-01
 2.06253200741106146320902e-01	 9.29213397328282009191014e-01	 3.06630199767865763149643e-01
 9.28012246719299993547025e-02	 9.51160443150411705204306e-01	 2.94417635486230067076718e-01
-2.03264750906937893826232e-02	 9.59714655530430671426245e-01	 2.80240279707422601518374e-01
-1.19853365320361157642104e-01	 9.39613980945590787641208e-01	 3.20563157011162391807346e-01
-2.42634591973482416360497e-01	 9.17040007075252572299462e-01	 3.16490252932507432070963e-01
-3.48507836373238566451960e-01	 8.75017662278806507281104e-01	 3.35985682264255014484178e-01
-4.49261735042949472695994e-01	 8.22881748000160562206418e-01	 3.47892975258769610036325e-01
-5.43884850478098758053136e-01	 7.60902496349720847135245e-01	 3.53859662110813766311423e-01
-6.31661821172258330925331e-01	 6.90002594739029362358451e-01	 3.53411605534895700841957e-01
-7.11655264482406235693190e-01	 6.10832630173570589882104e-01	 3.47030664999095350697900e-01
-7.82834201810700180956815e-01	 5.23311055172735462015510e-01	 3.36624645576348524578236e-01
-8.44868286787816780147864e-01	 4.29367183421901554840616e-01	 3.19125993583353861904328e-01
-8.96300722777229386117881e-01	 3.71491503593976368780005e-01	 2.42155068306453030713143e-01
-9.22817080774859799241483e-01	 2.59749374243378849946851e-01	 2.84497623909830299471224e-01
-9.38125525950009642173200e-01	 1.44691256949098262518660e-01	 3.14618718011989817462393e-01
-9.41643005378709374575408e-01	 2.34882945956724001335125e-02	 3.35792719454039101378839e-01
-9.29942514316226653825481e-01	-9.33674952345221048632951e-02	 3.55653526484479454161658e-01
-9.05667645309596203162528e-01	-2.07087287397733937899247e-01	 3.69974285103194633350654e-01
-8.69210840118176730761945e-01	-3.16713925691611219992438e-01	 3.79690406376118672060471e-01
-8.74352880512083707742477e-01	-3.94637266606305325833404e-01	 2.82433121545129783847017e-01
-8.20311360502569697494835e-01	-4.96086521176081818307324e-01	 2.84582914697695643635456e-01
-7.53516243502316718227974e-01	-5.91616630346733174405927e-01	 2.86710713917939286066172e-01
-6.74304634865540708510423e-01	-6.79576051197875563580908e-01	 2.88945756219315674773185e-01
-5.79154451537212011658085e-01	-7.54640736922065458180953e-01	 3.08378792141017765704447e-01
-4.81456524602008606450454e-01	-8.08945691413751943876775e-01	 3.37352165046087171251799e-01
-3.78918268673425318038284e-01	-8.52252972934182118081026e-01	 3.60674113002835639019139e-01
-2.71014118412557458714929e-01	-8.85438234825466352617696e-01	 3.77558578144142675814265e-01
-1.58085434291143744900410e-01	-9.07589601680842683606443e-01	 3.88960294099268744094644e-01
-9.44088511215814690791248e-02	-9.50532621994496396133911e-01	 2.95930233930517649909575e-01
 2.68879210592592836348569e-02	-9.51803036170720928588196e-01	 3.05529082146542341202888e-01
 1.47964649757092947535142e-01	-9.37704177588189691228138e-01	 3.14352251074996813517970e-01
 2.63650269537869963443200e-01	-9.08988623477370749625948e-01	 3.22843952647906218267337e-01
 3.70915004830979333494412e-01	-8.67525007392821789764525e-01	 3.31394660094756376977898e-01
 4.72217044124732920895582e-01	-8.14877871770095740799889e-01	 3.36132588925173114713374e-01
 5.66694115435121048562905e-01	-7.51416978265045831797408e-01	 3.37979739490747110863822e-01
 6.54649048764373353570534e-01	-6.77922119468399864139485e-01	 3.34449133482767002600866e-01
 6.81451506583830246555067e-01	-5.96181140296706546521932e-01	 4.24490155514997746788453e-01
 7.63923387111709706331908e-01	-5.13682162144335263675998e-01	 3.90578666747805836045870e-01
 8.27949022393259959073930e-01	-4.30540722111177609487953e-01	 3.59353729522918330374637e-01
 8.96178819496719625270487e-01	-2.53076532169273449301983e-01	 3.64439010467651258728949e-01
 9.22588327411896447216577e-01	-2.81183695009301237721644e-01	 2.64133503714004347351363e-01
 9.74675920839819909247126e-01	-9.51353797868125655723404e-02	 2.02376156816627489343219e-01
 9.73753119221916318970500e-01	 1.81703046682284152790743e-02	 2.26880371195597646538644e-01
 9.60301137910324453805799e-01	 1.30303862108974488620561e-01	 2.46662984753735631260341e-01
 9.86522587859462118942133e-01	 9.32991190149600191361401e-02	 1.34418964562676795937435e-01
 9.66550061510247249252359e-01	 2.06405495244039532964919e-01	 1.52242405812572201284638e-01
 9.33662344447931280555508e-01	 3.16579463226659751917680e-01	 1.67487521992274346338547e-01
 8.86802277307423225671812e-01	 4.23844830842949438221012e-01	 1.84220738056495275669633e-01
 8.25532288690065785274896e-01	 5.26552598126784343612883e-01	 2.03073390024580524571007e-01
 7.50778536215694236588547e-01	 6.22900897962058164303301e-01	 2.19831892308375853595237e-01
 6.66188053917139533233183e-01	 7.08130239965616414821170e-01	 2.33976580162060104894906e-01
 5.73705750412220161216226e-01	 7.82742623692133654422776e-01	 2.41196386787833394471647e-01
 4.75799014488255844756992e-01	 8.46564072855067406564444e-01	 2.38630610699978151778566e-01
 3.75056966055132723347754e-01	 8.99102417555809996230209e-01	 2.25714675993426067135417e-01
 2.69441763454201954619549e-01	 9.39786954558937570602950e-01	 2.10241803996082859962158e-01
 1.57829406232378843810693e-01	 9.67510047416760388117041e-01	 1.97520091828534721800636e-01
 4.24690965745237805628598e-02	 9.81830301249632997340200e-01	 1.84947655795359849895121e-01
-8.28803058388916380483380e-02	 9.77894061186258434226204e-01	 1.91974112839982530287486e-01
-1.88706157026050452829580e-01	 9.56925421107377438545427e-01	 2.20643886701916036585658e-01
-3.06494332466855645691339e-01	 9.25045714801911778124577e-01	 2.24391732673725946556331e-01
-4.12356074061835609079196e-01	 8.78887763508166774961694e-01	 2.39830705581922459801447e-01
-5.12299723893226088833330e-01	 8.21976651694012572235692e-01	 2.48803892591784481247430e-01
-6.05477289427193587911802e-01	 7.55037958334663583670476e-01	 2.51624588348836886186888e-01
-6.91099345603004233673516e-01	 6.78762502724533756115477e-01	 2.48320678563478891565097e-01
-8.10014081061753210555310e-01	 5.71057475068936781781304e-01	 1.33306221346094683211092e-01
-7.68623632777304166552312e-01	 5.92659668736496336727271e-01	 2.40774226588657658254533e-01
-8.37994823026722235326247e-01	 4.94854569285718859372736e-01	 2.29964414285032975326928e-01
-9.16842132199996440178325e-01	 3.75941427898455637901520e-01	 1.34419297024774453408469e-01
-9.45316480470939413116582e-01	 2.76130806905826642339008e-01	 1.73575716122888024095516e-01
-9.63837949087143708304382e-01	 1.69144659184585655076205e-01	 2.05928366595812040173996e-01
-9.71353213529732362196967e-01	 5.64430737748348385074415e-02	 2.30840018169101074407834e-01
-9.66337231176333744109286e-01	-6.05508367140358133573486e-02	 2.50051898244518566727379e-01
-9.47833481198474880891069e-01	-1.75960646768638789838590e-01	 2.65799816982523584574238e-01
-9.17116068538754380945477e-01	-2.87658746085551253468537e-01	 2.75953913957580010407611e-01
-9.14105662555675380076536e-01	-3.64757347356989669595606e-01	 1.77095779827589699939594e-01
-8.64259126654159604008498e-01	-4.69417008571223259849603e-01	 1.80842014086974450792766e-01
-8.01628451971933886355259e-01	-5.68682580978374985214430e-01	 1.84369051309742904010136e-01
-7.25815931485129461897543e-01	-6.61483574533433760223033e-01	 1.88760997626218618439253e-01
-6.33975077553393107088198e-01	-7.46320818134905139551449e-01	 2.02684082896549766505956e-01
-5.33665096275486527943599e-01	-8.15649935225158162488412e-01	 2.23420563477203432123375e-01
-4.31014066865348322021845e-01	-8.67425051125639057225669e-01	 2.48597374973823226351755e-01
-3.24131642699503286220164e-01	-9.06723358371729015736662e-01	 2.69798868759702048514271e-01
-2.11626667694354952953262e-01	-9.34731807363085365203403e-01	 2.85465587811075338642297e-01
-1.47270291656989016360058e-01	-9.70249219394293649365579e-01	 1.92166369222164346020065e-01
-2.63967446296893316903809e-02	-9.78630636362777139858338e-01	 2.03924715140516604749976e-01
 9.56874491547705929850309e-02	-9.72286405533078657015267e-01	 2.13314457292089892925802e-01
 2.14778675600555940539138e-01	-9.51599277449839853204594e-01	 2.19838430817302671327340e-01
 3.27157109759647068969457e-01	-9.17791525604548796835047e-01	 2.25004313430185426403440e-01
 4.31881367906977953197156e-01	-8.71957905872359995136378e-01	 2.30581643765254001854359e-01
 5.30051273244555254393617e-01	-8.15117912028943680802229e-01	 2.33727271026298893952244e-01
 6.21091431532843740725980e-01	-7.48029779763900171118962e-01	 2.33873645934838308990678e-01
 7.04761294899490797760677e-01	-6.71379231591027969550112e-01	 2.29262828648331001835103e-01
 7.37272460138242879956749e-01	-5.93687815903545024198706e-01	 3.22434639530838007548397e-01
 7.81144139508818446948624e-01	-5.82531275488443966992236e-01	 2.24657842927493939244599e-01
 8.27367066241930237957547e-01	-4.93569687504563259228263e-01	 2.68053541806239026268344e-01
 8.81693340238875911119010e-01	-3.79983654238692736271332e-01	 2.79694970083166738472613e-01
 9.60857045345185345475159e-01	-2.11755150975438594107558e-01	 1.78643484196568252952986e-01
 9.85856417101030557681440e-01	-1.40728143316665638140606e-01	 9.10094200583810297722209e-02
 9.93337326433616496501600e-01	-2.20685554746646271639943e-02	 1.13110277044027540682691e-01
 9.98404770641789895968543e-01	 5.19925769718125319052149e-02	 2.20155831070881456701382e-02
 9.84989734891819512796474e-01	 1.67857208188660872449915e-01	 4.02390334979829400463558e-02
 9.58326760666973753721720e-01	 2.80102269085277133520151e-01	 5.61474722745724796890698e-02
 9.18334708897785345627085e-01	 3.88901837423037688434846e-01	 7.35983918479555798697334e-02
 8.64771094483505420313918e-01	 4.93410263082018796243489e-01	 9.33663024390135598551410e-02
 7.97781438274979715075119e-01	 5.92078442311706698575335e-01	 1.13964445743608283612147e-01
 7.16951687361242706586495e-01	 6.85073308538972636227982e-01	 1.29053631941656699044785e-01
 6.26393417486238779368080e-01	 7.67082238999317156391555e-01	 1.38622238986769868995808e-01
 5.29619725116100781292516e-01	 8.36886711327959997852588e-01	 1.38288029744506352214373e-01
 4.30292937626956251140342e-01	 8.93884081019063359008214e-01	 1.25774550402968865459030e-01
 3.25829341340861833309361e-01	 9.38895626159752860750984e-01	 1.10951536715206494632113e-01
 2.15552521465261881505882e-01	 9.71553578226904579473455e-01	 9.80854480770004810707974e-02
 1.00708783145610034082118e-01	 9.91094471677952504329312e-01	 8.71176744795827545653211e-02
-2.20315565024387059744893e-02	 9.95810262129102619077514e-01	 8.87498301770099640162215e-02
-1.43057188709064336817889e-01	 9.84758674087850227607532e-01	 9.89191314529130477639640e-02
-2.52765828703712946978754e-01	 9.59832200540866486981884e-01	 1.21784985300337780800284e-01
-3.66865909562470060567563e-01	 9.21308899520406177074960e-01	 1.28838333058915038842329e-01
-4.71708883251542476777729e-01	 8.70474788119981912615231e-01	 1.40585819729641459119307e-01
-5.69342607020115742955113e-01	 8.09021439146269116804433e-01	 1.46059257951140802900269e-01
-6.58595822394758778628443e-01	 7.38345895963416487539632e-01	 1.45247652780178454490212e-01
-7.38909401451531056004285e-01	 6.59048808894317161843901e-01	 1.40241092200260902833620e-01
-7.82740136885565873647863e-01	 6.21653001396730076066888e-01	 2.94180890406391323810276e-02
-8.70992670090312559594281e-01	 4.73740799834616976848878e-01	 1.30159222573760141594690e-01
-9.06117394489241778643418e-01	 4.22215354695307965027240e-01	 2.61813227997223126053417e-02
-9.50088185715958655208624e-01	 3.08596682167022684506463e-01	 4.58315079226484303753786e-02
-9.74855924219228398008852e-01	 2.05346154324651558598092e-01	 8.65383378552556925544792e-02
-9.88599771515499492480217e-01	 9.34019752608146736072570e-02	 1.18095566287986841746971e-01
-9.89640517738404335013058e-01	-2.31326103855829488809004e-02	 1.41691665200222416398645e-01
-9.77137375144914721580847e-01	-1.41051617435362874886096e-01	 1.59081712694370935867738e-01
-9.51969639754911223228362e-01	-2.55000940861163039041770e-01	 1.69494321866032943146863e-01
-9.41671325708645423624432e-01	-3.29180984180055868915105e-01	 6.99642336652958607423614e-02
-8.96671837810967264914552e-01	-4.36307660973743016707971e-01	 7.49349067679664221364177e-02
-8.38858036503441706344120e-01	-5.38467398267429286917718e-01	 7.98126280528107939771232e-02
-7.67824312707442335756980e-01	-6.34818269609106589079772e-01	 8.63225890821356645066231e-02
-6.82105616924501334530362e-01	-7.24483208954731616735501e-01	 9.92774259471914527486192e-02
-5.84806769704037665569274e-01	-8.02837944466086694816909e-01	 1.15983951621754191596558e-01
-4.80406532856058721137060e-01	-8.66451137404177673673189e-01	 1.35911698099272060247245e-01
-3.73354402402219398560135e-01	-9.14235300557530772280757e-01	 1.57417614711198305954554e-01
-2.63307355514674934493513e-01	-9.48273360169603063418720e-01	 1.77332656114204623154507e-01
-1.97908103621460829124601e-01	-9.76632316432091029945184e-01	 8.37955907040767722371299e-02
-7.92696510056019043588549e-02	-9.91894137637330364221100e-01	 9.93093255950660697140009e-02
 4.31335260295694494780960e-02	-9.92929227068906405939686e-01	 1.10594072918039895703224e-01
 1.64128699925923077218570e-01	-9.79471128728048534561879e-01	 1.17038787796307816591046e-01
 2.79673004840850336627511e-01	-9.52623178515893509477053e-01	 1.19549529976348378745854e-01
 3.89035205477146595054450e-01	-9.13001245425501428698567e-01	 1.22802014441284731982584e-01
 4.91633801079523757859846e-01	-8.61549932256943762354240e-01	 1.26601421256458068764772e-01
 5.87765558722925463008835e-01	-7.98747353447798125181123e-01	 1.28585820910649517578861e-01
 6.77096892935457494999696e-01	-7.24815886842670620282547e-01	 1.27207420214477617825821e-01
 7.28555506748079007017793e-01	-6.84528518052214596245619e-01	 2.50515779999732624006015e-02
 7.59410515125574892003613e-01	-6.38400729671085742644721e-01	 1.25459865583119750676033e-01
 8.33353107498072231962283e-01	-5.34544565651502434633358e-01	 1.40658115854554038870461e-01
 8.81669680381121145806844e-01	-4.38367873569048827064876e-01	 1.74620108003637586335799e-01
 9.27719652884298251471762e-01	-3.34219407293640191625173e-01	 1.66233671199684823749365e-01
 9.61757056559951251095697e-01	-2.63105146628221764348865e-01	 7.61514673192898033926568e-02
 9.81569942629690217472671e-01	-1.90561311515843573305418e-01	-1.43817342246404123590198e-02
 9.97709953030254226291618e-01	-6.75916247120288138372501e-02	 2.49437229704799461743603e-03
 9.96146394278651037268446e-01	 6.60721548044460212090190e-03	-8.74568800566159210152506e-02
 9.89537771445305414097504e-01	 1.25553050566833551693335e-01	-7.10734153985918548634970e-02
 9.69244344237120358798165e-01	 2.39606768065682679269557e-01	-5.61604652889619859745807e-02
 9.36029793659340469957897e-01	 3.49711754227189752786131e-01	-3.93689514388477906914332e-02
 8.90060859627631151269611e-01	 4.55422578817121559424663e-01	-1.95433073578887006593874e-02
 8.31247435362958642102171e-01	 5.55899076412311954342726e-01	 1.97940557802800702266732e-03
 7.59672522313979747821122e-01	 6.49864443884762943426381e-01	 2.39554464676346619278480e-02
 6.72727736351110605639292e-01	 7.39006812628742126847214e-01	 3.61430993720521856471528e-02
 5.77662085496281174634703e-01	 8.15410478251223924672786e-01	 3.75801402099262965572635e-02
 4.80459983041698290850974e-01	 8.76670964195290114417958e-01	 2.46216415470443782120835e-02
 3.77731046661863856250818e-01	 9.25857744652613723346235e-01	 1.03292330067715001917783e-02
 2.69191486057345163995791e-01	 9.63083088347179039345747e-01	-2.62845465965220233955923e-03
 1.55863625540119232759650e-01	 9.87691413166182141658567e-01	-1.31225984957066121178171e-02
 3.64646985743043577921085e-02	 9.99238808693951985340220e-01	-1.38610590423992145747700e-02
-8.42833906969438634293468e-02	 9.96404277575491992280377e-01	-8.65018392221723539381451e-03
-2.02436434325558078928253e-01	 9.79286985322265102205108e-01	 4.06084178265222941334178e-03
-3.13306459491832167696401e-01	 9.49366938464367926542309e-01	 2.32696925524584034838949e-02
-4.24940344303508188428253e-01	 9.04678061658199417216508e-01	 3.13577508373784202833079e-02
-5.28107030259629017798773e-01	 8.48289216220250663624824e-01	 3.88377424007640623115911e-02
-6.22196163394774126587095e-01	 7.81881492565431046593005e-01	 3.91569385994034666054198e-02
-7.06885843081782705432659e-01	 7.06471010700677859439622e-01	 3.48010903582090733165977e-02
-7.46764222333100358142133e-01	 6.60777097090120113520584e-01	-7.56096832713495092814782e-02
-8.18324363468060700377293e-01	 5.69484281884038878729370e-01	-7.76716733540227660670396e-02
-8.49705725721494831148561e-01	 5.26643426560761906962682e-01	 2.54338541406418164325665e-02
-8.80909085507037614704018e-01	 4.66956765377965710150931e-01	-7.71398881182887991014852e-02
-9.32879355945838706354323e-01	 3.54695437432229310203979e-01	-6.26678060477392079308245e-02
-9.70378904243980655586199e-01	 2.37816895384049903361401e-01	-4.25194833945994055124373e-02
-9.90916310037983527614358e-01	 1.34479827734302254116372e-01	 2.05993348271476942653452e-04
-9.99370456307057009048833e-01	 1.85357253345484751516636e-02	 3.02509164645831003792598e-02
-9.93507554554736493912515e-01	-1.01428822514237917951085e-01	 5.15260420180184072758145e-02
-9.74210839517314131086323e-01	-2.17119213145740397319372e-01	 6.14205783914873182371963e-02
-9.56950074853271326347226e-01	-2.87749233931809178521632e-01	-3.80385674017201455554549e-02
-9.17367473142049250078855e-01	-3.96711297982399901940198e-01	-3.25125402589723846991099e-02
-8.65068904294914675645600e-01	-5.00953673752731698520790e-01	-2.64803243114151744264095e-02
-7.99623590146121276944768e-01	-6.00216539001334536962418e-01	-1.84991997418114846596371e-02
-7.20656180711887417444927e-01	-6.93271850419505231144512e-01	-5.36755229791229318547785e-03
-6.29315532355395612640336e-01	-7.77079381726394236018507e-01	 1.04687741388349297988469e-02
-5.28005547287761389796401e-01	-8.48777167695819234616295e-01	 2.80617467669969158916565e-02
-4.19781593941066233366399e-01	-9.06438121078693925802838e-01	 4.64041597663903127024554e-02
-3.08966948389379991724013e-01	-9.48913896230099362938404e-01	 6.40456270510835201648092e-02
-2.38923392606589624076463e-01	-9.70496008773826357440839e-01	-3.24516474070378410643478e-02
-1.30310502941351741279519e-01	-9.91426566852698476495220e-01	-9.61953022988956511774017e-03
-9.71130872653032557739738e-03	-9.99932861018560048549375e-01	 6.32170373040503302819459e-03
 1.12254681004879147687703e-01	-9.93580762865502564729070e-01	 1.40055080628614225107809e-02
 2.28983158066669384433922e-01	-9.73320054029271908291321e-01	 1.46555704859894463110148e-02
 3.40858507999297177804010e-01	-9.39981626102877054762530e-01	 1.58120243322673291463953e-02
 4.47188643157811760442399e-01	-8.94247730893208525593252e-01	 1.85287134745832395010812e-02
 5.47247107583663350283132e-01	-8.36687106569790395305120e-01	 2.18011224753782706375915e-02
 6.40976008490087401092694e-01	-7.67192479643342140072093e-01	 2.37793128331191504221120e-02
 6.88013962961820491059939e-01	-7.21654607208532916651222e-01	-7.64945400944999909231825e-02
 7.73565226682856321716031e-01	-6.30129712907530170618031e-01	-6.73304164414182809705878e-02
 8.08796298047284922816402e-01	-5.87017860630082322082046e-01	 3.54764649632516998467580e-02
 8.74243395694266012263540e-01	-4.82700629441390471896511e-01	 5.19479299091386778619572e-02
 9.22241428168223187356034e-01	-3.80969742008509526520754e-01	 6.58240369789460794125446e-02
 9.50363674133019142864498e-01	-3.09947226893293570348931e-01	-2.72323966911837585247458e-02
 9.64035834717844597463454e-01	-2.37179936845560601632599e-01	-1.19919084960671773476548e-01
 9.87855626715795298586897e-01	-1.15957784505284808296288e-01	-1.03416889232703243517442e-01
 9.80364798613180821185153e-01	-4.08114710924789500512411e-02	-1.92923003987096552958036e-01
 9.80516310214753494811646e-01	 8.02179610936908926710487e-02	-1.79312141587836676448475e-01
 9.66239085242588724433688e-01	 1.95763251185423536870900e-01	-1.67507550978688968257302e-01
 9.39438433108507608970683e-01	 3.06863698239405569001548e-01	-1.52610946859873364278570e-01
 9.00526638925389977252678e-01	 4.13589067317969738546424e-01	-1.34148633913254461402786e-01
 8.49681313370715840527225e-01	 5.15153692334739177205449e-01	-1.12509283983592597855328e-01
 7.86541603726809146479582e-01	 6.10952321802213704771134e-01	-8.99420151616784485648637e-02
 7.11638250245211323452565e-01	 6.99378248436011706878901e-01	-6.66413265362447021500358e-02
 6.20221384097346728481170e-01	 7.81957663135706582124840e-01	-6.21904154328972030851830e-02
 5.26218246624658547716535e-01	 8.46879390758177863496314e-01	-7.67440839956256976028826e-02
 4.25943815629347133366878e-01	 9.00200990010002644048370e-01	-9.06092904294256568098476e-02
 3.19595304006106528671438e-01	 9.41873589678816625081481e-01	-1.03600109665890824373058e-01
 2.08410201355174740101006e-01	 9.71331552867467862277806e-01	-1.14368712396220401084079e-01
 9.21195551564855524828701e-02	 9.88812277004471384955764e-01	-1.17321218894980039415543e-01
-2.62714443724347684883114e-02	 9.93125875052646045482163e-01	-1.14064926736933344719738e-01
-1.44941475532564367778576e-01	 9.83722279465812587950779e-01	-1.06218856861805766023110e-01
-2.60149697881431385404483e-01	 9.61220681052030512248052e-01	-9.15256084933092489697160e-02
-3.70704485788665605294767e-01	 9.25769318411204578112006e-01	-7.43596214663241605880017e-02
-4.79667678403329078573591e-01	 8.74838790031340129971227e-01	-6.76462101795925058178582e-02
-5.78415701803637327671481e-01	 8.12999017780356991735857e-01	-6.68421498396107455208792e-02
-6.66880600706777459940611e-01	 7.41740422587482406413528e-01	-7.13541162142080076513651e-02
-7.00881450857497534379092e-01	 6.89947452641831215913726e-01	-1.80935636171919711490119e-01
-7.76303353380874305855741e-01	 6.03553550425542373325527e-01	-1.81868675967940984783411e-01
-8.43634895012484231635597e-01	 5.06489989692367137408269e-01	-1.78179836846655448301391e-01
-9.02334847039182430528115e-01	 3.96471543415618854488969e-01	-1.69121669458447004830148e-01
-9.47277201034467219997737e-01	 2.83487712404944525168560e-01	-1.49333925535081762925316e-01
-9.77861703977047747038398e-01	 1.62799694367910197101423e-01	-1.31463863509405309848432e-01
-9.94440458468230037425428e-01	 6.27309447951301668577884e-02	-8.45754286220717216293608e-02
-9.96725202539323396067061e-01	-5.80676758261723241494323e-02	-5.62762440741334177274346e-02
-9.83608980388650411263995e-01	-1.73943710501892973008253e-01	-4.75074654726322584408216e-02
-9.60008832567151304537845e-01	-2.39062074850201117248716e-01	-1.45713299878124785680100e-01
-9.26219952352025810426994e-01	-3.49870407654939208352829e-01	-1.40382683092957816217705e-01
-8.79880161790902337592968e-01	-4.55893748143718913201639e-01	-1.34058909775841478273506e-01
-8.20901276202406160464875e-01	-5.57286137940086856445987e-01	-1.24712690569498463322162e-01
-7.48639547096203505915923e-01	-6.53498752889244416408587e-01	-1.11705901794818540651022e-01
-6.64422504920141654416454e-01	-7.41228598639319335994458e-01	-9.55138707980953544085523e-02
-5.68772797811708086257454e-01	-8.18735703301735506798309e-01	-7.85452265160300477919719e-02
-4.64219613753367843500541e-01	-8.83640219675914218022683e-01	-6.06639297917295206019617e-02
-3.52458750020803124325397e-01	-9.34755354089314094423457e-01	-4.47801020000433078194213e-02
-2.79651329628489986323103e-01	-9.50115170532880637388473e-01	-1.38116966952988862171736e-01
-1.64155885779699417525990e-01	-9.77292680895375909244649e-01	-1.33984555200259231044768e-01
-6.31306354249549228629945e-02	-9.92881493122206415513631e-01	-1.00999324187142122677407e-01
 5.88063000469372793022060e-02	-9.94286794051896682944403e-01	-8.90819299790413382522658e-02
 1.75296201332523493565674e-01	-9.80382354143840673010857e-01	-9.01203721794817530499344e-02
 2.87923081516968548676516e-01	-9.53361801046914369983654e-01	-9.05625498446061133472895e-02
 3.96380491951334457123579e-01	-9.13759086689815536175274e-01	-8.90327866137664986068145e-02
 4.99576096384173440334564e-01	-8.62001960313747872532986e-01	-8.58856468614339341183239e-02
 5.96734698143611352882942e-01	-7.98260785083223067815084e-01	-8.17766411010480975818382e-02
 6.39315487302976603878335e-01	-7.47326934097059747408309e-01	-1.81047400610024222800121e-01
 7.27815976270511977297417e-01	-6.64567163139389571746563e-01	-1.69216991943084038574341e-01
 8.07759112350544650205109e-01	-5.67798176875038085320568e-01	-1.58525855153167416489168e-01
 8.46958388152975527596311e-01	-5.28737025526090698157589e-01	-5.56654881873504536748953e-02
 9.05460231159984085813619e-01	-4.22191562269926989880986e-01	-4.35437083375623049108505e-02
 9.26691424184401646435560e-01	-3.51221506338268207869646e-01	-1.33740262556058503440326e-01
 9.64500181087401875501541e-01	-1.62497677129107453986023e-01	-2.08167974506198644180088e-01
 9.51168483847195322944401e-01	-8.72290332106619298313532e-02	-2.96090545443384256518726e-01
 9.58429123468930721507775e-01	 3.38380522329010946513961e-02	-2.83317139452699984225603e-01
 9.49451017370283811835918e-01	 1.49841257075987638325287e-01	-2.75844817410842213512012e-01
 9.28337913685679083641844e-01	 2.61635653183632688190130e-01	-2.64074805683720603699527e-01
 8.95705076498798158368686e-01	 3.69231758835709966692917e-01	-2.47750528155582683265123e-01
 8.51680813171061701360998e-01	 4.72044488980749077366994e-01	-2.27626432777879111890584e-01
 7.96441394792422929782560e-01	 5.69056953262953135741498e-01	-2.04585651022218706351907e-01
 7.29266722811778622670431e-01	 6.59406835801644719552428e-01	-1.82627138994815141348482e-01
 6.55935525266812979872100e-01	 7.37143712699728670401100e-01	-1.62381444507093158913236e-01
 5.69027926358052216215810e-01	 8.02828650967077006583850e-01	-1.77970155394207352195224e-01
 4.72573089178939420573755e-01	 8.60437835126702577071001e-01	-1.90581760056799998093169e-01
 3.68481963472433171613574e-01	 9.07129232105694183196931e-01	-2.03316499219404395182309e-01
 2.59425973117721031524496e-01	 9.41538059012077765963511e-01	-2.14951733893199242730887e-01
 1.45825279556647230405630e-01	 9.64497717481923477755856e-01	-2.20179792020942122210414e-01
 2.96436934494011539165115e-02	 9.75231806518550237150578e-01	-2.19189814985192077401166e-01
-8.73941923695331218668869e-02	 9.73166066968889076349569e-01	-2.12861601141165479589290e-01
-2.03925459974033274068717e-01	 9.57661583105381741809481e-01	-2.03220813448015263924518e-01
-3.15812449573306952554930e-01	 9.30285984770623186612681e-01	-1.86629266820237504909130e-01
-4.24055979983487263407227e-01	 8.89245685300157906461038e-01	-1.71518620025048335042683e-01
-5.26413766208827405002069e-01	 8.32761312975730638719085e-01	-1.71455948735456303877456e-01
-6.17643781917679657311737e-01	 7.66261109610090862531706e-01	-1.77087748185858678828808e-01
-6.43499354961308278610943e-01	 7.10303018615144665659500e-01	-2.85268648664016244431707e-01
-7.22934861365413738987229e-01	 6.28998957722247009627381e-01	-2.85876717147264702845177e-01
-7.94829466486000280056601e-01	 5.37619546853295382504712e-01	-2.81445095972265191264228e-01
-8.58751365016113821226895e-01	 4.35893651447260221942770e-01	-2.69337739113805041402117e-01
-9.11226951521850847548478e-01	 3.21084021353190640635233e-01	-2.58012585064873400941821e-01
-9.49656401797780214124600e-01	 2.08932379488036307213505e-01	-2.33452306319642810539250e-01
-9.71880580838769714269176e-01	 8.19938977171266875076938e-02	-2.20737711607348924269800e-01
-9.86236234860091820486616e-01	-1.20614321233870839394919e-02	-1.64901822015776550189869e-01
-9.79795895665444893651852e-01	-1.23158332368337508633260e-01	-1.57581813688632527137301e-01
-9.52364586499622745030535e-01	-1.75803849207431500678567e-01	-2.49188083553875644460263e-01
-9.24112464869807914702449e-01	-2.92418119316685765074482e-01	-2.45983324165563316254790e-01
-8.83469691524253808445621e-01	-4.01713979932774911674187e-01	-2.41054314387048773671296e-01
-8.30963244424903546558880e-01	-5.05686079401642452069154e-01	-2.31908765496765562064141e-01
-7.66271151432764030531075e-01	-6.04361783546962683111303e-01	-2.18117759638779801223407e-01
-6.88616621772230486087096e-01	-6.96237944530270436160890e-01	-2.02632358756603792038220e-01
-6.00381538161071426351612e-01	-7.78067442067928993765236e-01	-1.84805476729495876675458e-01
-5.01085958342608939197760e-01	-8.49025043167625947937438e-01	-1.67539065373064399722125e-01
-3.94376591703017476131521e-01	-9.06628102694010729045715e-01	-1.49975289038461273571912e-01
-3.21066628777032347930032e-01	-9.15935048742691160228446e-01	-2.40788717282341635517184e-01
-2.04212684380420672614065e-01	-9.50441369729954521616833e-01	-2.34432041845800076540485e-01
-9.25111031159421282055177e-02	-9.64423492465986242905274e-01	-2.47646972482971378104466e-01
-3.63730501204220053532157e-03	-9.81758436390896549461615e-01	-1.90097718522741598867754e-01
 1.14325981851240432440875e-01	-9.74402595558352291327253e-01	-1.93569500807580535672869e-01
 2.28029724878198059023759e-01	-9.53772923954765095011510e-01	-1.95754065354340173188419e-01
 3.38391249471866994991132e-01	-9.20509981351980033359439e-01	-1.95327254914018783038543e-01
 4.44365558091333157086922e-01	-8.74858274922717171762088e-01	-1.92775126978108696240710e-01
 5.44858468551652430633681e-01	-8.17109134940943060421148e-01	-1.88313331561022312410358e-01
 5.82894399616355918247734e-01	-7.60385008504756099156907e-01	-2.86441543315752222831350e-01
 6.73971969011704641339122e-01	-6.85895697411321836334253e-01	-2.74424629468862590897515e-01
 7.57344345652912420696623e-01	-5.99487654779746192978962e-01	-2.58928742850695947641526e-01
 8.31239398380012595168864e-01	-4.97220696938416473198430e-01	-2.48621481607906036348510e-01
 8.74218439755144238745288e-01	-4.62312927469567591653998e-01	-1.48353890028537410694653e-01
 8.90641453652135206553453e-01	-3.87006906469090417033385e-01	-2.38712076321321575722578e-01
 9.32612314926858254615638e-01	-2.79897484515980565777937e-01	-2.27797428010925701036271e-01
 9.27152919088621074727996e-01	-2.06196337035725735242764e-01	-3.12842668474903773390139e-01
 9.07740431349722709519767e-01	-1.32024837422719698576401e-01	-3.98216965480532980592443e-01
 9.23514442947966807118121e-01	-1.19059416374133388710765e-02	-3.83378823385216394026287e-01
 9.19224877133328788225697e-01	 1.03154089372784973921426e-01	-3.79980077247331848866452e-01
 9.03101219897574525319328e-01	 2.15229462443780633629231e-01	-3.71597181253671637879421e-01
 8.75785166417903271351975e-01	 3.24265055733783613689525e-01	-3.57564701714713273350554e-01
 8.37125869944959410950958e-01	 4.29787751074297674769298e-01	-3.38382574751408093938210e-01
 7.86434633865228827076521e-01	 5.31441857026510255934681e-01	-3.14785830776224073712655e-01
 7.22261680257445082276035e-01	 6.29322612292583016824210e-01	-2.86864279562534019163422e-01
 6.33154359923645659868896e-01	 7.26105273457123279179370e-01	-2.68116930400590314231835e-01
 5.29932454323020607489525e-01	 7.99423298622111921929445e-01	-2.83008804589753637515059e-01
 4.22545690282634778256465e-01	 8.56256196060211083320723e-01	-2.97120289330885745116007e-01
 3.12741658811141021168112e-01	 8.97355322091286544683442e-01	-3.11361655889897892546259e-01
 1.99718527213650604013040e-01	 9.26146272376887957911151e-01	-3.19946233061128293417852e-01
 8.44217070782994627453633e-02	 9.43077238922974903090335e-01	-3.21680426509609151963787e-01
-3.21382096090216048955845e-02	 9.47632805091990992885087e-01	-3.17740778303023441164754e-01
-1.48451412419110112539400e-01	 9.39485966317189169494384e-01	-3.08752809288965979206409e-01
-2.63714042964383832412523e-01	 9.17256870297817994419631e-01	-2.98487415873485817385813e-01
-3.69560713517873729028196e-01	 8.85405784191215405876108e-01	-2.81924593366557729723354e-01
-4.66285123896033715240605e-01	 8.40889203324025502617189e-01	-2.74742663171095746754702e-01
-5.57416067497040534917119e-01	 7.80947678953268886736794e-01	-2.81794340669994869408299e-01
-5.64640615056339001398555e-01	 7.30980025875568650839398e-01	-3.83209052084828083462043e-01
-6.54015111841573792972326e-01	 6.50951842807238056920482e-01	-3.85390622393325388284069e-01
-7.33038383363354140165313e-01	 5.62234594058835912555594e-01	-3.82814563149753372961470e-01
-8.02668517427476357894989e-01	 4.65741533216075198620132e-01	-3.72569557758436420424886e-01
-8.62284092930208356797550e-01	 3.61355055812715042495853e-01	-3.54807929333769866975246e-01
-9.07612379639693322985750e-01	 2.40116222887460956103567e-01	-3.44360229746456580901537e-01
-9.40199573489886031296692e-01	 1.31815674818973077586648e-01	-3.14085004228879471899205e-01
-9.62945917618876046084608e-01	-4.06557650655134175665673e-02	-2.66612581301180817661134e-01
-9.32948244701741313811283e-01	-1.15784577505830460486536e-01	-3.40883417490109641434515e-01
-9.08636981165257706649641e-01	-2.32495600960315434990733e-01	-3.46878410964114203274278e-01
-8.73883071757668883350334e-01	-3.42234544820299690925935e-01	-3.45259168201256239072450e-01
-8.28065211625994890276559e-01	-4.47229425149948789375287e-01	-3.38073729495272701228714e-01
-7.71129866475092407007708e-01	-5.47342609026741366839985e-01	-3.25230375847499753039216e-01
-7.02445593352754582561204e-01	-6.41531883807205827174869e-01	-3.08232104814009144622133e-01
-6.20139735946170111979825e-01	-7.28150063552695958613015e-01	-2.91931829112242136048394e-01
-5.29006758080978967129226e-01	-8.03498863524851447692754e-01	-2.73022757694161954944434e-01
-4.27093156023476527849425e-01	-8.66877516343005360965890e-01	-2.57127998741656038639292e-01
-3.48703058378638186542986e-01	-8.68955261935389855487699e-01	-3.51173646266604300159031e-01
-2.48879132460999630271914e-01	-9.09175360770707596813622e-01	-3.33855269230416806802708e-01
-1.43144840596880262850732e-01	-9.27346854981436652387572e-01	-3.45741760807878384387237e-01
-3.64821020287031741458073e-02	-9.29806228052669880845826e-01	-3.66236855745067924061686e-01
 3.72036492897344708841167e-02	-9.56565954595774869950731e-01	-2.89132258642650186164502e-01
 1.56929213475474810257637e-01	-9.42028382006021125505413e-01	-2.96573345823738676596548e-01
 2.71351371548493702778870e-01	-9.15070917425034102699044e-01	-2.98351553107500833128540e-01
 3.80943549880074616709180e-01	-8.75586444829633103736910e-01	-2.97036006967793475563866e-01
 4.85060285337294117002926e-01	-8.23855725104142844195110e-01	-2.93220503719691993893548e-01
 5.19924094574638284704804e-01	-7.60363336138901946270607e-01	-3.89264091506603793213515e-01
 6.13311618687036319563788e-01	-6.92536099892339995776069e-01	-3.79792849760753392640567e-01
 6.99083942368096344921469e-01	-6.15392282259027534330187e-01	-3.64107100259121185814593e-01
 7.15232228715369622307207e-01	-5.35025770689806279278855e-01	-4.49655739098951068299925e-01
 7.76805329538809319345205e-01	-5.26583517720937033246287e-01	-3.45374114352458849719341e-01
 7.87466228774395538003716e-01	-4.44697861010393935554674e-01	-4.26779510933469496958281e-01
 8.86709280318450643321171e-01	-3.12436838839779740251146e-01	-3.40778335480618477237869e-01
 8.75257622343641683571036e-01	-2.31046708386858395956054e-01	-4.24901768733613349748879e-01
 8.76009183346422526383890e-01	-6.69916861476722441670617e-02	-4.77619120931967622301073e-01
 8.76399291772639865705230e-01	 4.81804680270587898371915e-02	-4.79168993029712608766602e-01
 8.65528896186074980789726e-01	 1.60172942344530194747065e-01	-4.74557012810484679654621e-01
 8.43996726456744728039894e-01	 2.69700323508136607930652e-01	-4.63606795927222314901428e-01
 8.11830410889698983467611e-01	 3.75985408923263431102413e-01	-4.46728503938878640511234e-01
 7.68925726124683461826237e-01	 4.78145690437956960572308e-01	-4.24417160844419660836735e-01
 7.14844636181728110280176e-01	 5.75271122312994709346867e-01	-3.97567958913894736738825e-01
 6.50765224236799610935122e-01	 6.65903460661634194472924e-01	-3.64797483547909695555944e-01
 5.68140058914707091197727e-01	 7.35032022327709588793709e-01	-3.70060535060455997324880e-01
 4.66167409335498439393319e-01	 7.96330536405668754085241e-01	-3.85416168915225565427818e-01
 3.59843566227567357440620e-01	 8.41586532859231017944524e-01	-4.02796121573439136476225e-01
 2.49500947043110710144020e-01	 8.75091263163520038936838e-01	-4.14686096414463523096572e-01
 1.35813459732899044496435e-01	 8.97498263409975960414044e-01	-4.19584998935206843206913e-01
 1.96962762745386196772124e-02	 9.08416832874507140793696e-01	-4.17601382242883345519147e-01
-9.84358350503112683460571e-02	 9.06709027165016445692913e-01	-4.10108676371785219050281e-01
-2.17947486618728120122412e-01	 8.91874077634693285254741e-01	-3.96307358901956896524155e-01
-3.45251977650964880783846e-01	 8.56857229005231535445830e-01	-3.82879564653918424976808e-01
-4.63757171460066008883416e-01	 8.01900139054359417656315e-01	-3.76676854749476486272641e-01
-4.92390583696829586823895e-01	 7.30793474816593624510119e-01	-4.72749838976370517773518e-01
-5.83039733315911745670235e-01	 6.56823770842821286208846e-01	-4.78170684411672708424845e-01
-6.64885121880143481476466e-01	 5.73484545950168400629821e-01	-4.78584632284360100840104e-01
-7.37832157144866274123274e-01	 4.82339183204059607223968e-01	-4.72178589337756748900432e-01
-8.01842499159984400947110e-01	 3.84832382414688700666971e-01	-4.57113381980778443747226e-01
-8.56686924716804854007535e-01	 2.79972134101426406438407e-01	-4.33247177885738354863321e-01
-8.98315768177456064336184e-01	 1.38577235608796922594621e-01	-4.16923410730041743565977e-01
-9.36218654419194051818920e-01	 3.08520358405450084715582e-02	-3.50061113238828047755646e-01
-9.05409870642115865990718e-01	-4.56479288436087982105960e-02	-4.22077282895106598026302e-01
-8.82991244361510996263576e-01	-1.62066179420264272481589e-01	-4.40523570162856425991293e-01
-8.52704922944698351372494e-01	-2.73205956593409848842668e-01	-4.45255903574288569579664e-01
-8.13049067437901173960313e-01	-3.79706103339677025765297e-01	-4.41332628552385586306883e-01
-7.63127318618587291432220e-01	-4.81578075361921320585168e-01	-4.30951566778347727737497e-01
-7.02732089802554860114014e-01	-5.77995210894181044025686e-01	-4.14836288365814487288930e-01
-6.30698193251511884938054e-01	-6.67918797299178579329748e-01	-3.95100328073386464211580e-01
-5.42918689667692855316261e-01	-7.49211141351603271409942e-01	-3.79370481303097362157928e-01
-4.50496225498633551254102e-01	-8.16530863339336998585338e-01	-3.61013157690687869205703e-01
-3.56431741140982305537932e-01	-8.19129111274369381412441e-01	-4.49426204142648666461923e-01
-2.81387091289289237305837e-01	-8.04616338931437247161682e-01	-5.22889904263147964336156e-01
-2.36001919976009610913081e-01	-8.68721327413117916371732e-01	-4.35461076406638170066543e-01
-1.18037478734801082325134e-01	-8.85265867359232072608677e-01	-4.49857197011049536605753e-01
 1.65026008482239147992510e-03	-8.83870032229651880761878e-01	-4.67729668471015935793389e-01
 8.31911258846454310100782e-02	-9.17460611056447272737557e-01	-3.89031186068643786146737e-01
 2.00038195102725524510134e-01	-8.96365056297504292359690e-01	-3.95619016667318301738732e-01
 3.12257620032277194432879e-01	-8.63152662197284925582608e-01	-3.96815650489642124387757e-01
 4.19250112445956502060795e-01	-8.17677391093436178870490e-01	-3.94503520020651421429392e-01
 4.52479841854289410729706e-01	-7.46816061280624166052178e-01	-4.87368200982391142073169e-01
 5.47837166088554927689813e-01	-6.84429376250503707090900e-01	-4.81072622768545898885861e-01
 6.35496255561380229970325e-01	-6.13445947236456734508181e-01	-4.68858804957986652350854e-01
 6.56769962372905635739073e-01	-5.16485097730154052442231e-01	-5.49450962641221729576557e-01
 7.35461297604933950111672e-01	-4.33953212903683660517373e-01	-5.20366494632232501338365e-01
 8.26973664292594889957400e-01	-3.44545248133917014765615e-01	-4.44300720857862485591028e-01
 8.44260304984691622998128e-01	-4.17546976853982454436220e-01	-3.35974790047192606312620e-01
 8.33338021249162674841671e-01	-1.49257200716322813160986e-01	-5.32231181325237501233971e-01
 8.22889313944242251075423e-01	-2.50337174487004349154873e-02	-5.67649971361818383996933e-01
 8.16745996274671814951773e-01	 9.25988933218000048741558e-02	-5.69518588392751046178830e-01
 8.00544625109743890334357e-01	 2.06471088339789610177633e-01	-5.62581543322994592770669e-01
 7.73709626239523440283108e-01	 3.17120635484224810962672e-01	-5.48459585397482407564951e-01
 7.36024173430574912835311e-01	 4.24208320572588670760439e-01	-5.27556363702327946185733e-01
 6.86921062036851548526784e-01	 5.27652225638253313810822e-01	-4.99722506306412073140422e-01
 6.24355668270050512269620e-01	 6.28648249725155539024968e-01	-4.63660843307429904047723e-01
 5.16536836829951107041836e-01	 7.20060337061342981002099e-01	-4.63360342701890914884899e-01
 4.09045615592797562332095e-01	 7.71913752152398102701625e-01	-4.86652692998112812450273e-01
 2.99795379426324060112563e-01	 8.10577575997813326580399e-01	-5.03077254270291485127586e-01
 1.87823007859559382159986e-01	 8.38350560845490866412888e-01	-5.11752728227841124919451e-01
 7.35397962393698895189331e-02	 8.55335551843421471041040e-01	-5.12828423667976429634052e-01
-4.24110790997635003773958e-02	 8.61049387172213909202867e-01	-5.06749694839522146772026e-01
-1.59741711144276876677139e-01	 8.53962953178564965206476e-01	-4.95206886381078903447417e-01
-2.76185307644973565555091e-01	 8.36280014796375592567301e-01	-4.73663818222613608455163e-01
-3.93781061222314709979742e-01	 7.93115507633652017105419e-01	-4.64654998223027804193919e-01
-4.15963144898211789612930e-01	 7.14784044512058347464745e-01	-5.62190743251232305510712e-01
-5.06881700356174746957549e-01	 6.49123185362592836078477e-01	-5.67194880150336255830723e-01
-5.90559452476465018833096e-01	 5.71667418459236076344610e-01	-5.69592745532148225784397e-01
-6.65797916332172778908216e-01	 4.85679785261807661633782e-01	-5.66417055530446966749025e-01
-7.32868290396985977430688e-01	 3.93227361721868728938745e-01	-5.55226360076552571953812e-01
-7.92126471234818163580371e-01	 2.95430882035896791304452e-01	-5.34093856460235660854607e-01
-8.45879009223561739716502e-01	 1.92939233356040684697064e-01	-4.97255622378419248619252e-01
-8.78413996810831321226942e-01	 4.48394377460846968452834e-02	-4.75792260371515673966769e-01
-8.51696226335888817438047e-01	-7.51719522830475994634725e-02	-5.18616154429421660765342e-01
-8.22693768465528885158733e-01	-1.91197067907437651124170e-01	-5.35367765700911046877764e-01
-7.87073078598689135354505e-01	-3.01562644149286407380117e-01	-5.38122607403622166266643e-01
-7.42962545914114702583220e-01	-4.06642937198555598499183e-01	-5.31646665554622699367826e-01
-6.89197429458971555504831e-01	-5.06346371939027206643402e-01	-5.18285881393011349516087e-01
-6.25360333504126231218834e-01	-5.99954055030797239744800e-01	-4.98978541754764526316990e-01
-5.49396249729518504345549e-01	-6.86740816095710471245184e-01	-4.75973541587490223125911e-01
-4.50558286447556799458880e-01	-7.63063022623721498582938e-01	-4.63391901113724080651934e-01
-3.63873635008756801667573e-01	-7.39828864039106970373894e-01	-5.65905672069222709374969e-01
-2.53998270841484796722654e-01	-7.45983211965511316954291e-01	-6.15624825583857337996108e-01
-1.74702746577526046856121e-01	-8.26511367293648491205715e-01	-5.35124200604544020265507e-01
-6.51292508974303518964888e-02	-8.33396957654403913728913e-01	-5.48823916798387156923411e-01
 4.87484958130995765790416e-02	-8.24567474601960559432712e-01	-5.63659528425188294242787e-01
 1.22733209740091386841243e-01	-8.66212390587315694823189e-01	-4.84368303690386525772738e-01
 2.38701447670093602759778e-01	-8.38275510599377771114860e-01	-4.90220141578815438165861e-01
 3.48967666055138459046958e-01	-7.98511565751427565551523e-01	-4.90510802540813806160713e-01
 3.84595490343284385215128e-01	-7.19274310765729008032565e-01	-5.78559223139769929211695e-01
 4.82603862654104820428813e-01	-6.60335825695098077581235e-01	-5.75369541299251663346581e-01
 5.73464624681966350649986e-01	-5.92356147745980776697650e-01	-5.65908577833834747217168e-01
 5.92872654061134207736927e-01	-4.87320346821863537023489e-01	-6.41109113677169273337597e-01
 6.74425329669081752292925e-01	-4.09424831444750392250853e-01	-6.14428012135830536877279e-01
 7.57267194454412151394251e-01	-3.35343052044773659581267e-01	-5.60438608277873506757771e-01
 8.18513970995939588171098e-01	-2.56709648552950475686174e-01	-5.13940692711015834071020e-01
 7.69839271920982448627058e-01	-1.04980705189040512959053e-01	-6.29544714016552986457498e-01
 7.58712443731613173092398e-01	 1.74086319177943586733459e-02	-6.51193033793785902574314e-01
 7.46597212674651400377002e-01	 1.34745268753070385203685e-01	-6.51487770088667317303077e-01
 7.25309176528096788416633e-01	 2.47752061758027636306778e-01	-6.42297060820599563513156e-01
 6.94080907077499364987716e-01	 3.56197568517786666841829e-01	-6.25599701576409428227521e-01
 6.53258191402826926541536e-01	 4.59170615029953932406670e-01	-6.02010034516137992888218e-01
 6.03861198953262845456891e-01	 5.55777372916742118391653e-01	-5.71369551299763189788905e-01
 5.45372075896664365579625e-01	 6.44408049240347113872929e-01	-5.36010788050402364746105e-01
 4.46385059171396925137287e-01	 6.93942953128821593544728e-01	-5.64963323368339320751375e-01
 3.43149653688507361160021e-01	 7.34778853942568699331161e-01	-5.85105418683080413799757e-01
 2.35580836523004932825387e-01	 7.66477042930248986252195e-01	-5.97506997552348706470582e-01
 1.24683146812724354735025e-01	 7.88588013713211299915429e-01	-6.02148700512363910242186e-01
 1.15375230832263624830558e-02	 8.00451014080620137924882e-01	-5.99287126191119901008619e-01
-1.02716646848817344528371e-01	 8.01321300318789231376115e-01	-5.89350035306302588722360e-01
-2.17062193020027133227856e-01	 7.88687097907459166989952e-01	-5.75201413381127291124528e-01
-3.22361003197823847710168e-01	 7.67910567822670309112709e-01	-5.53531158511927579013445e-01
-4.10542060176346146338489e-01	 6.42397048282964178156362e-01	-6.47133100052451837314038e-01
-5.03791040451443739023318e-01	 5.66334069072638390807128e-01	-6.52273186455245901349542e-01
-5.84288438324884085162125e-01	 4.81823362097806517923004e-01	-6.53033895427055366411651e-01
-6.55363743227025841164846e-01	 3.91505209213386773381416e-01	-6.45927267749429434573472e-01
-7.18510848137403623780983e-01	 2.96775251595333300347335e-01	-6.29020358294861137160581e-01
-7.75459525455383213987659e-01	 1.99334827948769416350316e-01	-5.99106126447682463265210e-01
-8.26175332932115868977974e-01	 1.01945155357851272026615e-01	-5.54113259680339309554142e-01
-8.08748678730455528018695e-01	-9.09571716464584460910825e-04	-5.88153676628000887660619e-01
-7.81973908560960495606196e-01	-1.10665696344173586362913e-01	-6.13408436510742616221137e-01
-7.49275399097567906814277e-01	-2.20447100046634564263215e-01	-6.24491354934725739767032e-01
-7.09633764935891142577873e-01	-3.26811798273841325190858e-01	-6.24190650500254240462539e-01
-6.62039988642271093333136e-01	-4.28527184205426681096185e-01	-6.14871942631561307912591e-01
-6.05119534634260491934299e-01	-5.24775950213039132918880e-01	-5.98699048673052347524504e-01
-5.38735635079014896220428e-01	-6.14303938401873139696363e-01	-5.76536717616456750867826e-01
-4.61222668924350709396265e-01	-6.96102711707078825043027e-01	-5.50195114867762402610651e-01
-3.32195866964193842196806e-01	-6.70391393888837616721332e-01	-6.63491736927965813919172e-01
-2.20923427863715882146778e-01	-6.78471342719938919074707e-01	-7.00620779115741609821555e-01
-1.43917736836210147233217e-01	-7.64279912846140940807516e-01	-6.28620632690209069082243e-01
-3.11460592248400877646297e-02	-7.68379936674709052013554e-01	-6.39235634105712824393208e-01
 8.56758745009745525944567e-02	-7.54303620535516361478301e-01	-6.50911432205261708539012e-01
 1.64882856306893393893986e-01	-8.01157048673168503682973e-01	-5.75292123235994323771081e-01
 2.77775681774091176556851e-01	-7.66402997186244938632171e-01	-5.79195231781892028166681e-01
 3.13111411320801391600099e-01	-6.81709549319095553521208e-01	-6.61236216845275115439051e-01
 4.13540982741625651186723e-01	-6.25624976768553997530375e-01	-6.61496216192078323459214e-01
 5.07187289024012111227080e-01	-5.60641058513670187402056e-01	-6.54555312682698176018903e-01
 5.24705743291688508911363e-01	-4.48191450317779516154815e-01	-7.23746023698066398566198e-01
 6.09203017582199302104584e-01	-3.72864549091040220485382e-01	-6.99888356382557530466215e-01
 6.93616582249281465877289e-01	-2.98826431533156355868641e-01	-6.55437869401811257219492e-01
 7.63361392099154878465583e-01	-2.18691575890119699332459e-01	-6.07826767827097658170032e-01
 6.97894479624478258905640e-01	-6.09737506673939180790178e-02	-7.13600376288598514662453e-01
 6.83913318931261948740996e-01	 6.07423482323267149851631e-02	-7.27030218986562282168506e-01
 6.65822199407724801822894e-01	 1.78280076392334646540050e-01	-7.24497766136931176106373e-01
 6.38562867549086532470426e-01	 2.91274558206726541520482e-01	-7.12317763311406171311546e-01
 6.01243290674486119407050e-01	 3.99145164854048328795244e-01	-6.92235251047322863726663e-01
 5.54524240743858309876657e-01	 5.01211638697232397809955e-01	-6.64296439597475640859159e-01
 4.98058002217653839061029e-01	 5.97383296441005406940405e-01	-6.28547073464062355796500e-01
 3.93761878649794005990969e-01	 6.43405958616094286739440e-01	-6.56490940790114496650176e-01
 2.86382265432362337342909e-01	 6.80950857778777840501050e-01	-6.74011221966054785426081e-01
 1.75522759187984794815307e-01	 7.09073509534201895654348e-01	-6.82939615986572490236028e-01
 6.17440740988793382304500e-02	 7.27347469768520826782776e-01	-6.83486157529911486641083e-01
-5.45825852204784717214281e-02	 7.35044259020058876608061e-01	-6.75818524954963084638848e-01
-1.73913750535572564359654e-01	 7.31131002720275535722294e-01	-6.59698009877167423908872e-01
-3.00694157290337216181797e-01	 7.05246339473454164625821e-01	-6.42036310835101708960337e-01
-3.26583436234509361106859e-01	 6.14876874377766391432942e-01	-7.17822881031726756084765e-01
-4.19593833863963372454720e-01	 5.44851084469691104850142e-01	-7.26001591138437096795144e-01
-5.01163290809044648099757e-01	 4.64054060979767202255175e-01	-7.30403439500140527762539e-01
-5.74201422468789579589554e-01	 3.76461700982381575197877e-01	-7.27027725831876803219700e-01
-6.40174329635944450167528e-01	 2.83968342282368391149561e-01	-7.13819871015491602683767e-01
-7.00448572535303570774090e-01	 1.88321378238108627645175e-01	-6.88408930601393964643364e-01
-7.55314687667384632163703e-01	 9.12143328999246022492642e-02	-6.48983565329310119196293e-01
-7.33456259282303513202805e-01	-2.02907072793749240768868e-02	-6.79433736958736322897323e-01
-7.03135422452207725640960e-01	-1.32154817120510442718384e-01	-6.98667075225962053153239e-01
-6.66152289529618579777548e-01	-2.41877831619205979629683e-01	-7.05504246426368664124595e-01
-6.21865339419182761027116e-01	-3.47922952784706529527625e-01	-7.01593271457641387556237e-01
-5.69621522291998805265223e-01	-4.49304901675876999789239e-01	-6.88227016813330649824820e-01
-5.06876007461419919586376e-01	-5.45558121231043413601469e-01	-6.67415200170646927269047e-01
-4.33044988129142882637979e-01	-6.36323134136313917075256e-01	-6.38408103973601814828953e-01
-2.96884907027019473435558e-01	-5.93124887337007189458404e-01	-7.48373048686963859843502e-01
-1.85712672825725538805486e-01	-6.01426495894842871869912e-01	-7.77043739558833324032605e-01
-1.10019377904144913249418e-01	-6.92972022400610510040053e-01	-7.12520534900989876980759e-01
 3.68825303432169550321706e-03	-6.94643911612483289097497e-01	-7.19344307581052166966629e-01
 1.22219772609363050430709e-01	-6.74299337087112760080743e-01	-7.28273802348537113715565e-01
 2.02169819347573082035652e-01	-7.24525756593941361316524e-01	-6.58930794679491782517289e-01
 2.37826115023619277799583e-01	-6.36052384907137224878682e-01	-7.34081809246568628424257e-01
 3.40227012051921073876315e-01	-5.82113179514948342330172e-01	-7.38505129640424140546884e-01
 4.36820226089719432227554e-01	-5.19772195370601819419676e-01	-7.34183188992060364874703e-01
 4.49357690499828210661803e-01	-4.03444550572381155362223e-01	-7.97063460837410420189997e-01
 5.36190610159485214758490e-01	-3.30593650845611763955390e-01	-7.76664321053419204332613e-01
 6.23092704663698482292489e-01	-2.57736631360634460552461e-01	-7.38462802211289237597214e-01
 6.97941935201422114509739e-01	-1.79392380805393297782402e-01	-6.93322023879428428472238e-01
 6.17291739375007697532283e-01	-1.62286335854921123789119e-02	-7.86566932912467042804394e-01
 5.99503869745172446314996e-01	 1.05083102500542174828624e-01	-7.93443540353958698396752e-01
 5.75337581316621160532065e-01	 2.22426463895626702615971e-01	-7.87091567534316749465972e-01
 5.41687509032200420477920e-01	 3.34685668473039821257942e-01	-7.71077263234524523660696e-01
 4.98164240295029925320591e-01	 4.41258040780727001095585e-01	-7.46407215357428155400044e-01
 4.46121227533480602112093e-01	 5.42363786499762801085467e-01	-7.11911071298698128195781e-01
 3.38394898369272834059984e-01	 5.84056576130505100685752e-01	-7.37812177072431629731852e-01
 2.28276315689322495394720e-01	 6.17734910759788258260983e-01	-7.52524752897806958884530e-01
 1.15617763350556984613959e-01	 6.41966883892594597504910e-01	-7.57965073590496363209468e-01
 1.31360216611451654199205e-03	 6.56328811552501889536870e-01	-7.54473833592279041759809e-01
-1.13633973015459369126923e-01	 6.60254885117673828709428e-01	-7.42395317101993468256182e-01
-2.27544831730589147689159e-01	 6.54498171632934111485724e-01	-7.21010050472144392585960e-01
-3.17404346914653523459293e-01	 5.29855184472420304153673e-01	-7.86452772928787902095848e-01
-4.06223521067145487695171e-01	 4.47421900836891817121455e-01	-7.96740919987992568529478e-01
-4.83815890911154289355522e-01	 3.59472287685867142315033e-01	-7.97935998741587937388431e-01
-5.53827595498257330142167e-01	 2.67095603000409131944082e-01	-7.88628514144946723973817e-01
-6.17993766712513825645203e-01	 1.71686909311078744755363e-01	-7.67207474856500981630347e-01
-6.77115229183710032323518e-01	 7.48455243823749200027251e-02	-7.32060867611033616597638e-01
-6.50254482519572296617127e-01	-3.97901249558829522845471e-02	-7.58673746691684525167432e-01
-6.15253807215042969325225e-01	-1.52257949235046097236079e-01	-7.73485791467518057906716e-01
-5.73935054676331768419573e-01	-2.61828386379638344827470e-01	-7.75915233192074227375201e-01
-5.25012488130933929753041e-01	-3.67537112375467933667039e-01	-7.67644682345464124395562e-01
-4.68726282099257041124929e-01	-4.68635090924339747786576e-01	-7.48783562869634322645140e-01
-4.01020643546884436592137e-01	-5.66337766591418323436358e-01	-7.20030539339469255466497e-01
-2.56005996344291386623837e-01	-5.08087212139873622973596e-01	-8.22379665784422120289321e-01
-1.45326744203149310630252e-01	-5.15653248999868751845099e-01	-8.44382534290704089841029e-01
-7.46785393009051917667662e-02	-6.12404227029932357595499e-01	-7.87009643196164732081854e-01
 3.89010103807018725596834e-02	-6.12749533813586544361840e-01	-7.89319149775673967184275e-01
 1.57728833137018881194180e-01	-5.84140930467294094974307e-01	-7.96178992783681982459143e-01
 2.60559628539999921237325e-01	-5.32101613560677977332602e-01	-8.05590809791931539152188e-01
 3.59902810652699467475202e-01	-4.73090738718820069674820e-01	-8.04148692607759008055268e-01
 3.65331838232919037245949e-01	-3.54985934408480863222479e-01	-8.60533342959756808454586e-01
 4.53978936347428918551827e-01	-2.84847229402839297041083e-01	-8.44254216012205405128555e-01
 5.44728821288895881380654e-01	-2.13685819646022845397226e-01	-8.10930873588752820779746e-01
 6.23794622342605631359902e-01	-1.36498100711136438611959e-01	-7.69576856226003247485323e-01
 5.28712111428386921652134e-01	 2.84924756954833269251282e-02	-8.48322864278500676782357e-01
 5.06304584432376136859943e-01	 1.49097879397197569106837e-01	-8.49367700199399999760885e-01
 4.75823701771913964986283e-01	 2.64988352475281518927375e-01	-8.38673343969216888993401e-01
 4.36056844741050608771360e-01	 3.75021561450653961866664e-01	-8.18054556005644806226940e-01
 3.87778768029084008883700e-01	 4.80427960681872212589383e-01	-7.86648969783157570034859e-01
 2.76956154126656306502241e-01	 5.17867316974317426492291e-01	-8.09387874075954805164201e-01
 1.63861693624564319637926e-01	 5.47532048074634847267816e-01	-8.20583939456339339635349e-01
 4.82220813437260267808604e-02	 5.67799123509250325270159e-01	-8.21753482629070663989523e-01
-6.97791707593843624213292e-02	 5.78392979054428435503610e-01	-8.12768373590333825795540e-01
-1.91709426833677643031706e-01	 5.79247584187775332864589e-01	-7.92287657278421098006049e-01
-2.33131305713770581311550e-01	 4.89156718619560115790534e-01	-8.40461479739278205514097e-01
-3.15998198491869053405878e-01	 4.13509536667898747186456e-01	-8.53905733459257909601092e-01
-3.92154640937014409285410e-01	 3.30501217506484701313951e-01	-8.58477537748246755100467e-01
-4.63046239034930140476831e-01	 2.41897345554897752473167e-01	-8.52686258086232329311827e-01
-5.29241779339110207658337e-01	 1.49276250415567690588148e-01	-8.35236337849258880794423e-01
-5.91217798381564296761326e-01	 5.44884262360868301677819e-02	-8.04669203016476042300553e-01
-5.58245632874582509153072e-01	-5.99254641926920891825681e-02	-8.27508762562516486660513e-01
-5.18818215145044114855466e-01	-1.71755325597324121078557e-01	-8.37453143622177709204379e-01
-4.73671754049308058043266e-01	-2.80727179360685641373863e-01	-8.34761834407901859300694e-01
-4.20375466262998431776765e-01	-3.86110569616530840963975e-01	-8.21098712332789193446558e-01
-3.62211774229626859433750e-01	-4.87944846848420821228132e-01	-7.94174072255885876714387e-01
-1.98498504492353011752215e-01	-4.18955240344436763422209e-01	-8.86044496795863278926220e-01
-8.00528813551905499279471e-02	-4.27168876662378460551395e-01	-9.00621056270468067772583e-01
-3.52105629322274280013083e-02	-5.22701488748502529624318e-01	-8.51788336336025908579472e-01
 7.46416441810413555657533e-02	-5.22111750684866815497287e-01	-8.49604581408748393833719e-01
 1.71651035629800025050784e-01	-4.76681955259913692213303e-01	-8.62154415111819005801408e-01
 2.74871219343045869454301e-01	-4.22424791403590016436453e-01	-8.63714714697220276029554e-01
 2.67375202849901627555340e-01	-3.09238986685868688653045e-01	-9.12623553287154165580830e-01
 3.58852970520295855294535e-01	-2.40203193175227897038226e-01	-9.01957300284877194762601e-01
 4.57264731298325399766469e-01	-1.70259819606421419768694e-01	-8.72880610013912039413242e-01
 5.40586221091360008550453e-01	-9.28395543154815483521958e-02	-8.36150318256631552849001e-01
 4.32636089185611805163489e-01	 7.25355212128909881963423e-02	-8.98645988416213570282309e-01
 4.04509066376776860174402e-01	 1.90986941719942959760914e-01	-8.94369276815483948972485e-01
 3.67787249431042517766599e-01	 3.03124474135802957075470e-01	-8.79117792071029136025118e-01
 3.24679428418383708709882e-01	 4.11228011715172647733141e-01	-8.51748079623721676689740e-01
 2.12662150919587289443768e-01	 4.43879394963533291385005e-01	-8.70486009246020264740196e-01
 9.97804426636147434592772e-02	 4.68552257355865420240804e-01	-8.77782800804718488230094e-01
-1.29515927228940168347560e-02	 4.83874942954576892084617e-01	-8.75041310925744442172913e-01
-1.24135435762656343161581e-01	 4.91284107028175043296869e-01	-8.62108067338163919224314e-01
-2.01435252166140943419492e-01	 3.94205341432265321532924e-01	-8.96674962275090248198239e-01
-2.83996893037795516967492e-01	 3.10167360458797392031016e-01	-9.07271719635799778203022e-01
-3.59938607412715216860022e-01	 2.21414948274793521587611e-01	-9.06322028626837417064621e-01
-4.30460281450039505823923e-01	 1.28865295859748651974286e-01	-8.93363129761315044596870e-01
-4.96210932442655683338728e-01	 3.42493188338437240525458e-02	-8.67526192505913784636107e-01
-4.58173121818642448133119e-01	-7.89058999489099383017887e-02	-8.85353742521153064259920e-01
-4.15122287411706036852621e-01	-1.89816674607560353926772e-01	-8.89743286872680338994712e-01
-3.67160934242590053511179e-01	-2.98261001664173519554168e-01	-8.81040988406550984457510e-01
-3.10390724648086591130891e-01	-4.04198776094354284005306e-01	-8.60395808599891731560660e-01
-1.45112513724022645922318e-01	-3.26005260283680819988206e-01	-9.34164294237402881293519e-01
-3.20073755440781343439838e-02	-3.32237391487284927649171e-01	-9.42652557206792307553656e-01
 4.24409129339910137779235e-02	-4.30435648342764209939304e-01	-9.01622937565961346528809e-01
 1.72911544954532342410758e-01	-3.78410729348229224466849e-01	-9.09344223897407322176889e-01
 1.66295553236837617694377e-01	-2.58769879356456011798571e-01	-9.51516651725811679618516e-01
 2.54953845694659342324684e-01	-1.92746986277301690648756e-01	-9.47547959655088645192222e-01
 3.64005048020538846120786e-01	-1.27505029695582472459847e-01	-9.22628198364809248843699e-01
 4.49931100706150888246526e-01	-4.90073384411358822787541e-02	-8.91717604063229973831994e-01
 3.28622081930888487733000e-01	 1.14190397538475776895162e-01	-9.37532975621344966121740e-01
 2.93576188908719559744753e-01	 2.27021414187207754009634e-01	-9.28587259661832753465660e-01
 2.54433226035438941892153e-01	 3.36240515316755972374807e-01	-9.06755782638700269515653e-01
 1.39982715807049129530526e-01	 3.63784241776568262327629e-01	-9.20904916215746216501259e-01
 2.54878985230487971336277e-02	 3.82062480843483542880534e-01	-9.23784946705996978799647e-01
-8.81191705360872962193852e-02	 3.91629650299479159514249e-01	-9.15893677666976713247493e-01
-1.68212877404860211560944e-01	 2.94668761640231147147517e-01	-9.40677813488013603304694e-01
-2.48914201308700205883540e-01	 2.04473949675739757880777e-01	-9.46695370375737588197751e-01
-3.23866625681791475699356e-01	 1.11294625042107200862951e-01	-9.39533881883046984029306e-01
-3.93383951627936434558563e-01	 1.60756828262003000074021e-02	-9.19233723828309479131349e-01
-3.51502937979840446303115e-01	-9.59495661229246982193430e-02	-9.31256873989321554141441e-01
-3.05810487407768116785434e-01	-2.05651921922006458709475e-01	-9.29616712845250159347188e-01
-2.57100773747432065352569e-01	-3.13390771700228942808764e-01	-9.14158310333394452662503e-01
-1.92241842847408389571839e-01	-2.19248227874465295705875e-01	-9.56542361023566378719352e-01
-7.58039398599835850811601e-02	-2.28737360447055143586326e-01	-9.70532319213233685140096e-01
 7.90461338584319550548685e-02	-3.33422332482905148243191e-01	-9.39457959103915385412620e-01
 1.31225440684416577719063e-01	-1.53582606017374306839329e-01	-9.79383615773764537593138e-01
 2.66376589615527792354044e-01	-8.58727332023996453580494e-02	-9.60036137964165425806584e-01
 3.52677276892043145561928e-01	-5.59380199311177925269867e-03	-9.35728298034891659007428e-01
 2.14477135465665935676327e-01	 1.47309295602415651904593e-01	-9.65556590672738801472974e-01
 1.77678688576272170163151e-01	 2.56325040361321587756294e-01	-9.50119864706334360526796e-01
 6.15323719709118394094460e-02	 2.76814952141080095060488e-01	-9.58951119437672305778619e-01
-5.33874594837229765609266e-02	 2.88102784399857092534347e-01	-9.56110121686264413654044e-01
-1.33335785669958545307523e-01	 1.90645020921956315218537e-01	-9.72561588927632891810049e-01
-2.11941283914850980840683e-01	 9.59624791689816236672783e-02	-9.72559558466353002437188e-01
-2.84684272887922251715764e-01	-1.71275765152951309341564e-04	-9.58621320144136590535311e-01
-2.39450409741489955717242e-01	-1.11102036278087692999783e-01	-9.64530890541871133159191e-01
-1.23077676170877919892277e-01	-1.23612882893592540556327e-01	-9.84668340514262552254365e-01
-1.88643518506071599175056e-03	-1.33503915311157933532016e-01	-9.91046490311571548481595e-01
 4.44262624972711281379212e-02	-2.30893403022861987139436e-01	-9.71964270763615023618343e-01
 1.67507095043652604049456e-01	-5.20488548815618567999763e-02	-9.84495957236775409704421e-01
 2.48083201834539801566848e-01	 3.53287283334886986763124e-02	-9.68094316645780939012411e-01
 9.74359090704847580211023e-02	 1.69261452159002595552195e-01	-9.80742985922731014269971e-01
-1.78753559320881834360240e-02	 1.81109431053629227337254e-01	-9.83300485931809187256647e-01
-9.67580644829043184929063e-02	 8.32529931545813589588434e-02	-9.91819951446997971622466e-01
-1.71878280066901922840117e-01	-1.43220624835274992769918e-02	-9.85014078766116796259666e-01
-5.66355891590507656840892e-02	-2.62273319713517485962662e-02	-9.98050368016700661932816e-01
 5.89346468377453525100407e-02	-4.13118937732892196890155e-02	-9.97406654697558625599640e-01
 1.33144336584262668043976e-01	 6.03037637988656088916528e-02	-9.89260350821373646290624e-01
 1.87293706023852132847018e-02	 7.13126099650856354328354e-02	-9.97278156953618655222726e-01
