-3.79578915581711131763121e-03	 2.75071088923818408977784e-02	 9.99614401129289231739961e-01
 4.23027483214195865190987e-01	 2.11760534649335446788498e-01	 8.81025098626872726903514e-01
 5.96511506812254024834097e-02	 4.73676030095205202741226e-01	 8.78676708884247315012317e-01
-3.65604010129428669273466e-01	 3.76793397027113952102439e-01	 8.51093675064060306567626e-01
-4.40204502055919710823417e-01	-6.98933248631328218891667e-02	 8.95173122646830132786988e-01
-4.66236223796520077300443e-02	-4.16146449563416842565289e-01	 9.08101519848944271906532e-01
 3.84319271984685684184768e-01	-2.60451873295205138525432e-01	 8.85699451777057111812042e-01
 7.46458769080501793879989e-01	-4.04598609446712581538819e-02	 6.64200501140401300403937e-01
 7.34104762805979804696221e-01	 3.85458440004875890760871e-01	 5.59027716892985138130712e-01
 3.84329351653367345953427e-01	 6.69647498880747482630227e-01	 6.35502302671250407506420e-01
-1.18270329958052769492305e-01	 7.85254891184958170313735e-01	 6.07772066585585024611760e-01
-5.43095168708920050804068e-01	 6.52395585651033615981476e-01	 5.28609153863300762488109e-01
-7.40211681379411623460385e-01	 2.26476747063626721034879e-01	 6.33083683085374326893202e-01
-7.68125894705394385297836e-01	-2.44705008088262843113370e-01	 5.91694235986426231299617e-01
-4.38915607681148789431802e-01	-5.09882217273195048612422e-01	 7.39846750241195838526664e-01
-1.56117097133166515821046e-01	-8.11449058640573595013734e-01	 5.63185473191594954123218e-01
 2.58336035267642982748981e-01	-6.79579912848388034696256e-01	 6.86610249657818916269036e-01
 6.83304874169171183595495e-01	-4.65000742514974363395197e-01	 5.62910968446321602343119e-01
 9.51975803545283327800064e-01	-1.17656842525510244024112e-01	 2.82663999956201617003160e-01
 9.35411866831074800821000e-01	 3.13234562006721506399742e-01	 1.63977890448868734996068e-01
 6.67964782993251571241444e-01	 7.05428796231662769145032e-01	 2.37051180397663346921533e-01
 2.27275208271547735083828e-01	 9.25615464141828492294906e-01	 3.02625167900212987959208e-01
-2.11275627620325312516769e-01	 9.57708377457368809082539e-01	 1.95338866899579188807223e-01
-5.98820924232684625998502e-01	 7.94360548613540440321401e-01	 1.02004017114567274715498e-01
-8.66784551947442971631119e-01	 4.47484924726575306053178e-01	 2.20094940077508460785083e-01
-9.64127623037626890756258e-01	 1.96802670416157676758218e-02	 2.64708544601390760586668e-01
-9.02126285547652728702417e-01	-4.01498482787581933983745e-01	 1.58009915015687091299768e-01
-6.19881702597933514908846e-01	-6.92134332496467830075915e-01	 3.69725223056199203686134e-01
-3.28812688637459382690054e-01	-9.35308702610079034656110e-01	 1.30689887186638570293340e-01
 1.12064785260098456753930e-01	-9.67179451702021353298733e-01	 2.28046907696608347482226e-01
 4.99107537257324263002545e-01	-8.03879653604960719981420e-01	 3.23526148514918510112892e-01
 8.26610600719681953840734e-01	-5.50555728494507512493783e-01	 1.16633205390784464028364e-01
 9.39888783418346362985574e-01	 2.15204826936999077391377e-01	-2.65133847834253921771364e-01
 7.57216889083953681449657e-01	 6.14272310155563272537904e-01	-2.22018269208114710222546e-01
 4.24019730661466642818169e-01	 8.99537106514565976134179e-01	-1.05072651119024029764404e-01
 1.13181247306626941301344e-02	 9.79964790191217960391157e-01	-1.98848962879023871686002e-01
-4.11397354200498388543394e-01	 8.58605596165567086508474e-01	-3.05857233345887546960284e-01
-7.97859233642217224868887e-01	 5.53300310735506450932064e-01	-2.39331171040978007980016e-01
-9.79605487753370418602117e-01	 1.15018993283415416062354e-01	-1.64753511487770148979948e-01
-9.07782225764941386181306e-01	-3.10597098079490818722803e-01	-2.81888050917111554483085e-01
-6.96716282366260153402493e-01	-7.08173564728821758329502e-01	-1.14353067755137302596857e-01
-3.24306116093507179609645e-01	-8.90018132118227112137276e-01	-3.20457902953144302404809e-01
 8.78929578186493642988353e-02	-9.70493657335398052232733e-01	-2.24537054932259061423849e-01
 5.12934985722137248842500e-01	-8.48912334857846673230597e-01	-1.27458025045228962035537e-01
 7.48298811540386354934640e-01	-5.52280629321451277391475e-01	-3.67471080662883142764485e-01
 9.65165180797082022934319e-01	-2.09374292435765663178415e-01	-1.56903089338478157754864e-01
 6.78597129590321479497561e-01	 3.70594607292732858283557e-01	-6.34165256662111320729025e-01
 3.98617415425348120550098e-01	 7.47655460606057808981006e-01	-5.31145430504263327264880e-01
-4.43572526726519270057203e-02	 7.90675249386473599777503e-01	-6.10626796122617276907363e-01
-5.12746668997683285873279e-01	 5.74767619240241445233153e-01	-6.37756252266244105797455e-01
-7.97143743237082369468283e-01	 2.25414252690227773223697e-01	-5.60134151165664007088196e-01
-7.22219990266833589132034e-01	-1.94425351754202696552554e-01	-6.63774862626048345326524e-01
-5.73736988483706022989850e-01	-5.96756710823340585925223e-01	-5.60987786081796890869100e-01
-1.13858162982350491487793e-01	-7.20471124695804654436415e-01	-6.84074321402175389295053e-01
 3.18744711645603640004509e-01	-7.64480935989689469600705e-01	-5.60330890908478873591037e-01
 5.34064671012520753023978e-01	-4.12153138363186788417636e-01	-7.38176616883563840865179e-01
 8.02129745814337047349341e-01	-8.48056327717112562458723e-02	-5.91097179429928232252678e-01
 2.81267565636280025831439e-01	 4.40460923474181254011484e-01	-8.52574179419780753264035e-01
-1.54800586905473880339201e-01	 4.48359587125819414321626e-01	-8.80346783333752824773910e-01
-4.57031389466731607917893e-01	 1.17750331265727523066822e-01	-8.81621896579775410351942e-01
-3.22704707192263628989792e-01	-3.36619508847828707853722e-01	-8.84617984340699492484816e-01
 1.30959860234374003695734e-01	-4.01107797778439356672919e-01	-9.06621227177438204769544e-01
 4.45532214021672756665282e-01	 1.82670651280921261805368e-02	-8.95079527528449658824172e-01
-1.53176374880418836484097e-03	 2.41193478716604584044525e-02	-9.99707912721542912848349e-01
