-1.73702089421176771033561e-02	-3.64816278127032822542475e-02	 9.99183349878010496070146e-01
 7.92576444217529263447375e-02	 1.08458836367708991166303e-01	 9.90936378691628094728117e-01
 2.51732224420981665416464e-03	 2.45529125165797862395678e-01	 9.69385945732677112296471e-01
-9.45408882583856774450837e-02	 1.02479418651022294306507e-01	 9.90232290525947411730101e-01
-1.91582171271165419002003e-01	-3.43410625186477413972597e-02	 9.80875610399257635840797e-01
-1.10218490265152707641150e-01	-1.77374055732961333209374e-01	 9.77952109643673073158254e-01
 5.69802728645886283342925e-02	-1.79278361904945893190444e-01	 9.82146891995772985950452e-01
 1.53616625440922749401551e-01	-3.02164170715373443798502e-02	 9.87668416285294781253867e-01
 2.56747404130460543658643e-01	 9.93475017308676627836306e-02	 9.61358853067940111181144e-01
 1.78679892338888063330060e-01	 2.39277619053550910654948e-01	 9.54368753204874797901880e-01
 9.84211914842951507420565e-02	 3.76705008496843629650641e-01	 9.21089900954410123468108e-01
-6.98526320645968812339532e-02	 3.82390709038509413186802e-01	 9.21356584300928593833646e-01
-1.67873525306788118349743e-01	 2.39051548596530216705958e-01	 9.56385297155216584918946e-01
-2.69583374500151906616452e-01	 1.06983676403790570197394e-01	 9.57015829114774785324471e-01
-3.59510472157072158427837e-01	-2.89855775100074930517025e-02	 9.32690761563451209426034e-01
-2.77645727602341463313707e-01	-1.72913446439181744951341e-01	 9.44994068756355054539142e-01
-1.89710689869941717677904e-01	-3.16258086580632646889200e-01	 9.29510988004675575702151e-01
-2.94904447157862473205547e-02	-3.25039607020493948041917e-01	 9.45240481326539483397653e-01
 1.29937080836623863877577e-01	-3.21938754219002309930886e-01	 9.37801574724404840566194e-01
 2.22361741523244532681147e-01	-1.68926041311502850295057e-01	 9.60218333752055897001298e-01
 3.29111138963382621192011e-01	-4.33814174322559170660085e-02	 9.43294180429304685020497e-01
 4.25121961345433507784008e-01	 8.29611876288027239034761e-02	 9.01326111531797757869811e-01
 3.50453493837337981542390e-01	 2.26577319655503012230113e-01	 9.08760181167138747504453e-01
 2.69177283857986726633982e-01	 3.65139903576185753664163e-01	 8.91188218431556045118214e-01
 1.83046059617812617581478e-01	 4.99807541299620017305472e-01	 8.46573423701937888274927e-01
 2.13420409926564150215889e-02	 5.14452411816816668199692e-01	 8.57253307524752705681692e-01
-1.38044654217485546210398e-01	 5.14938627808271154329134e-01	 8.46038937066675322817844e-01
-2.34389588177871921459428e-01	 3.70784860434670793249978e-01	 8.98654610084569371863950e-01
-3.41039877847735983795729e-01	 2.45816539723040267118037e-01	 9.07340085368321114245305e-01
-4.34658647970940503757475e-01	 1.14977545985606194323125e-01	 8.93225628642171143312112e-01
-5.14611763372711861208586e-01	-2.16546932731369219660156e-02	 8.57149816110156059778546e-01
-4.36509886636494148781651e-01	-1.68433097179822827138551e-01	 8.83792628755754705593972e-01
-3.50659927439775476187833e-01	-3.11145075129745429798334e-01	 8.83304227042097211963778e-01
-2.47207992577634177999713e-01	-4.48267780763224155116120e-01	 8.59036789162926694984890e-01
-8.62158024859390192951025e-02	-4.63115696643492669171138e-01	 8.82094488659870279434472e-01
 7.66353621703787374341843e-02	-4.64038626229253070576419e-01	 8.82493724981816995978079e-01
 2.42389451093841606921231e-01	-4.47830117901704793936801e-01	 8.60636705874535334892528e-01
 2.87128454551612677381200e-01	-3.05854605717845784429443e-01	 9.07750081656831131482477e-01
 3.93706087332507059795006e-01	-1.88738577942478474858135e-01	 8.99651747063039630702974e-01
 4.90909529033331182290567e-01	-6.47127722043593228695713e-02	 8.68803827925441196633471e-01
 5.78514584482487270733486e-01	 5.89065942173232423573204e-02	 8.13542186182603987987250e-01
 5.10271758281890197572750e-01	 2.07406776765838352094562e-01	 8.34628756784424497006114e-01
 4.33437471383167793881341e-01	 3.49954677662822288830569e-01	 8.30459921960642333260694e-01
 3.48084558627965334753895e-01	 4.83978155303347756799326e-01	 8.02871275631369951675254e-01
 2.48957067718473784578848e-01	 6.11110833716774770607572e-01	 7.51374691713134312820443e-01
 8.64385761958006842986535e-02	 6.33612783345751995334183e-01	 7.68806356195168349998426e-01
-7.84657723536586193535669e-02	 6.39107010768977357173526e-01	 7.65104797628982646884310e-01
-2.92965447779215071300030e-01	 4.96271987138219239366066e-01	 8.17242535107790102344438e-01
-4.03318564619805086657323e-01	 3.81209263181019719635145e-01	 8.31873567976531003154150e-01
-4.99990426329143866635007e-01	 2.57998928805860616719769e-01	 8.26708005473655527239885e-01
-5.83126333878287606005131e-01	 1.26572849121246083781145e-01	 8.02460586323713531697877e-01
-6.52837015956431065966115e-01	-9.90059628119898706144486e-03	 7.57433699270358307131801e-01
-5.81646723137540511139321e-01	-1.60563167731810702010264e-01	 7.97437495125033701803829e-01
-5.03577645622322767060552e-01	-3.05197718840957865626962e-01	 8.08247429469314382366463e-01
-4.09211017219587136484193e-01	-4.40146724181048276669515e-01	 7.99260410991813885495105e-01
-3.01239853177544758544570e-01	-5.65990617718728272755868e-01	 7.67404177413664956297623e-01
-1.41777625169218324252540e-01	-5.87480902360540180318083e-01	 7.96721591500457737566876e-01
 2.14862991650135032317692e-02	-5.92077367205264937233267e-01	 8.05594643844826929779401e-01
 1.90552300203578078852118e-01	-5.74890887477759515711284e-01	 7.95732548273702100516402e-01
 3.69805956661220625036890e-01	-5.03130581015963418423098e-01	 7.81091014456330001713980e-01
 4.15357525342952393909712e-01	-3.61309236124803090373092e-01	 8.34825587791779510915546e-01
 5.27793281193432162190504e-01	-2.28439003167979604036475e-01	 8.18076936576683233504070e-01
 6.25613261446520185771192e-01	-1.01176288188856683403216e-01	 7.73544701882556862138074e-01
 7.07017908602463163170171e-01	 2.70919644459474522057985e-02	 7.06676518909365336540418e-01
 6.52368744547986323389921e-01	 1.83551956194619003692736e-01	 7.35339173792619926750547e-01
 5.82486802126082059416490e-01	 3.29816850825417340331569e-01	 7.42919894915013756531152e-01
 5.05866905300171310067014e-01	 4.66277553046845427697775e-01	 7.25729920594895938634750e-01
 4.13355262208794149714208e-01	 5.90395556847146618650868e-01	 6.93231933525459198541796e-01
 3.15234991639950112851665e-01	 7.06598127711625223490444e-01	 6.33518733708946069071999e-01
 1.63189967111470241034610e-01	 7.36083976224935043752851e-01	 6.56924207636654600150905e-01
 8.80310926042891968290593e-03	 7.48980588502600297395873e-01	 6.62533458259767948916874e-01
-1.46166489125997445253091e-01	 7.42948479954798179925035e-01	 6.53194391884555858318606e-01
-2.48198631287614934759489e-01	 6.23487102373031287783078e-01	 7.41391443571771779907920e-01
-4.18371052928133868586968e-01	 5.34680735897324344030324e-01	 7.34222154890534772775368e-01
-5.34239887494239784615502e-01	 4.13412173517711700743149e-01	 7.37345317607363437417689e-01
-6.28928761192326213347314e-01	 2.83331899352644189793438e-01	 7.23996994575467289756432e-01
-7.06911915425161851977975e-01	 1.47023826520034567311157e-01	 6.91852251759966230260090e-01
-7.68884274555487690072653e-01	 6.88304614028028075023435e-03	 6.39350917741667301719133e-01
-7.08673844473043379466048e-01	-1.49216074951661586966978e-01	 6.89576641959265379533406e-01
-6.41313833081179618389456e-01	-2.96056800523466778773951e-01	 7.07860818496498733765065e-01
-5.59299367737787878063216e-01	-4.32048981967599332598695e-01	 7.07472893070025588002636e-01
-4.61777855419021499017163e-01	-5.55274094833761666656358e-01	 6.91687712664578180365993e-01
-3.53673233779397966358715e-01	-6.69553974921202055270442e-01	 6.53155967878455201436338e-01
-2.04234820397003247194334e-01	-6.98217636807562103129499e-01	 6.86134294280840606461425e-01
-5.03817287383868037120571e-02	-7.08731492565312648501674e-01	 7.03677023111793698006977e-01
 1.05820524141545385665708e-01	-7.01090443637365945406259e-01	 7.05176720057298922483824e-01
 2.61084033445009078278076e-01	-6.68732280432388859203741e-01	 6.96155345154931826101574e-01
 4.00563762592042071908338e-01	-6.11831360575883831387500e-01	 6.82063822757056348322635e-01
 5.25538104098886571513560e-01	-5.16297144331938961947515e-01	 6.76200384423754186080657e-01
 5.39585583640164179186627e-01	-3.82880433580975121365952e-01	 7.49833295812174616123968e-01
 6.52022395674702992529603e-01	-2.58757276702956728886562e-01	 7.12679077349609557678889e-01
 7.42925159747104268959106e-01	-1.30785129814731476693979e-01	 6.56473500481233096515155e-01
 8.14074163776280057547297e-01	 5.07664187942437230942339e-04	 5.80760706443732011017289e-01
 7.69071392053752078687978e-01	 1.58575287930344366316149e-01	 6.19179353646673646949239e-01
 7.07438843363180858148098e-01	 3.12627227154280651344465e-01	 6.33872621070504127516188e-01
 6.37299527928990694469746e-01	 4.54889317773282064738538e-01	 6.22032973625388896365962e-01
 5.49799579515310665733807e-01	 5.85046943416836717766216e-01	 5.96188306127690137437014e-01
 4.44619626897713671187518e-01	 7.03185030131253552276860e-01	 5.54837093908334577641028e-01
 2.63245290400900611160750e-01	 8.08412744078307210493506e-01	 5.26470086798411784911877e-01
 9.62014148174498012755507e-02	 8.36268939544762890392349e-01	 5.39814364888337117065475e-01
-6.79224560339205946091212e-02	 8.41198322437393564143804e-01	 5.36443773656508193781178e-01
-2.30305390546789029437846e-01	 8.22362860132168638216399e-01	 5.20267963034752090045743e-01
-2.99532240456580001186637e-01	 7.17086461644690698058469e-01	 6.29338893961718492953139e-01
-4.33022285266926487690142e-01	 6.45623148654568046467261e-01	 6.29017050948199707427477e-01
-5.57299592496970030985892e-01	 5.43512817694805971946437e-01	 6.27702940254515562301663e-01
-6.59192848158618116549690e-01	 4.24309428773437635751264e-01	 6.20827107647924925082350e-01
-7.43981311463151162577390e-01	 2.95204608276856073079131e-01	 5.99454791828105792994563e-01
-8.12549591900288414869635e-01	 1.59566502695516920784513e-01	 5.60626160574224763344375e-01
-8.63593265478047600325340e-01	 1.94151489256063937427488e-02	 5.03815168303971328001012e-01
-8.11871208405569588784090e-01	-1.38230923833088104046851e-01	 5.67236593193996552209057e-01
-7.54536376397628716361510e-01	-2.90875390703459912877804e-01	 5.88274054991247963286582e-01
-6.79693123302016810605153e-01	-4.32294812595626409823524e-01	 5.92569365677016457460979e-01
-5.86769457580625930503970e-01	-5.62205507159397877003926e-01	 5.82774889104002435935570e-01
-4.73568881176860745352286e-01	-6.80397607464754194950274e-01	 5.59277757949602882803219e-01
-2.99379117388006876776529e-01	-7.77712599510572477612413e-01	 5.52752437022656639697971e-01
-1.32234255887384632988102e-01	-8.03559176040175127120335e-01	 5.80350542492677257122580e-01
 3.25959957394478389014481e-02	-8.06898373282029401920568e-01	 5.89790230723236774679208e-01
 1.95743017814169945056690e-01	-7.86077782540803293720444e-01	 5.86315947909261225845512e-01
 3.54712463968288538307405e-01	-7.38961119605410110544597e-01	 5.72813697127665166775046e-01
 5.03281164884974097084580e-01	-6.53959779593985324197547e-01	 5.64840398471470828134500e-01
 6.31656094887605101817485e-01	-5.48517167736090494045698e-01	 5.47849883170671403398444e-01
 6.55995088436011175581086e-01	-4.09140071248446091090045e-01	 6.34251406026542730032247e-01
 7.58380478207473340823697e-01	-2.85037873674485631170228e-01	 5.86184664457312765151187e-01
 8.39674394757523812060640e-01	-1.55434610315402399471907e-01	 5.20371975326001989792246e-01
 8.99203647173446807272512e-01	-2.59931859239594630073267e-02	 4.36757547382405575397968e-01
 8.63579116155620329919884e-01	 1.31905451028457049167386e-01	 4.86653944943280014623355e-01
 8.09635453684947603569810e-01	 2.89538932525506664816817e-01	 5.10546411884717388218746e-01
 7.47497534930914531159374e-01	 4.36324870935156261531063e-01	 5.00867290083536476075210e-01
 6.65776992340350703969420e-01	 5.70675458591423545584576e-01	 4.80697948229140081810584e-01
 5.65253843574626158030583e-01	 6.92495313026787906451887e-01	 4.48261456920002354653576e-01
 4.25516044803756376957438e-01	 7.95223983688721824947265e-01	 4.31920028918326037725706e-01
 2.95283991962796588115481e-01	 8.72255792097167526044643e-01	 3.89842528777271823958728e-01
 1.42280762897020962576278e-01	 9.03498103254180562338149e-01	 4.04286237615801180567132e-01
-1.41030047011355963437751e-02	 9.14720148724365689218985e-01	 4.03841744717004180742492e-01
-1.72157019500356611718672e-01	 9.03019904160966224715423e-01	 3.93594986408456859461324e-01
-3.32827853159113062897489e-01	 8.59878670350134433064682e-01	 3.87084347963568220496455e-01
-3.95864226143185782280653e-01	 7.66960993227342568978600e-01	 5.05036978178613149559339e-01
-5.37420333285106077703119e-01	 6.75666554806159003199184e-01	 5.04632630819789040899082e-01
-6.56876803172215417703228e-01	 5.65547720078817595101839e-01	 4.98666864517687768998400e-01
-7.54542879947225908487951e-01	 4.41542458356913969375057e-01	 4.85494901918731902590309e-01
-8.33580613851395701985325e-01	 3.09158132356687431752107e-01	 4.57782272929888933710174e-01
-8.94163756824325361982631e-01	 1.72518667039244372185536e-01	 4.13168834140247187569628e-01
-9.35080884051918692634331e-01	 3.59059196516483755678983e-02	 3.52610982833280295345446e-01
-8.93627002908559342486683e-01	-1.24211749755279085571935e-01	 4.31279747838219262856541e-01
-8.46827881030747242618872e-01	-2.77666635921215210203172e-01	 4.53633970514962792108804e-01
-7.81322675391272092326744e-01	-4.20712954781430836792566e-01	 4.61015711878134337720070e-01
-6.97026344874073222612765e-01	-5.52557422387724095358408e-01	 4.56984211451253730107425e-01
-5.93620927240737339403154e-01	-6.71866107817296165372056e-01	 4.42956124134529505287361e-01
-4.60101420067824784521093e-01	-7.72936785066513087905093e-01	 4.36892903973747859236454e-01
-3.26904079995980256789778e-01	-8.47739467194236762104254e-01	 4.17697879146176176412553e-01
-1.76470314170986353197179e-01	-8.77566515395509560981679e-01	 4.45797307386413543817127e-01
-2.05029348768090043109158e-02	-8.88451001006329899034597e-01	 4.58513302394039479192855e-01
 1.38292645350333615050786e-01	-8.76595629893391792286650e-01	 4.60928677664792785240166e-01
 2.97165842900213306165824e-01	-8.39899344899879163328649e-01	 4.54160271545365146206308e-01
 4.52368868745590069213591e-01	-7.72389043253981610881453e-01	 4.45844785156262912728664e-01
 5.92366170020335647272702e-01	-6.77314606043290301506943e-01	 4.36288029925026965560875e-01
 7.17664631381254358721833e-01	-5.64747608389208677337479e-01	 4.07452593172601518212161e-01
 7.50457875384377581795547e-01	-4.31187456896643950265968e-01	 5.00889562966299828339345e-01
 8.44676809717088805662399e-01	-3.01451212394521717019558e-01	 4.42321437047803800446388e-01
 9.16091209616906709811701e-01	-1.68944746947164270434172e-01	 3.63640712986859182542787e-01
 9.62999459384958345076200e-01	-4.55218473988809671504363e-02	 2.65630951949638149933719e-01
 9.35891679633308104513389e-01	 9.69270511999761746890769e-02	 3.38691468358479241818060e-01
 8.89984138526332957397358e-01	 2.59305978399228087560857e-01	 3.75084847385175612632935e-01
 8.35659702272620319440932e-01	 4.09242563617832233457960e-01	 3.66324154433120052765105e-01
 7.60085869321462714864879e-01	 5.47588394915735188206440e-01	 3.49880581072235685713423e-01
 6.63976216943390040725603e-01	 6.73744983574239064694211e-01	 3.24350551783240514946982e-01
 5.37099982680698473380687e-01	 7.85552845118577702798746e-01	 3.07295193796618792969610e-01
 4.01630032525831515144432e-01	 8.74824314453115925438453e-01	 2.70879559610789466539416e-01
 2.31252069092217904522357e-01	 9.38756930748849804935219e-01	 2.55456269274346281505927e-01
 6.65514256588588537510986e-02	 9.62909642970891876956330e-01	 2.61487910268224876819687e-01
-9.73539429157591340580069e-02	 9.61807026922461782980633e-01	 2.55830906579581129900447e-01
-2.61084030271289235791699e-01	 9.32008295551851717597458e-01	 2.51387482106473936216418e-01
-4.21044673738546759711454e-01	 8.71264853028079766517067e-01	 2.52227949669261375387208e-01
-4.93338760535188880496094e-01	 7.83977395616159977720372e-01	 3.76823978160237271772814e-01
-6.30528452816502271716104e-01	 6.82389197838589534050868e-01	 3.69836251416805039671232e-01
-7.45499891629726296748970e-01	 5.62479721917819364129798e-01	 3.57556252932764495611195e-01
-8.38151871274084192542375e-01	 4.29998620328361114140137e-01	 3.35563149340712574275614e-01
-9.09665078788650882657407e-01	 2.90624114624801588302461e-01	 2.96727262702617067269273e-01
-9.59348654978471659937611e-01	 1.51238085040544284476383e-01	 2.38279667248942256252420e-01
-9.84607692899100550576463e-01	 2.99557857810189235442389e-03	 1.74753304955566068912276e-01
-9.52822181265088774537730e-01	-1.06077117393246961318809e-01	 2.84389760812124803290857e-01
-9.16606332960637648632485e-01	-2.58923842021966832405155e-01	 3.04616602320090801292451e-01
-8.59577462106582368406293e-01	-4.02641002587946161828114e-01	 3.14653475546323668776694e-01
-7.82456562695559409981172e-01	-5.37311837344567111429683e-01	 3.14734359331890589661640e-01
-6.85201981267584692147921e-01	-6.60772899071720098973515e-01	 3.06394224357005362513462e-01
-5.62921362974276418000841e-01	-7.69158953528601085913863e-01	 3.02512881236436381726662e-01
-4.24765301715724741260516e-01	-8.59117743764358898772571e-01	 2.85466531851961302646004e-01
-2.59715279792519737611656e-01	-9.21263111430991599171136e-01	 2.89520729756578609759288e-01
-9.87211991444843367515816e-02	-9.44972356881700559227966e-01	 3.11899614570007699398957e-01
 6.44805803747203060138915e-02	-9.44829227320439057891122e-01	 3.21154146720234290324214e-01
 2.26894180742434392605844e-01	-9.19400675135849998476090e-01	 3.21280919609245985135715e-01
 3.85102093189161720498959e-01	-8.66992280191560382718308e-01	 3.16260594936463024229312e-01
 5.33166621619344471838531e-01	-7.88018117019868236106106e-01	 3.07832423307675684398532e-01
 6.65115505849066646071321e-01	-6.85096346050268700800245e-01	 2.97093184889372252666107e-01
 7.85345051819776651669258e-01	-5.63505879354717964524468e-01	 2.56308941542932933188581e-01
 8.25846450465768433524261e-01	-4.39624842239315971603730e-01	 3.53139686723465962003843e-01
 9.08461428668036696798538e-01	-3.07520819528817601629100e-01	 2.83070270743422280901314e-01
 9.63834434167670783821791e-01	-1.88589876048849691692055e-01	 1.88300404047801683837804e-01
 9.93797189142835324382474e-01	-6.46651373344049734681604e-02	 9.04741226280882104848757e-02
 9.82895221611576386244735e-01	 8.51219517153775917517322e-02	 1.63313308304299770190582e-01
 9.48506554627923215150531e-01	 2.18915992448660085001322e-01	 2.28934715755573114925880e-01
 9.03556811917268776213064e-01	 3.67343722503746694663107e-01	 2.20553116448150732242794e-01
 8.36159598244140767064891e-01	 5.07357737345383363880558e-01	 2.08387265973644347782923e-01
 7.47303350722559267538259e-01	 6.37066470341015378409111e-01	 1.88902129067080287727620e-01
 6.31856801839352222316393e-01	 7.54953046621473999877594e-01	 1.75507490912211933098419e-01
 4.98344311537410489254540e-01	 8.54170974646435321453453e-01	 1.48475227663954434387250e-01
 3.34263065068890419251346e-01	 9.33403464917785363752500e-01	 1.30484386078271952236207e-01
 1.56995506611986607170550e-01	 9.80511783403677728010450e-01	 1.18106111231321198040689e-01
-1.23710429400259898369274e-02	 9.93360793582448775573823e-01	 1.14373471879732291345277e-01
-1.78772944107898151822056e-01	 9.77874065568841599471739e-01	 1.08639524772797715912453e-01
-3.41041271069115525804705e-01	 9.33641570958928634915708e-01	 1.09563992282619565576951e-01
-4.95730143886999929936366e-01	 8.60895105651143355274257e-01	 1.14504329646006638987465e-01
-5.76091349136262587116164e-01	 7.81207487435429781541529e-01	 2.40486213794436853863346e-01
-7.08789787408288352033026e-01	 6.67696388205256785575159e-01	 2.27592992957535045217554e-01
-8.17378233139845478127938e-01	 5.37348049947052208707987e-01	 2.07725533354194885626853e-01
-9.01160589065821970855552e-01	 3.97002238472666246771325e-01	 1.74065549038955852401145e-01
-9.59154777017337201172609e-01	 2.57112209671098213004115e-01	 1.17963661196436933598086e-01
-9.92455310850967276081747e-01	 1.07450671391357388539944e-01	 5.90492098275396393169956e-02
-9.97053194643038986910710e-01	-7.12916443600243865397204e-02	 2.83271688764355454581700e-02
-9.72321372944337847243901e-01	-1.81890257563084245528984e-01	 1.46652930142132015278733e-01
-9.26550752769415453258262e-01	-3.40518206192608696714075e-01	 1.59846969923729820273195e-01
-8.57634442034488575501427e-01	-4.86937575322623328322180e-01	 1.65393354083882310190390e-01
-7.66611295390400626637017e-01	-6.21181846850196173193126e-01	 1.62604535372269126680678e-01
-6.52086324643342152285186e-01	-7.41077239766572137824596e-01	 1.59962339046090501470943e-01
-5.18185598710012240708522e-01	-8.41318004254935636332391e-01	 1.53843105162494525606220e-01
-3.56045604767434131776582e-01	-9.22115420711654976138050e-01	 1.51441996195110145650986e-01
-1.84239253794280938292260e-01	-9.70066708974130609277609e-01	 1.58197590062004955768771e-01
-1.71464884313652088376756e-02	-9.84625932413465076997738e-01	 1.73832595198332939823160e-01
 1.48805122380606863474739e-01	-9.72654317685321734288095e-01	 1.78327266118767924218957e-01
 3.08247431033521646082107e-01	-9.34901404220185860971526e-01	 1.75905899981663504938467e-01
 4.60663947523663963590224e-01	-8.71066428000650372354130e-01	 1.70387809018436503505356e-01
 5.99020462382037877091534e-01	-7.84622750694755066724895e-01	 1.59817473199289766805364e-01
 7.21864656664665482743715e-01	-6.75403728245945078612067e-01	 1.50801927474028679698748e-01
 8.33514707437906787745874e-01	-5.44176195384881489225393e-01	 9.55274874637468546234587e-02
 8.81979661503225598195854e-01	-4.31208034050358401945147e-01	 1.90188086022971020172534e-01
 9.44290966286669641860385e-01	-3.15219031869232113596269e-01	 9.46125411180356451490425e-02
 9.81030428683235422582243e-01	-1.93823146813228458507083e-01	-3.44757262503856808794067e-03
 9.94721730576507590093627e-01	-5.35621267579988041829253e-02	-8.75201536563904314292017e-02
 9.96615329909388503182299e-01	 8.16194848674348938377676e-02	 9.80529854596291598756164e-03
 9.74897924883845634624890e-01	 2.12473777306931954633740e-01	-6.65502067171546696222606e-02
 9.61148805208915102404887e-01	 2.64319852885453732138643e-01	 7.95486619377547832243636e-02
 9.02552182284290793745640e-01	 4.25357955669284637512106e-01	 6.68593135076299693864144e-02
 8.20785189613064680713705e-01	 5.69000804830697037850484e-01	 5.04951147524648619180354e-02
 7.14515321564085592598303e-01	 6.98643765561288709875498e-01	 3.69424429689534927767625e-02
 5.87468917477984464703411e-01	 8.08948356639838106474372e-01	 2.19733312665684257791732e-02
 4.30709964554994662044862e-01	 9.02467393263119865842725e-01	 6.44441850788790137477546e-03
 2.56594149200509547004145e-01	 9.66478667452493334089070e-01	-8.85595592352438759631283e-03
 7.99201042083258067494356e-02	 9.96470209282144248064128e-01	-2.56884985261935372413689e-02
-8.81557653547154068673919e-02	 9.95470435657909047399983e-01	-3.55973702087298143892369e-02
-2.51987630799526629576945e-01	 9.66962404598011304734939e-01	-3.85479184661583207383018e-02
-4.08846810538298854886818e-01	 9.11974965816279015129453e-01	-3.38518424470131140679996e-02
-5.56979132322338310601140e-01	 8.30174636283963152116883e-01	-2.41727000611152327558262e-02
-6.45182908055557224891174e-01	 7.57468575388378750901097e-01	 9.99018140579765456799066e-02
-7.70663740312305667323756e-01	 6.32178035889495726351583e-01	 8.01768689008680590646350e-02
-8.68655199254910304063060e-01	 4.92946333373620371176571e-01	 4.94171753635902696877302e-02
-9.34947403086864969878889e-01	 3.54742219844242590021111e-01	-5.59561624011522835281385e-03
-9.76445985311208741741495e-01	 2.06789566700894822393053e-01	-6.15736378109926901780469e-02
-9.94967788864804747461790e-01	 3.55232507403308722659929e-02	-9.36867001143769084769986e-02
-9.83090120097652397923582e-01	-1.43056092833829057164863e-01	-1.14318721430490793933288e-01
-9.67202115542134754910819e-01	-2.53874550873517623728048e-01	 8.23286764068962076401625e-03
-9.10211564090534608340022e-01	-4.13876425500425193515497e-01	 1.48732313521269150780046e-02
-8.28602826057965091699486e-01	-5.59595437356514513460581e-01	 1.64408983490945750927104e-02
-7.22936240679766806138673e-01	-6.90745907554031091102331e-01	 1.52736082562151386649019e-02
-5.96329240285303430191277e-01	-8.02637918669315442166123e-01	 1.27987770877756937282221e-02
-4.47401297904047035025599e-01	-8.94158113320079772634585e-01	 1.77016105947902131767524e-02
-2.76009976423556013802596e-01	-9.60985070497335835959518e-01	 1.80606532522723621514427e-02
-1.00191696566189980543982e-01	-9.94689164122157465364182e-01	 2.35603632644421877306851e-02
 6.94072933732972352505186e-02	-9.97104247454810854733864e-01	 3.10764755750804755329852e-02
 2.29063167693397934376875e-01	-9.73051724193390366046685e-01	 2.64652083032920690253142e-02
 3.83290485525779656139633e-01	-9.23282255935760742815432e-01	 2.52641956053323915587505e-02
 5.23846206807406011840555e-01	-8.51708925650021986264449e-01	 1.33062985678984151832749e-02
 6.50136919726823192533516e-01	-7.59809519875669803212759e-01	 3.38808418175710413314250e-03
 7.62001459377926626537203e-01	-6.47574601167973606941075e-01	-9.54896879276436382974480e-04
 8.32673147113963674215142e-01	-5.45221171484023159337085e-01	-9.68984222829097630036443e-02
 9.01282298782908886103371e-01	-4.33228188855674933854800e-01	-1.88528019854423945465827e-03
 9.43741608001122722626519e-01	-3.15200880795756144259201e-01	-1.00000910361031022932643e-01
 9.66037278051659953348462e-01	-1.79645318167931555830563e-01	-1.85740510053360619036056e-01
 9.62571305962619971907657e-01	-3.89116765546380222184908e-02	-2.68220734405682614820421e-01
 9.81439991389915999953075e-01	 8.62693311386891342751326e-02	-1.71269220251173609481654e-01
 9.42928050772747217145309e-01	 2.47357390790693715265647e-01	-2.22937238448689623027121e-01
 9.29380743810063858489912e-01	 3.60692627899011464265300e-01	-7.84363513580145915726760e-02
 8.60672545331853888761486e-01	 5.00367936907666899237768e-01	-9.42056125013415318614207e-02
 7.69009090305264431108867e-01	 6.30499579004896282263815e-01	-1.05334229491263295375170e-01
 6.54367283549708078638218e-01	 7.47209691035752077148402e-01	-1.16108293597106601580116e-01
 5.15524837516861955677427e-01	 8.48456543535529128519102e-01	-1.19815005883888159310402e-01
 3.49877444279790783543405e-01	 9.27323874552283156091903e-01	-1.32876655848886943145359e-01
 1.76840738347312009803858e-01	 9.72115398838605981879368e-01	-1.54009754891162226053680e-01
 8.66983520427429439625389e-03	 9.84239402521517647848270e-01	-1.76628515482684267379199e-01
-1.55334858730407698867992e-01	 9.70274770163235378284128e-01	-1.85574653570699660276588e-01
-3.13374365929315890078044e-01	 9.31233112609168744988608e-01	-1.86014506849972616198130e-01
-4.63274964713067505250876e-01	 8.68272127037889585032815e-01	-1.77425535025839409275505e-01
-6.03721364150295647377220e-01	 7.80511611520644077444331e-01	-1.62240989734263513222245e-01
-6.98986727083866998810890e-01	 7.13819194433603754212925e-01	-4.33556572865047493148261e-02
-8.12890319103329428429561e-01	 5.77822285715144712270330e-01	-7.30118842313560445500542e-02
-8.86904985234829856821648e-01	 4.43439854892320517443238e-01	-1.29462899159118571823512e-01
-9.36081707628091397310754e-01	 2.99430007646066809190444e-01	-1.84642105612867091224416e-01
-9.66214576259612933917253e-01	 1.36702143861375913225231e-01	-2.18499236811391828183559e-01
-9.70084535894395472155338e-01	-3.51642097016440502432744e-02	-2.40207143054935817749751e-01
-9.44335235443462539528525e-01	-2.09140481864540039858014e-01	-2.53951219617878976020364e-01
-9.38098918512598412000614e-01	-3.20921140009508887303014e-01	-1.30307486279532425132999e-01
-8.68298564482870349756638e-01	-4.79083080823808016290855e-01	-1.28596285270435234382447e-01
-7.73074051859014010901205e-01	-6.21205719936010147819161e-01	-1.28296390678265703755301e-01
-6.55578537999817911874345e-01	-7.43746680291749506785948e-01	-1.30604961885157605516738e-01
-5.19021239514064092190893e-01	-8.45263885127347736059278e-01	-1.27066586609959036868744e-01
-3.64713752959557768740240e-01	-9.23972639690458730221678e-01	-1.15145297366416168860503e-01
-1.86145603274784965375233e-01	-9.75771042160108126317652e-01	-1.14981249181086056521117e-01
-6.95208515016135057684732e-03	-9.93478872719389283219016e-01	-1.13804208939196987993014e-01
 1.55095035450117019193428e-01	-9.80062753204515524352303e-01	-1.24187478273422691188443e-01
 3.16631230677058561617798e-01	-9.40594264615828956621613e-01	-1.22585044486427360843628e-01
 4.63171880646879918774772e-01	-8.75686503285708961463740e-01	-1.36546537639300441524526e-01
 5.97021888929443966809174e-01	-7.88418080585600034027038e-01	-1.48195122540646206932280e-01
 7.18675582487337982762199e-01	-6.78833716604095527280549e-01	-1.50632640347157009674817e-01
 7.83380353095682990804960e-01	-5.66620310330153698075151e-01	-2.55453804639985126989643e-01
 8.80490798743827851602362e-01	-4.32858050646172054509719e-01	-1.93312858646941115869922e-01
 9.10700039161700392043031e-01	-3.03861885310435009266428e-01	-2.79809566181118296590569e-01
 9.18317941932796477644274e-01	-1.64865913791745533067967e-01	-3.59876906724960365924204e-01
 9.03826240617270570965047e-01	-1.11769430431102202022631e-02	-4.27753670604780533714973e-01
 9.36077894626607065475810e-01	 1.18697058969830973595982e-01	-3.31163378686912757142835e-01
 8.86030616606009124858190e-01	 2.77214962475183179790861e-01	-3.71620251085242214728055e-01
 8.86145408131276512975205e-01	 3.97936857815388067560747e-01	-2.37471204232995530825079e-01
 8.05552944155851102792099e-01	 5.37195283086231989422288e-01	-2.50011363725218482834123e-01
 7.03017588017048500326212e-01	 6.63019389985278762011944e-01	-2.57238331984641410699055e-01
 5.77536084619108880389149e-01	 7.73847188815482756041320e-01	-2.60024228342676189118521e-01
 4.32925914275700651767664e-01	 8.63933047002943377279394e-01	-2.57283584872332937720785e-01
 2.67188114480470417788638e-01	 9.22761716718725200081508e-01	-2.77707266089100290873404e-01
 1.05386839622377853631363e-01	 9.45269011905360390102260e-01	-3.08804321805688619662078e-01
-5.67364022435253093079588e-02	 9.43255215232873478470310e-01	-3.27185848710555227114583e-01
-2.14063257144838148260391e-01	 9.17800603341486609387800e-01	-3.34393442589034639578216e-01
-3.64350654736661450083801e-01	 8.70073117161444309353158e-01	-3.31996040919065538155053e-01
-5.05309441070979969978794e-01	 8.01468649889397477537045e-01	-3.19859925606507111695009e-01
-6.35912786776172356262293e-01	 7.11387909717686617305787e-01	-2.99235976316456875334637e-01
-7.35077760128290291774533e-01	 6.50929066828784486098414e-01	-1.89610222620469032195345e-01
-8.14866259064322417948745e-01	 5.22839334201973482407766e-01	-2.50263881632474871619110e-01
-8.70744174017494598771805e-01	 3.84677172253338528484790e-01	-3.06313657158420515891351e-01
-9.10135434399455434117954e-01	 2.31121090970429987621060e-01	-3.43855394547115889025690e-01
-9.27883495202745933738697e-01	 6.81817755986711820925805e-02	-3.66583503183856185270173e-01
-9.18908577261474124320273e-01	-9.97670304995885437460146e-02	-3.81645864985575067329648e-01
-8.81730938033319366908813e-01	-2.67199827812632850765340e-01	-3.88786322974178533140588e-01
-8.85279536899810648442610e-01	-3.80798300700262659646000e-01	-2.66969653200976264617594e-01
-8.01713572428063625530115e-01	-5.34315112090451016513271e-01	-2.67885626296747725305636e-01
-6.94510929637155771665391e-01	-6.66342068118294994505391e-01	-2.71372100390529114033455e-01
-5.69085279107996888647847e-01	-7.75561315731009948137853e-01	-2.73215282596266983983213e-01
-4.28916445790063494136746e-01	-8.64099750000843047637034e-01	-2.63367242798530520886402e-01
-2.73356327459590542350298e-01	-9.30356578154725388785096e-01	-2.44362345139416903272434e-01
-8.84957372495389360533835e-02	-9.64898080809644231869981e-01	-2.47265440647345985381023e-01
 7.20597518881116588795877e-02	-9.60265848715526115775276e-01	-2.69623611630128545701979e-01
 2.43061761906349510509173e-01	-9.33322803757753338693703e-01	-2.64252765141157086592472e-01
 3.94669269736839578577303e-01	-8.74862927872562812225965e-01	-2.80804246690887826520822e-01
 5.33815973682468580818750e-01	-7.93023056627936262508172e-01	-2.93521614021733046051565e-01
 6.61660536910060770310338e-01	-6.89157920955078773239677e-01	-2.95409366609732937369870e-01
 7.17977337194291242994382e-01	-5.67060870488296120406346e-01	-4.03671292559244276887398e-01
 8.26126308631208838839655e-01	-4.39685480377789705830338e-01	-3.52408854219534717344686e-01
 8.47612884345831818500017e-01	-3.00496095575747912409525e-01	-4.37326531135112217540950e-01
 8.47816307202489682914859e-01	-1.48552187625514475755040e-01	-5.09057714599443045244698e-01
 8.22050606087686763778777e-01	 1.11383994640980570761668e-02	-5.69305486613509992288584e-01
 8.65260613401351075246737e-01	 1.47426673363048710285739e-01	-4.79154929931251638564049e-01
 8.04334547378006914364335e-01	 3.03873248200942747132558e-01	-5.10594736480925015520427e-01
 8.18308778218473809040745e-01	 4.25651084386117928293203e-01	-3.86253670340504007274518e-01
 7.26829594679808121959752e-01	 5.60868393808889309504195e-01	-3.96415672147081732390461e-01
 6.15086563740399827615590e-01	 6.80323258487426252294483e-01	-3.98533289785279964956288e-01
 4.83351292972981405604571e-01	 7.79106175366942377280566e-01	-3.99205579979091396136681e-01
 3.46640398414796824244632e-01	 8.48781949561170478979477e-01	-3.99261363377386546691383e-01
 1.94074399750674669862249e-01	 8.79489990975160118580334e-01	-4.34548596978437451365807e-01
 3.37329769835741921646388e-02	 8.88177967277178570526530e-01	-4.58259734983562316834593e-01
-1.26238289108947659977744e-01	 8.72225898601585836189543e-01	-4.72531349406049794303897e-01
-2.82142656627087706766588e-01	 8.33478811309391831585458e-01	-4.75087983861613272207336e-01
-4.31804504533146393807641e-01	 7.72157682937801070899297e-01	-4.66173125078023609102473e-01
-5.73882557182085806246619e-01	 6.88402698533107426648314e-01	-4.43576977777798808766363e-01
-7.17268396586527523517418e-01	 5.93721484229872475957279e-01	-3.64720230343847540144253e-01
-7.78780904018459341209280e-01	 4.64100250308505157814665e-01	-4.22032298763701407828819e-01
-8.25618403350676266505559e-01	 3.20641328194945784968439e-01	-4.64266508270908262456800e-01
-8.54823469627769672030126e-01	 1.67333700314048317014937e-01	-4.91198807523745950565086e-01
-8.62449486441087320720555e-01	 7.61952841024026317900963e-03	-5.06085789292991750087936e-01
-8.42456809948785689812212e-01	-1.55706317857182557906626e-01	-5.15773269906723452749020e-01
-7.96149430809398150898915e-01	-3.17435419461732759582873e-01	-5.15151277095403314909561e-01
-8.08679334884957912166215e-01	-4.32201391672955070877293e-01	-3.99048481222498807596821e-01
-7.11802945966607869543452e-01	-5.73212580844300934046487e-01	-4.05911201219028017206369e-01
-5.96247282838902492585476e-01	-6.87568011099580211897830e-01	-4.14414536207157679914559e-01
-4.67128735943658390805666e-01	-7.82655978340373814639008e-01	-4.11388336761936646013282e-01
-3.26981329517177621291069e-01	-8.58510555589664936526617e-01	-3.95022576681768988748900e-01
-1.73552148169610703787313e-01	-9.13048799564916024884553e-01	-3.69082025407333425004452e-01
-2.31250865033974239981518e-02	-9.12618564778249652391651e-01	-4.08157549968512112226193e-01
 1.59144271738345249866953e-01	-9.04445671098824677258676e-01	-3.95791774552565311928731e-01
 3.13811280081561949639735e-01	-8.53213572268317288482820e-01	-4.16592223392022231731602e-01
 4.57220575342149937458913e-01	-7.78009709515177672045638e-01	-4.30871485925795105753622e-01
 5.90394878403267986399783e-01	-6.80674498958572904427911e-01	-4.33723545617120342932083e-01
 5.02489257000367284256015e-01	-6.56263774632431018396517e-01	-5.62869793739558033074388e-01
 6.34986736621218184062343e-01	-5.50968724000173826205184e-01	-5.41502825005332755203824e-01
 7.51652351719109046435108e-01	-4.31382062946854161200605e-01	-4.98927106823080224184963e-01
 7.57035272490667598965786e-01	-1.27137532569017830397229e-01	-6.40885047428353504805898e-01
 7.18616764753717274238909e-01	 3.63409591278601104558099e-02	-6.94456103799633961415338e-01
 7.72006562103435434174514e-01	 1.70207742064000355775022e-01	-6.12401169667979416999515e-01
 7.00651418555883198635570e-01	 3.22110673629134203199698e-01	-6.36657131908387685648165e-01
 7.23911989835482660993193e-01	 4.50011620480121499188186e-01	-5.22915836827770208472543e-01
 6.17726112945154337552367e-01	 5.81906292389051449376325e-01	-5.28960788966155948109815e-01
 4.90184154096268975830952e-01	 6.95707796435757530595367e-01	-5.25081095690397181563469e-01
 3.16697469675687182100177e-01	 7.84306724480701378254821e-01	-5.33446974530150219706570e-01
 1.42176612537656704704503e-01	 8.10083198923190694884511e-01	-5.68815454844264323241987e-01
-2.59131675798068804306151e-02	 8.05249137184596230909506e-01	-5.92370099523468751634425e-01
-1.89022461801797186931040e-01	 7.75864923083490531929840e-01	-6.01917045831929842236718e-01
-3.46551252697982314909808e-01	 7.23755419575283887034800e-01	-5.96724661706606651634388e-01
-4.98301645852802121972047e-01	 6.48682062649964308320705e-01	-5.75245209746744756706960e-01
-6.49499895210017608171427e-01	 5.62079987652167489819988e-01	-5.12070281898017731769812e-01
-7.07765886430455015698726e-01	 4.23032676745218993996644e-01	-5.65783354660675086300614e-01
-7.49519072829001431479412e-01	 2.74107658196945214168494e-01	-6.02566304387609164017192e-01
-7.72533381931884699511670e-01	 1.18147910050402524251290e-01	-6.23885602616062073799696e-01
-7.73012915550393087116277e-01	-4.25638420545202469935653e-02	-6.32960782151500311876191e-01
-7.41578046420243941483363e-01	-2.05196347460818689922846e-01	-6.38714693784536047260758e-01
-6.87709830358072427003435e-01	-3.47486902299958821949133e-01	-6.37422969431483799063187e-01
-7.07480134031588048237893e-01	-4.68441217232504647505209e-01	-5.29183036338444767743283e-01
-5.97478868461118084454142e-01	-5.87865198746108874594540e-01	-5.45374650901213287035318e-01
-4.73127227148937290479580e-01	-6.89801068844735243423827e-01	-5.48019262755442659873495e-01
-3.35737764579005615317442e-01	-7.74614947149551369420806e-01	-5.35958801670417650520051e-01
-1.85478315098054846732367e-01	-8.43293704199763016760016e-01	-5.04433863936026072316565e-01
-6.00354236725539613939162e-02	-8.09542309901063794619347e-01	-5.83983729554605868194983e-01
 6.96043465673404498916810e-02	-8.53869640760780090893434e-01	-5.15811856713269234475661e-01
 2.21190807553780260930054e-01	-8.09746811158611579095634e-01	-5.43493080427126296072515e-01
 3.65272877614163160586713e-01	-7.44743924768065612695978e-01	-5.58508917923900671809179e-01
 5.29476239502960188687553e-01	-5.25809752822159470753149e-01	-6.65716918546392033562142e-01
 6.57015659810604391033451e-01	-4.11426339746811253750280e-01	-6.31711001745400957396726e-01
 7.64757676091831095632756e-01	-2.84382791720802108326183e-01	-5.78162714667510457822175e-01
 6.48018796861352663896128e-01	-1.01991883994149740155777e-01	-7.54764396691900874003522e-01
 5.95529469713031112121371e-01	 6.38739523622593591278829e-02	-8.00790090418793898408012e-01
 6.54678052203690241661604e-01	 1.95965080255527113184399e-01	-7.30064610348445164333953e-01
 5.67652922794788405980171e-01	 3.44131250968055801831014e-01	-7.47892934416213739368118e-01
 6.10131412123711691641859e-01	 4.59595315033917428682031e-01	-6.45377258925971086789275e-01
 4.99061313002101714086933e-01	 5.72955260837932023321173e-01	-6.50123122910388095974099e-01
 3.77805447670749527944167e-01	 6.76799478305451396309422e-01	-6.31827120243958373357884e-01
 2.27244590830625731170400e-01	 7.11951382495855766840975e-01	-6.64443470056303109316787e-01
 6.76743572193847925388965e-02	 7.15831683837318322183307e-01	-6.94985742148407359408679e-01
-9.40282354277860721314397e-02	 6.96574912846747440475781e-01	-7.11296057724828956203567e-01
-2.54297317803633071697789e-01	 6.55033980634211032700875e-01	-7.11521860783193460520124e-01
-4.11522375964035791451323e-01	 5.92133864557584321808292e-01	-6.92839678803845004928519e-01
-5.68205488662991475834474e-01	 5.13772766578607709142545e-01	-6.42790842323857747331317e-01
-6.20956005334628358127702e-01	 3.67285808354433085387569e-01	-6.92470053085540881987470e-01
-6.56836628154329082995844e-01	 2.11711566934804945594450e-01	-7.23701496710391967148723e-01
-6.72815524773165196670277e-01	 4.89371852831883558110349e-02	-7.38189963031718132668857e-01
-6.63465108582209195375867e-01	-1.21646066660954454974330e-01	-7.38252181954050290535463e-01
-5.88497492087547535710712e-01	-3.08722752745648587602290e-01	-7.47235547698191560073155e-01
-5.85883666353528620440727e-01	-4.67670042572569888417178e-01	-6.61834617393437629750963e-01
-4.69617663176709387862218e-01	-5.74272575519956585132775e-01	-6.70574574106506449133747e-01
-3.40393888772324182401263e-01	-6.65493246882884692539051e-01	-6.64267068911089775262724e-01
-2.01229410508788425504534e-01	-7.41488351368339460023549e-01	-6.40079486572837752511589e-01
-5.37428724511923028295257e-02	-6.98532361353866648734368e-01	-7.13557456552789348691590e-01
 9.05346850167612904325409e-02	-7.55025954543042887578963e-01	-6.49414566186563790850528e-01
 2.42501812731283239443769e-01	-6.99880804958969204854213e-01	-6.71833111473397859292334e-01
 3.87961718518321785342806e-01	-6.24157902880385528909812e-01	-6.78168575824823705033850e-01
 4.02884230799582132576120e-01	-4.92486895448789818718893e-01	-7.71453792773255986325864e-01
 5.41887979226867155801983e-01	-3.85024173524563750881100e-01	-7.47070146486358610538048e-01
 6.62151949583256738129933e-01	-2.61535882651119044872701e-01	-7.02249085260345684567085e-01
 5.23120897799614459344753e-01	-7.42805121851299876567509e-02	-8.49015271826626394258142e-01
 4.53429548542132299093765e-01	 9.22778400133500570357015e-02	-8.86502365902849143175501e-01
 5.15124646363789850944670e-01	 2.21066000745157170692679e-01	-8.28116188721801704808456e-01
 4.57394283260851686190307e-01	 4.61922134891310287585497e-01	-7.59880524120566058776660e-01
 3.38415851626092445414429e-01	 5.73659424906039716596240e-01	-7.45915260324293560856290e-01
 1.82708949887722793548051e-01	 6.04666007833869256771209e-01	-7.75239613668688209990876e-01
 1.66047630570081219958389e-02	 5.99528383203493664410644e-01	-8.00181229208249744644377e-01
-1.49948910907094695721398e-01	 5.69648204601695518078941e-01	-8.08094206829773731293187e-01
-3.14048738153098527803309e-01	 5.18023755015232567622263e-01	-7.95628543545519706370328e-01
-4.73177060490382772606210e-01	 4.51274673993303621077899e-01	-7.56607320898970980849185e-01
-5.18819168945720998742388e-01	 3.00354737414071037981955e-01	-8.00383471623068887268460e-01
-5.47122297714887406705486e-01	 1.42915177027474971094279e-01	-8.24762052666335732098446e-01
-5.55175144183963742428034e-01	-1.75554936150709231523770e-02	-8.31548172942642271898706e-01
-5.45697682700644559616876e-01	-1.79901457108549711616519e-01	-8.18443342465052681156124e-01
-4.68129576024442495274513e-01	-4.31907408231848144453124e-01	-7.70915488731173326186763e-01
-3.37751406196991565966670e-01	-5.36069341100144591827359e-01	-7.73662490459768870110224e-01
-1.97809591940956486233461e-01	-6.22969906307601517525541e-01	-7.56822212392877946562919e-01
-4.23804188011545485137432e-02	-5.73051075453853364649603e-01	-8.18423096584780407347637e-01
 1.02342111756604389749548e-01	-6.39299974123932468472731e-01	-7.62116549647321450677850e-01
 2.54649810888621708215851e-01	-5.74185356443167815854167e-01	-7.78116090477906641176276e-01
 2.62640065931709021374019e-01	-4.35491245916442892838205e-01	-8.61027043998928154344696e-01
 4.08525450662814260116562e-01	-3.50762710336828376078699e-01	-8.42657983524696008181820e-01
 5.41209381786635024269572e-01	-2.34289246772262760298844e-01	-8.07589594975699598400354e-01
 3.83581807934183061092881e-01	-4.28504747869673033311422e-02	-9.22512240261599614221666e-01
 3.43681505999026026820786e-01	 2.08814033890447975361226e-01	-9.15576169242428683503476e-01
 4.05340139008452171598407e-01	 3.40055345555079269193044e-01	-8.48564513556880117839398e-01
 2.90869068059272650739189e-01	 4.56613479547764211652350e-01	-8.40773046393385348196148e-01
 1.33875261629283121012080e-01	 4.85103001745478934481071e-01	-8.64148420134653205693098e-01
-3.77130183008690111901018e-02	 4.69610243949957095743741e-01	-8.82067994560453483288143e-01
-2.08522182467113098569556e-01	 4.29132624035031773335191e-01	-8.78842244323724042232016e-01
-3.68686938039768763442083e-01	 3.69351478794989696030626e-01	-8.53023696523616092868281e-01
-4.06252203582063375897349e-01	 2.10256389895133066758603e-01	-8.89242035439724243239823e-01
-4.23458053053816396715803e-01	 4.56530087733922965154143e-02	-9.04764654533878109887723e-01
-4.20853769208084427244643e-01	-1.20316810280488364903739e-01	-8.99113991720336680479875e-01
-4.37876204227249155032098e-01	-2.93783216710752248523875e-01	-8.49679852268264479420168e-01
-3.17566321250927319219670e-01	-3.98296346840487869300773e-01	-8.60529866826640010835092e-01
-1.83961420260750130317717e-01	-4.91037374769410728259089e-01	-8.51493095941014188632323e-01
-3.41913681520240458899806e-02	-4.30166830461584936973196e-01	-9.02101684021555882964094e-01
 1.11353442219130321921838e-01	-5.06409025050314598459522e-01	-8.55073277709893719844558e-01
 1.15972851199551946210775e-01	-3.59351132324206845591874e-01	-9.25968175199319176726931e-01
 2.62920278895647618888631e-01	-2.85631378075866360077839e-01	-9.21568034821041548454446e-01
 4.03313064528769193994862e-01	-2.00715843988280101539701e-01	-8.92777532172761123518967e-01
 2.76433153972620859750720e-01	 6.74366324768047170623575e-02	-9.58664181027401252066511e-01
 2.34355197327021702591310e-01	 3.25377684637891517738240e-01	-9.16082421960763171320252e-01
 8.01647393787598000480799e-02	 3.55471790206631166331164e-01	-9.31242944095486024913555e-01
-9.71611082268258596794652e-02	 3.28353425089179973284104e-01	-9.39544436032878405029578e-01
-2.56390655685663715335210e-01	 2.72560633302514065956501e-01	-9.27348118481300498494591e-01
-2.82825283931649462676461e-01	 1.06168389319179976015839e-01	-9.53277573363788377491801e-01
-2.85828372291954513340073e-01	-6.07312457090471644050034e-02	-9.56354462209258238125642e-01
-3.01778580767158466358069e-01	-2.33939975395721172501950e-01	-9.24230369605981372238546e-01
-1.74609055363958598494634e-01	-3.38133289016523508330181e-01	-9.24758107098161419301618e-01
-2.84363353995595209700031e-02	-2.73013137265468552872250e-01	-9.61589934280465685745298e-01
 1.16634332413353150603719e-01	-1.98390253447463055236355e-01	-9.73158640633449367740582e-01
 2.53689438221188057198674e-01	-1.24023763174418807930799e-01	-9.59301712238164294710430e-01
 1.69947284432244521967803e-01	 1.78542574629411088249498e-01	-9.69144194410102688408415e-01
 2.15780515784006060586719e-02	 2.19369967514296715371813e-01	-9.75403098745773133870784e-01
-1.35116807282889800356784e-01	 1.65382661280217502230983e-01	-9.76929897043565476089100e-01
-1.41521081950149590911181e-01	 8.38010509910577772695051e-04	-9.89934887304233068761050e-01
-1.58285613366568739257545e-01	-1.70241862066141530496211e-01	-9.72606484145269400976019e-01
-8.50567444289970948922974e-03	-1.01343115242489734129094e-01	-9.94815172027054939185575e-01
 1.41473014431599403151196e-01	-1.24879095212002706044574e-02	-9.89863343246645932538286e-01
 1.20586332558704958234364e-02	 6.63195934068198933442062e-02	-9.97725563917430502414163e-01
