-1.89548514135743834119197e-01	 7.68804567155901841246646e-02	 9.78856861938523836741410e-01
 8.51465636537781650483581e-02	 7.56910881989769912525645e-02	 9.93489266104676027602238e-01
 1.91160037731165799446131e-01	 3.17745892868759094440634e-01	 9.28706297781841438876427e-01
-7.60489409267531280001151e-02	 3.01596272230872597397422e-01	 9.50397941475233265506972e-01
-4.26694337860713146515224e-01	 4.46677833350477351825880e-02	 9.03292162685772948016449e-01
-3.16405053718275763863232e-01	-1.94167075817255480041368e-01	 9.28540246112203315753675e-01
 5.96316110807407553928705e-02	-3.75450739787382192780285e-01	 9.24922057771909056356208e-01
-6.24000936669855260641171e-02	-1.57528320310619418531672e-01	 9.85540996920202361231134e-01
 3.49057691581615592291143e-01	 7.78978648701860731939917e-02	 9.33857939194383090963925e-01
 4.38271488622812732671719e-01	 3.15280726935836586033446e-01	 8.41734023004389486644072e-01
 3.10619570473930184384415e-01	 5.39389932753242318241860e-01	 7.82671056627906813751849e-01
 5.27608652138948155951859e-02	 5.35197186903336730168235e-01	 8.43077850635773895504599e-01
-2.12325210621506194064168e-01	 4.90172023375219756413657e-01	 8.45369382243511546803916e-01
-3.75858881962450819269606e-01	 2.98013362680990934183711e-01	 8.77449791448778326774516e-01
-5.71569645571860962540711e-01	-1.51903042360238882402257e-01	 8.06370638095510683385214e-01
-4.49680299355525781024312e-01	-3.96028114199257541550026e-01	 8.00593130831950494652460e-01
-1.93320083029469902413666e-01	-4.23892564930151261037850e-01	 8.84840346556607038053244e-01
 1.76754160529717568861585e-01	-5.68627053759742873140226e-01	 8.03381130266294873898403e-01
 3.44018709283587742486787e-01	-3.77966921497182195555098e-01	 8.59530182086002958463666e-01
 2.20267685566247095607650e-01	-1.57855710854404335252710e-01	 9.62581799768694845731432e-01
 5.89035840959450274212372e-01	 6.67781032414527103702184e-02	 8.05343071611513416918626e-01
 6.52529220302296542044473e-01	 2.95704283436541204288517e-01	 6.97685167829271479789099e-01
 5.53118329853302892473721e-01	 5.21889425892218095093256e-01	 6.49377810155370216449455e-01
 3.96476519041192687620168e-01	 7.09091675594753390043934e-01	 5.83091215378180649508977e-01
 1.38863179689206223121900e-01	 7.29306875441538271509501e-01	 6.69946638740955169311064e-01
-1.28982069257448456189863e-01	 6.99372300389421219790620e-01	 7.03023478454365746692645e-01
-3.97576263377954264299774e-01	 5.86470779546606868493086e-01	 7.05680621482848158265710e-01
-5.70357643294590155313983e-01	 3.94154990182475351012670e-01	 7.20648320923384821945490e-01
-6.19965077372399364641353e-01	 1.39504143149857068317843e-01	 7.72128160918029937676010e-01
-7.62322462326593619508230e-01	-6.38995767399697239818934e-02	 6.44035175689008365651489e-01
-6.80129840328362988977062e-01	-3.37292088679417012553330e-01	 6.50889735062085361683160e-01
-5.39331714397958350559747e-01	-5.72280424942163135071382e-01	 6.17751096375049990605532e-01
-3.08452667639104782804083e-01	-6.25868453650884171146629e-01	 7.16341839173847971800058e-01
-6.33142271935441119934396e-02	-6.31621707176711844056172e-01	 7.72687082626634991200376e-01
 1.67250326430571277791515e-01	-7.61636317228383652455648e-01	 6.26049078417700521903555e-01
 4.03817030229076334713056e-01	-6.05130568711902072642772e-01	 6.86111361884773951480554e-01
 5.74864521439198195018605e-01	-3.92016800417547106594185e-01	 7.18229496874690398477981e-01
 4.83544234736742961633382e-01	-1.61641415749763123210769e-01	 8.60265671619686256299531e-01
 8.74306500487572302304784e-01	-1.12433813683671335326153e-01	 4.72172405743622736196130e-01
 7.90649383362934998764615e-01	 9.23944209055898718618849e-02	 6.05257650569847371890830e-01
 7.91126441966285232076928e-01	 3.60938471977013897173947e-01	 4.93803981624960530716351e-01
 6.81198477750540321018491e-01	 5.90141780658570924700257e-01	 4.33245095334589991331598e-01
 5.15475207306484883851283e-01	 7.75047276661927520002848e-01	 3.65495594489545050365109e-01
 2.34975951582624048574743e-01	 8.63041367661347758044599e-01	 4.47153105639523540393299e-01
-3.87043460508954828558359e-02	 8.61234762304085466055881e-01	 5.06731346766507217971309e-01
-3.09689778895008704928671e-01	 7.88701981952882880122502e-01	 5.31075723895900742022036e-01
-5.53551169569496126499075e-01	 6.52575649034003335557941e-01	 5.17422578707281144438923e-01
-7.22454822530735785157674e-01	 4.56845862555061654752819e-01	 5.18990257392568876682049e-01
-7.81330932591820404020666e-01	 2.08424873302264695995589e-01	 5.88286533896647423347304e-01
-9.04808290888346355984595e-01	 5.24169113371972077153327e-03	 4.25786896714504980998584e-01
-8.50088695082437451056023e-01	-2.53888225559601055092429e-01	 4.61400021039483243523449e-01
-7.37240275930392874315089e-01	-5.08861740784165794693195e-01	 4.44450789528139822426311e-01
-5.66247931367664270041473e-01	-7.18464479683208590010679e-01	 4.03945629578260967385006e-01
-3.37736461647947627806587e-01	-7.89916016904290363420671e-01	 5.11826893306306707209785e-01
-8.89668788383527336938172e-02	-8.10728111359237613164908e-01	 5.78623214122666817971208e-01
 1.44089062141356305524198e-01	-9.01609332315891021103482e-01	 4.07846728627455856752704e-01
 3.91801067821589521500414e-01	-7.86339705839400271436546e-01	 4.77662841630231704836973e-01
 6.01093438008958202978249e-01	-6.01375407027086472666610e-01	 5.26340477833100672810929e-01
 7.63960341129100939383534e-01	-3.67969860062108966580752e-01	 5.30059222415552366847180e-01
 7.05978480566713084698449e-01	-1.55525830342243154280624e-01	 6.90945801834753958736712e-01
 9.74924043367715209562618e-01	-6.23771529023416024251070e-02	 2.13616947968421871939526e-01
 9.16620105963228071210835e-01	 1.49433005074849800664083e-01	 3.70779393087400099826567e-01
 8.77263879616186348364693e-01	 4.04553122327967640270430e-01	 2.58350259793656722440147e-01
 7.56026583731045920266922e-01	 6.26303834538360248984645e-01	 1.90177053122900230341941e-01
 5.81730455750052666274996e-01	 8.04827624642742600613587e-01	 1.17652757998938151118296e-01
 3.42493140522912631329433e-01	 9.15247103825658214759642e-01	 2.12181968210065963198474e-01
 5.86739519410201110227732e-02	 9.60060331156504798144624e-01	 2.73571796615231066507334e-01
-2.12706478825005845800789e-01	 9.26992945705209403506331e-01	 3.08933702400120413500417e-01
-4.61497188328113427946420e-01	 8.29930333495905503404799e-01	 3.13426206161228404489805e-01
-6.71725956331684970201934e-01	 6.83876712943152331725116e-01	 2.84775141268251319459637e-01
-8.26291902987416726489300e-01	 4.87724036498307533804564e-01	 2.81721414307168516177882e-01
-8.97015717965809478151584e-01	 2.58319711588749778563567e-01	 3.58655445137793182919239e-01
-9.81463400650823269977252e-01	 1.03679909651105961465589e-01	 1.61183341315596972975754e-01
-9.63073415831549040078130e-01	-1.57823106350751030113599e-01	 2.18131755644041691599710e-01
-8.79969404944847655158924e-01	-4.09982691801969723055521e-01	 2.39933404893570706439831e-01
-7.53967259232694253512364e-01	-6.28111455792125905617240e-01	 1.92378198109441456153945e-01
-5.72584516888507755183468e-01	-8.03663611072419792336063e-01	 1.62085691094533745904016e-01
-3.54552320622530670046757e-01	-8.95384153544775518440701e-01	 2.69406513510873302230664e-01
-1.11541491793611030614031e-01	-9.31386474264281227775086e-01	 3.46522338624809356222300e-01
 3.49699423113773444349306e-01	-9.07441612298917066325998e-01	 2.32937832354978308080362e-01
 5.76794066299744390136084e-01	-7.63663893243567759583357e-01	 2.90044933135338967034045e-01
 7.58502289816809671663123e-01	-5.60363750150003170347190e-01	 3.32666114686304414949092e-01
 8.69370771499560324180322e-01	-4.80873680669792191721967e-01	 1.13819879201069701357696e-01
 9.01580832905121254405856e-01	-3.07330914642327313046621e-01	 3.04466271766214657823468e-01
 9.97688804935678463792215e-01	-2.14854112692980797616471e-02	-6.44625907686549592945369e-02
 9.76122970487753649493357e-01	 1.88422637300404455240610e-01	 1.08078009969300406489801e-01
 9.05556535628333159060332e-01	 4.24225483083859711275210e-01	 3.16675034684340346753662e-04
 7.71519476009572269248338e-01	 6.32253389466465587354094e-01	-7.08050114475037156713810e-02
 5.88543447244356365821716e-01	 7.95678987627969847018505e-01	-1.43218571955801093897875e-01
 3.85293798013302879468256e-01	 9.20867805032858699476606e-01	-5.95917348837020147134247e-02
 1.53498902455435709546450e-01	 9.87699837825848137029539e-01	 2.97845144961263498528670e-02
-1.22944932258923875223466e-01	 9.90293105754018965214414e-01	 6.48390956746649205211241e-02
-3.88014279816886298313250e-01	 9.18308338366321974532980e-01	 7.84519875150905404703749e-02
-6.14941341396879503911066e-01	 7.87057467398379895229255e-01	 4.88639913786731439060418e-02
-8.02467755655824621641159e-01	 5.95551962707779769523597e-01	 3.69237166007880118767659e-02
-9.32795776410257015953675e-01	 3.51896196794486026959703e-01	 7.78531065068193972589228e-02
-9.75819299191752476119177e-01	 1.81375785409500250855430e-01	-1.21981637109871365876046e-01
-9.96840098927709750142867e-01	-6.80119570249106963899521e-02	-4.10388946176177965563525e-02
-9.40276964103108126025177e-01	-3.40408350465844833365736e-01	 1.17716191120872948339127e-03
-8.23566762994620393811829e-01	-5.64871336668429480099007e-01	-5.15573457519377664759475e-02
-6.49579871127607733072296e-01	-7.55965130982140465221164e-01	-8.10105657614849927750100e-02
-4.16956858846319056155494e-01	-9.08787662060359546778443e-01	-1.58733470911636177780313e-02
-1.73732034774470328608587e-01	-9.81547221907620226488689e-01	 7.98888681767070535366670e-02
 8.81342866269657215783084e-02	-9.83639673512712642278188e-01	 1.57115690535859470200464e-01
 2.84944118007818936177955e-01	-9.58189065251189187044645e-01	-2.60876377964492471572822e-02
 5.23360998166286228716615e-01	-8.51712146572189632287575e-01	 2.60707686841369808139479e-02
 7.20532944372959005541190e-01	-6.89412194936190991789715e-01	 7.44520083442885560742752e-02
 8.53651643077933730552331e-01	-5.02863364012423597060319e-01	-1.35673539809548604484490e-01
 9.65292395715939832712138e-01	-2.60188442069676617585117e-01	 2.26399069418621104454736e-02
 9.46166590178025623814051e-01	-1.97829542754842380158919e-02	-3.23074942313733848298085e-01
 9.60331838728010533934309e-01	 2.19265118373493328451929e-01	-1.72295001059045937985559e-01
 8.51426167183473414645789e-01	 4.50674149152640590720864e-01	-2.68265340886227277028553e-01
 6.81067645150387201979925e-01	 6.46948586900087385664904e-01	-3.42934962693054234961210e-01
 4.54995104626876367692745e-01	 8.12546852352571180588825e-01	-3.64344709715273329386775e-01
 2.41700271723396087342195e-01	 9.30009146518800622338574e-01	-2.76882585296021554999157e-01
 6.19031445164112525264555e-03	 9.83808863490545082441940e-01	-1.79113930570550833332177e-01
-2.79637661349066146687647e-01	 9.47300646109338284617252e-01	-1.56282642145746969442044e-01
-5.18635899957178736485730e-01	 8.34248563298714329583561e-01	-1.87206137478551914998803e-01
-7.21577430049836987535627e-01	 6.61996730674293210050507e-01	-2.02697659136014923797475e-01
-8.81743864534312193903531e-01	 4.37869314539792442442234e-01	-1.75494218538814306107554e-01
-8.93933958738818423839234e-01	 2.45992019897965791264127e-01	-3.74659850477821465553063e-01
-9.44371040387622096012876e-01	-1.49379425882132971410698e-03	-3.28878559130741432436906e-01
-9.42354149157464959785102e-01	-2.38460757581431870288924e-01	-2.34744807523829729367648e-01
-8.37664394620938224100826e-01	-4.62353066851488692101668e-01	-2.90771393980494174957840e-01
-6.78191519759771765940570e-01	-6.60788123521500625479064e-01	-3.21582521818063404861476e-01
-4.75027801686917605650251e-01	-8.34211277530760186849079e-01	-2.80071655233069705115412e-01
-2.41673393816392967359263e-01	-9.50020939161710598064303e-01	-1.97621319385253430001015e-01
 1.80781960611478761946636e-02	-9.93944752094298333844336e-01	-1.08383617818278751854244e-01
 2.17807052644341192504385e-01	-9.35230765321759638375454e-01	-2.79111990810250287786687e-01
 4.67191039323952950201857e-01	-8.52866397024366507118032e-01	-2.33133956347161719335759e-01
 6.84275088768442008024806e-01	-7.05529677990025860800927e-01	-1.84378622313518786279829e-01
 7.84765674165077808943636e-01	-4.91455844445393363884023e-01	-3.77642674512158993405109e-01
 9.33173813040653388206636e-01	-2.67971803579604206380083e-01	-2.39536525693811064297023e-01
 8.31791289983444315225825e-01	-8.50909943018180771334702e-03	-5.55023283416619550578730e-01
 8.74028630901435898969964e-01	 2.29615247286597184972479e-01	-4.28194804473473689121477e-01
 7.27857547957009631822700e-01	 4.51034983626802388201327e-01	-5.16517989451267367506659e-01
 5.30861842824841390076074e-01	 6.26722610615793707111720e-01	-5.70442348686997280360345e-01
 3.04377050340797428162887e-01	 7.65565271044117312548849e-01	-5.66801929245995927963975e-01
 9.04598294481653852905367e-02	 8.72477331473524464477975e-01	-4.80208626870703425559839e-01
-1.38162215803673354974634e-01	 9.16096354041077254315439e-01	-3.76402274484181231795077e-01
-3.78250643049590051791853e-01	 8.29330446694338196955698e-01	-4.11263250507921118703791e-01
-5.92498938992132129222057e-01	 6.79469878451712139266760e-01	-4.32742061244355213922574e-01
-7.71070839441813093984024e-01	 4.80702105527693379638521e-01	-4.17582622128531810723473e-01
-7.61196146098287562686835e-01	 2.54925658703601898391611e-01	-5.96316472772343564301423e-01
-8.24476016643269526973370e-01	 3.79458018330885733099267e-03	-5.65884174669410433544670e-01
-8.43184404992793234967507e-01	-2.44316950898228191224604e-01	-4.78904256277538409314332e-01
-7.01959226805145553029774e-01	-4.77532741000967375644137e-01	-5.28408672501904819185370e-01
-5.08554526288346964157938e-01	-6.82587823810719696027149e-01	-5.24829645291670865425715e-01
-2.92608459797634723464910e-01	-8.33077655677175732407136e-01	-4.69427213597888026708205e-01
-5.91514323063122363088873e-02	-9.27310548747687812820573e-01	-3.69589304820058195399923e-01
 1.33708764221030923513567e-01	-8.47568901860933698877432e-01	-5.13564916022050566013490e-01
 3.77270292572538301634211e-01	-7.90372674278409736992046e-01	-4.82678114374607114545057e-01
 5.97291286029763335285736e-01	-6.76783673268801289069074e-01	-4.30356804558380434677645e-01
 6.41347829655693479899981e-01	-4.76647130318495870771045e-01	-6.01232462991707072852421e-01
 8.34913839978567162702916e-01	-2.59239392234325627395464e-01	-4.85503673854504547158228e-01
 6.61728457978744466494447e-01	 1.75563499705611025802909e-03	-7.49741532560942114393754e-01
 7.17101526465613758887230e-01	 2.35549260932724852102282e-01	-6.55958799327163388781514e-01
 5.35052457488499499937973e-01	 4.13565550940706627702781e-01	-7.36669805822545709084181e-01
 3.21898386667136937600020e-01	 5.71426061732286050265373e-01	-7.54886537589738892961577e-01
 8.02726899274999877720305e-02	 7.03352428753758140977936e-01	-7.06294312746459151952649e-01
-1.56467420556557518240837e-01	 7.83037004912486400698413e-01	-6.01972586786192476182578e-01
-3.97378482191501847253789e-01	 6.69281895571630536245777e-01	-6.27815328063295541305422e-01
-6.07311897529640876136625e-01	 4.83789977941648130510544e-01	-6.30174195252524382837578e-01
-5.80943424424764209845762e-01	 2.47002085481643318676248e-01	-7.75560898566545531274130e-01
-6.50771616992959378578121e-01	-3.24160956154005480342462e-03	-7.59266616205282462992443e-01
-6.84934552305407673422621e-01	-2.50002214448679760394612e-01	-6.84370916849150634497789e-01
-5.12184961609117306302608e-01	-4.78398830114997175577685e-01	-7.13302968202200182723516e-01
-3.05550969337023192728964e-01	-6.46951084968328204993782e-01	-6.98636456818214290898084e-01
-8.96650798401050497243858e-02	-7.72900577135792188343544e-01	-6.28159909036247965374855e-01
 1.74237839258276239196022e-01	-6.85646628126709622996771e-01	-7.06774275641863458652381e-01
 4.22554851225676431081268e-01	-6.08385135251371500508810e-01	-6.71799765488807709701291e-01
 4.58803772420987410196602e-01	-3.79601753334440239484593e-01	-8.03368911072422586805430e-01
 6.74199896360093031688621e-01	-2.45033377722212453164730e-01	-6.96715970500234371698411e-01
 4.96495624743001462420011e-01	 1.71758388679614848459920e-01	-8.50876695255686987806598e-01
 3.01802296203415476583132e-01	 3.34157610451967679310314e-01	-8.92890847407104448762993e-01
 8.80844535528823718850688e-02	 4.87207891167221462946912e-01	-8.68832319741087433229154e-01
-1.60084172072851277368599e-01	 5.95181005320167488825689e-01	-7.87485002243106024799602e-01
-3.92355816557065639749169e-01	 4.66101291868064926404713e-01	-7.92973201900769919525658e-01
-4.30271995996705569620389e-01	-9.31488230228640946839480e-03	-9.02651229672184030050630e-01
-4.74628167572249515249183e-01	-2.51938143393772961964316e-01	-8.43359516724811353327595e-01
-2.71871436105679653572054e-01	-4.30942524493196865709166e-01	-8.60450151265757967600223e-01
-5.24085825285176415411215e-02	-5.78119773988541751919001e-01	-8.14267073754544656871701e-01
 2.13960016340629582964894e-01	-4.78837172186787729533108e-01	-8.51431778793626081736079e-01
 2.44427339477730515282516e-01	-2.34968355755143631924398e-01	-9.40768381435921008382195e-01
 4.70020351068032138375230e-01	-1.22085306690078790325948e-01	-8.74171635019275417022300e-01
 7.47536896123807692582375e-02	 2.11861010596736676347973e-01	-9.74436656780862997528914e-01
-1.37195161139526677906986e-01	 3.64232142286259941155180e-01	-9.21147346674494493790064e-01
-3.59149898023580049777337e-01	 2.33836387445804899654078e-01	-9.03510871354599509608363e-01
-2.23562923722540718429741e-01	-1.82354972245487162441080e-01	-9.57479129398639772219326e-01
-1.22203729145468550920661e-02	-3.44342039861005144718575e-01	-9.38764732012335123556568e-01
 4.09972631228919595636206e-02	-7.83025157421724238293592e-02	-9.96086311744559305125790e-01
 2.80216881212533686085209e-01	 4.92834320933404207432105e-02	-9.58670768723351662821131e-01
-1.62759820133993815538531e-01	 7.96781372319073505350318e-02	-9.83443254792671472941379e-01
