 2.43087373463189808375784e-02	-7.00293531585622908153255e-02	 9.97248702673922293726605e-01
 1.62544072558684471463408e-01	 6.04125382489929876883572e-02	 9.84850115346670995641887e-01
 1.05990212093651392510907e-01	 2.43219601733980578250893e-01	 9.64163005032192099719168e-01
-2.86497055215933806027184e-02	 1.23365368702327588001921e-01	 9.91947670080667420755560e-01
-1.60618919333731902110429e-01	-4.29725428315160407760631e-03	 9.87007140986168596263894e-01
-1.11878716271474318300072e-01	-1.99395996288524002260090e-01	 9.73511371022215743487038e-01
 5.60666775952785717551663e-02	-2.77711238259313597520617e-01	 9.59027109005739286651249e-01
 1.93071765693933083962719e-01	-1.49760839987382071702982e-01	 9.69688085983374747911512e-01
 3.25404475157218764369560e-01	-2.13631216616661095963892e-02	 9.45333562601330612551465e-01
 3.04311636105691230014259e-01	 1.90989344928717524885187e-01	 9.33229606396184019345696e-01
 2.37181560302742427959188e-01	 3.54230066969050738645564e-01	 9.04580547606159024454087e-01
 7.44578954532882503203339e-02	 4.42703382704005110603873e-01	 8.93571338364821610156241e-01
-6.40861059657484299911800e-02	 3.29490731463429942227350e-01	 9.41981331503889740552893e-01
-1.98050328031066036338359e-01	 2.08398560549308525802203e-01	 9.57781868448011275418708e-01
-3.23796355451055395402449e-01	 8.16029786926099481858543e-02	 9.42601121400302277564265e-01
-2.90767373864337652644707e-01	-1.35295477290757054644743e-01	 9.47179744357269814969413e-01
-2.63365538140810595546526e-01	-3.08791968982102871255080e-01	 9.13939884900510035592447e-01
-9.28134619699355067901081e-02	-3.92841537428850917645917e-01	 9.14910480728957642426735e-01
 8.05059953317696225250089e-02	-4.62607138740069812055111e-01	 8.82900571923230237381119e-01
 2.28892407989604779183779e-01	-3.40614071619189162642982e-01	 9.11915741601009077754725e-01
 3.69336504483488314853901e-01	-2.07974450962153861732773e-01	 9.05724667988516696226498e-01
 5.02760124649639816851732e-01	-7.30063925163985383282039e-02	 8.61337520205651019367110e-01
 4.49664460285096878600086e-01	 1.02413950705588979728233e-01	 8.87306742821999505643760e-01
 3.96055061113620932022883e-01	 3.86255120608907820400901e-01	 8.33035035499518627943871e-01
 2.43038794008879344143992e-01	 5.20699935391993218303242e-01	 8.18415372466502311077363e-01
 6.63447440252650927350331e-02	 6.03932982200390156002356e-01	 7.94269052620562354682932e-01
-1.14474155328959964483815e-01	 6.60051185961230135745836e-01	 7.42447371651954179938571e-01
-1.00196767053444671380369e-01	 5.08539300214164602387257e-01	 8.55189094884707512456146e-01
-2.45314766482002150072006e-01	 3.90142808933492180045732e-01	 8.87473522975962159087260e-01
-3.81057669739048976431661e-01	 2.62749441567862507262987e-01	 8.86429796029455707717659e-01
-5.01672807148572652558016e-01	 1.20831375894900019951628e-01	 8.56577009478433515354823e-01
-4.37299240963002211479704e-01	-5.30691269063156556562433e-02	 8.97748874475809977013796e-01
-4.69978902292536304674542e-01	-2.29036357297385112508081e-01	 8.52444824276531787354827e-01
-3.98672979895183354770438e-01	-3.91611093280873290289890e-01	 8.29277159169872435384718e-01
-7.32000461359630788527042e-02	-5.68393399806966681531151e-01	 8.19494170999141680056255e-01
 9.90589816656593930010999e-02	-6.26825581177266388799296e-01	 7.72836987296250388368435e-01
 2.52190208797188175626758e-01	-5.16085207688761316013881e-01	 8.18569579810830227906138e-01
 3.96732579769579707384963e-01	-3.86378418689108993344661e-01	 8.32655377524626372220951e-01
 5.36692071725913044666356e-01	-2.45988866050971921595192e-01	 8.07125205854398064531097e-01
 6.58738393543267020113774e-01	-8.65446711808484092642857e-02	 7.47377915623839372827319e-01
 6.10434759741484866957251e-01	 8.76281722406771074185272e-02	 7.87204361985573641824487e-01
 5.12656085200709710214539e-01	 2.54546402937781690578589e-01	 8.19993821353624197101340e-01
 5.57257214669937495088448e-01	 4.11575305901869081814937e-01	 7.21158903619782076788169e-01
 4.11577148217967758725422e-01	 5.47547505713243176650451e-01	 7.28557465167965490060453e-01
 2.40480079266053275999226e-01	 6.64764405327560647940288e-01	 7.07288920375321206179819e-01
 5.82933832795126186110402e-02	 7.40327919480677998365081e-01	 6.69713709806838752847113e-01
-1.22707020035344296915447e-01	 7.86537984785417476629732e-01	 6.05228044396275421945575e-01
-2.92102287025439888434875e-01	 6.91495604041439060338803e-01	 6.60689097462545560368596e-01
-2.77926138176353698661103e-01	 5.52476535479317409915723e-01	 7.85828696003873949926799e-01
-4.23767191758919026245422e-01	 4.29830034080703859977746e-01	 7.97287594905966678915377e-01
-5.52432728829763908251493e-01	 2.89647228855215654874655e-01	 7.81615354848019361355682e-01
-6.53061619816100225044408e-01	 1.20595955156604428548661e-01	 7.47641047778302425541597e-01
-5.87861144187845408026760e-01	-6.06654816492335907662792e-02	 8.06683937171444931379938e-01
-6.30209135710540047092820e-01	-2.37476229448398523658170e-01	 7.39216805621967565365082e-01
-5.49400108906218598292526e-01	-4.03505457918450327614579e-01	 7.31671282587923355045234e-01
-4.07719528935720998408243e-01	-5.49720156303406759512598e-01	 7.29090210795750426342465e-01
-2.41268048157130654551850e-01	-4.93085583125198290144198e-01	 8.35856648386870015876582e-01
-6.98061086412064130124477e-02	-7.14500190305673688051513e-01	 6.96144083684928194344366e-01
 1.06165298854079381829507e-01	-7.62615486400956998913614e-01	 6.38080362666534450788447e-01
 2.69000346690202507549117e-01	-6.70161821981185568120054e-01	 6.91752806889432747539104e-01
 4.14943282488438369703942e-01	-5.51508522214902430214067e-01	 7.23643850414037892448960e-01
 5.51892890924862378199123e-01	-4.12900362818728661196133e-01	 7.24518824690401186394695e-01
 6.84279566342159251135513e-01	-2.55944816685006570899930e-01	 6.82827742478778199064493e-01
 7.89581939536695975867531e-01	-1.12998262203326566011086e-01	 6.03151517859731201021134e-01
 7.49696120145462607808895e-01	 6.95346541987797439610119e-02	 6.58119031258249220783796e-01
 6.69323058374986734619938e-01	 2.47690987650866889513424e-01	 7.00468284909525507053729e-01
 6.99396068528757686166841e-01	 4.01425768965372020691262e-01	 5.91356484142244953616796e-01
 5.65752566351430452584736e-01	 5.58308765462628753262209e-01	 6.06807511550710443337664e-01
 4.05886091851267560848271e-01	 6.86158079396807174532569e-01	 6.03691618726141854267553e-01
 2.28849513302634366418431e-01	 7.87268917338257767646326e-01	 5.72569255247079134107935e-01
 4.83269336401493804222795e-02	 8.52290671329947846501796e-01	 5.20831180949151262282726e-01
-1.23672955968499531653748e-01	 8.87100144304975302134153e-01	 4.44700274270328932413321e-01
-2.96268444854766999085882e-01	 8.04794346507360480735827e-01	 5.14325838757036080117757e-01
-4.58948502981669670397480e-01	 7.06262327488403784947479e-01	 5.39035988020787892871510e-01
-4.49125517231715121191371e-01	 5.79771755106150199488013e-01	 6.79816873689141787373558e-01
-5.86162178585808102404542e-01	 4.46914799074128843425768e-01	 6.75781815946589703436587e-01
-6.98481586066959314607061e-01	 2.90377964765810181457795e-01	 6.54067360066110659033711e-01
-7.80952982706580534078000e-01	 1.18906167924286487735941e-01	 6.13166993592493603237870e-01
-7.20313861274738065354484e-01	-6.11025635686334930851693e-02	 6.90951820303571273562682e-01
-7.61695915134328105366990e-01	-2.38763698993296330508329e-01	 6.02338135029417798271822e-01
-6.82449045356628425373913e-01	-4.07236413086175641495856e-01	 6.06977597896769527352490e-01
-5.59541681989316641576693e-01	-5.60194379508383355492640e-01	 6.10815326660835933303417e-01
-4.08781459035096106369167e-01	-6.86458484513479683108983e-01	 6.01392108186160623262140e-01
-2.43234206442020955973859e-01	-6.45944314419947041017167e-01	 7.23597307544095902365200e-01
-6.42696519911189895202241e-02	-8.33145869131022287490396e-01	 5.49306264831245116830871e-01
 1.14252388144675254277871e-01	-8.68088605659840362172019e-01	 4.83082357913009075023325e-01
 2.79346972166032991857776e-01	-7.93460014284481429669427e-01	 5.40727727117206513618441e-01
 4.30807224094473861786270e-01	-6.91303196951892129362705e-01	 5.80090532203471842542797e-01
 5.64989094844777994808283e-01	-5.64041029790009473821044e-01	 6.02200165576118329191502e-01
 6.88993863495251157580412e-01	-4.15362444243740303040369e-01	 5.93937282865584226243527e-01
 8.00655365172578958876670e-01	-2.96223653161732047855992e-01	 5.20771095134783812419244e-01
 8.87478721213333265893652e-01	-1.20500800823972242792337e-01	 4.44815778041121545616221e-01
 8.60290019717920739772410e-01	 5.65229832497573456140394e-02	 5.06661854039049619480295e-01
 7.97051662732616961193344e-01	 2.33265874466870581915856e-01	 5.57041900348956398048017e-01
 8.16507806145158498978276e-01	 3.80803881523144760468114e-01	 4.33939403973558568416991e-01
 7.00939402817859602556894e-01	 5.39054856638565782489536e-01	 4.67015861734607296007482e-01
 5.53283071331594822339639e-01	 6.85404157013214665461476e-01	 4.73390942590668994949255e-01
 3.85811007503288838638156e-01	 8.01242375641344928283161e-01	 4.57340706657423101688664e-01
 2.09877868505102038731991e-01	 8.85806833028140117036742e-01	 4.13881063679424177070842e-01
 4.51718886566745067567830e-02	 9.37509795841078630296295e-01	 3.45014323147906809552410e-01
-1.14888405626691600391887e-01	 9.57674768547884802671888e-01	 2.63931225775412781064944e-01
-2.90542821351488567138688e-01	 8.89995265722026696053604e-01	 3.51416129330308857348086e-01
-4.57002482343395355357529e-01	 8.05022483732876215078988e-01	 3.78269126174111181004633e-01
-6.06719516246245094137635e-01	 6.93631213057148365841442e-01	 3.88287482258688754210851e-01
-6.03513733767178317535240e-01	 5.84098439630936550059914e-01	 5.42770841124599057181399e-01
-7.24992041619739069346906e-01	 4.39757060764412566200576e-01	 5.30094583160295562684894e-01
-8.19444775646800738222453e-01	 2.80234035495897204626203e-01	 4.99979144579900280920270e-01
-8.83678140488414753939139e-01	 1.10874008386849812191066e-01	 4.54774557651558108961609e-01
-8.30604223436111954725902e-01	-6.20838427397842201882483e-02	 5.53391561627709749338067e-01
-8.65815507971777642559630e-01	-2.33945639663734383795202e-01	 4.42304130477998991288757e-01
-7.94677200128260929901103e-01	-3.98541599192555606734345e-01	 4.57878522437281887391691e-01
-6.89006174336455501361343e-01	-5.53733681263665955540887e-01	 4.67599724080789869162800e-01
-5.55486542354246437547260e-01	-6.89488364355732796795451e-01	 4.64801566995400983195452e-01
-3.99723281903212712684592e-01	-7.98425478438706481831844e-01	 4.50264425959288394629709e-01
-2.40425656563375639285240e-01	-7.73506120110436179437841e-01	 5.86416051807732596756750e-01
-5.24114857517689880506140e-02	-9.22476582686382107212353e-01	 3.82478745235008743552640e-01
-3.78094684429485933252479e-02	-9.79700435075790632133419e-01	 1.96869250032523424032149e-01
 1.24947741149209035071976e-01	-9.41344094716341173167962e-01	 3.13463486429252591314309e-01
 2.91625434188267251833793e-01	-8.81477235084965893285869e-01	 3.71419560822351169093736e-01
 4.46421320303752366953631e-01	-7.92697904908234218801510e-01	 4.15136166013454821488438e-01
 5.86292437591583892597669e-01	-6.76277982836297808511006e-01	 4.45992452350694734697356e-01
 7.07197983104926652941913e-01	-5.32177347704347547541204e-01	 4.65465662839580740506307e-01
 8.85375415211469563026014e-01	-2.88473139588001747934953e-01	 3.64545774732555782904342e-01
 9.53355811600035685238197e-01	-1.59466866084774172573901e-01	 2.56286978033488765937875e-01
 9.42930961799570366288492e-01	 2.50117307884162518027971e-02	 3.32047608939900651403576e-01
 8.96755777459789071848206e-01	 2.08190535807810966906217e-01	 3.90494271907471324212224e-01
 9.01422199785257505233460e-01	 3.48788734935997712938160e-01	 2.56484767805134905582776e-01
 8.06454374686405350836083e-01	 5.11695032171036401358322e-01	 2.96309864163582792340179e-01
 6.79287541294692376325770e-01	 6.56524043967633197382838e-01	 3.27939957818801086641969e-01
 5.19757369940095359517329e-01	 7.91149411193883489445966e-01	 3.22389338472174658001279e-01
 3.45184745199083986566535e-01	 8.92781927550741594146189e-01	 2.89461433563481973507692e-01
 1.82191101083026718576718e-01	 9.58909534367455518300005e-01	 2.17483120230845261566799e-01
 1.89582869514451080039663e-02	 9.90664343196415608794325e-01	 1.34999046200635297587667e-01
-2.72183127028921945100848e-01	 9.45869395966087878058204e-01	 1.76769429301295799561444e-01
-4.36121073752152643709934e-01	 8.77305111984759911081255e-01	 2.00335093068282427131166e-01
-5.86248306018960496643899e-01	 7.80884243181741655170924e-01	 2.15714446526833081296814e-01
-7.20657445645944361167778e-01	 6.57683705465435974879540e-01	 2.19328497009204037571095e-01
-7.36939708146874705718687e-01	 5.57605630519020567525956e-01	 3.82094003315787134056336e-01
-8.42365385091429885733305e-01	 4.02661981305664773422848e-01	 3.58167400541651193002224e-01
-9.18704658467703438873286e-01	 2.32821301836313082622709e-01	 3.19023497443346737423298e-01
-9.61968530525549203602509e-01	 4.98974690231798745365666e-02	 2.68564310479997736536006e-01
-9.15952457536703623652841e-01	-6.28985751170220708239356e-02	 3.96326714694734849597779e-01
-9.49386355875407206283967e-01	-1.75444549821370338049675e-01	 2.60547034555358991703145e-01
-8.91909522726172743212203e-01	-3.50603800654969544048356e-01	 2.85612286564603801153339e-01
-8.02215682831426080134918e-01	-5.13555522020839094743394e-01	 3.04484357596925547806421e-01
-6.82697088715632616207074e-01	-6.62197936036435730322580e-01	 3.08898977933375840088104e-01
-5.39075639178077992141880e-01	-7.87035230220122228317337e-01	 2.99954999353413021001558e-01
-3.77136678789992074722903e-01	-8.82435289944057843491976e-01	 2.81204346645994807118996e-01
-2.29159555816844939801769e-01	-8.74231001560131670835574e-01	 4.28025763113618507027525e-01
-2.05852232495539938517126e-01	-9.45722509988891180121584e-01	 2.51463302445732117540445e-01
 1.30473769861299881966943e-01	-9.82403560147644960842683e-01	 1.33640713809126732147803e-01
 2.95791549225766281505656e-01	-9.36768741718103536975093e-01	 1.87007176189850687908489e-01
 4.51413411710206380345056e-01	-8.61369272790492468416801e-01	 2.32956879315744047609371e-01
 5.94647505911977236614518e-01	-7.56907297902933540179049e-01	 2.71082434130182736709003e-01
 7.21910543584104891223774e-01	-6.22985650783531408336557e-01	 3.01220925534601613460239e-01
 8.18302628435533807582658e-01	-4.54390210411512063259920e-01	 3.52009012637004514711947e-01
 9.08877207583645208011092e-01	-3.67112043358167661200042e-01	 1.97916571201974922367128e-01
 9.88981854591315490132786e-01	-1.95892095542567305777037e-02	 1.46734979327226178202892e-01
 9.62575614890911812615570e-01	 1.70640988255283482244451e-01	 2.10546523943387270394467e-01
 9.50647225797591310936241e-01	 3.02739093570073503070006e-01	 6.79624404190556363758446e-02
 8.75743400699846130663673e-01	 4.70602350970710125999119e-01	 1.07735432386516061242787e-01
 7.70438630435581361943775e-01	 6.20759413908565926831784e-01	 1.45196648640523007234293e-01
 6.36016986948426787940036e-01	 7.50885328337638990880976e-01	 1.77914631214863755426236e-01
 4.64311521365146806505919e-01	 8.71751619981104841627939e-01	 1.56409476016966808575859e-01
 3.07378691391692826506699e-01	 9.48021278329270078444324e-01	 8.23042885472388408008015e-02
 1.46081567518095978286397e-01	 9.89272536517866507566055e-01	-1.55315686808860109208857e-04
-1.47997582685963274817809e-01	 9.87703146444150137384099e-01	 5.03905747480343779720613e-02
-3.43711776251286182937150e-01	 9.39023757265611269673400e-01	 9.82843614011738239688576e-03
-5.11058406053602420904269e-01	 8.59110112241606382887937e-01	 2.73700684355335684128097e-02
-6.59708148136912364556395e-01	 7.50405045162383266266204e-01	 4.09564094691798330494237e-02
-7.87949246038303185990515e-01	 6.14225584167277904867888e-01	 4.31615271050023036059073e-02
-8.35719427748487730944760e-01	 5.10007006749650493304671e-01	 2.03631753786098323999454e-01
-9.23819918204676016060262e-01	 3.42114734946383503011447e-01	 1.71797167790599503156557e-01
-9.79044565189363447110793e-01	 1.56474806061495219644542e-01	 1.30335622303297260504706e-01
-9.98623262117819154859433e-01	 4.55535385622504104818908e-02	-2.60087577870105127186839e-02
-9.90869251724262767311302e-01	-6.41523931797416263611566e-02	 1.18585818868495757039128e-01
-9.57748631520760507207513e-01	-2.68692738798442465331107e-01	 1.02575683946550880176751e-01
-8.87495618885444259582584e-01	-4.44363893933592546403588e-01	 1.22033832306116724053524e-01
-7.84943876124164496843605e-01	-6.02901933716645244132337e-01	 1.42731810245307899620570e-01
-6.50162427239848628168772e-01	-7.46670959299907677220176e-01	 1.40610443224336273404518e-01
-4.90748756676992969882889e-01	-8.62250776789476813810609e-01	 1.25256759282401208821511e-01
-3.15650111548510692305314e-01	-9.43742025179042376414884e-01	 9.85697569763283876209670e-02
-1.43389420645533061104970e-01	-9.88685598132276299843113e-01	 4.40484062454189889690426e-02
 3.24999082256391333412004e-02	-9.99337945956591089391452e-01	-1.63531567774074931831407e-02
 2.37587555156733354344567e-01	-9.71260587746813230936027e-01	-1.43186704816252105554319e-02
 4.10045793726599105966102e-01	-9.11419895127318580030362e-01	 3.42960903490598795206878e-02
 5.67019224779745090181393e-01	-8.19806585000553478259633e-01	 8.00397521229762459737955e-02
 7.06617557624245717917688e-01	-6.97011688713171095876930e-01	 1.21927572986423982115411e-01
 8.24372419807175016437384e-01	-5.40508809085349262169018e-01	 1.68108122238042251295198e-01
 8.99099334256832305456442e-01	-4.37010688208510689189978e-01	 2.53386173743670173319487e-02
 9.68544893879176971296374e-01	-2.34247005891857540404999e-01	 8.39590898668763491174971e-02
 9.87646916390530593687913e-01	 5.28556980147843399886476e-02	-1.47512181638150052798153e-01
 9.92479078658410118762845e-01	 1.19662463356902296074402e-01	 2.58103329833533901016551e-02
 9.62191660789758707039709e-01	 2.43582275138283010917917e-01	-1.21880610209762860196570e-01
 9.05025668469251476366821e-01	 4.16356851561200225209092e-01	-8.70374147699098099639770e-02
 8.18895916338357676700355e-01	 5.71653129252220337797041e-01	-5.12072067243061757046974e-02
 7.07054129840900325021380e-01	 7.06998262646720609936324e-01	-1.50968238197941983375072e-02
 5.71811422121926704598138e-01	 8.20096850197629900769414e-01	 2.17452023864138054010109e-02
 4.27720195775747547006773e-01	 9.02333009765859395123755e-01	-5.33907633626073685473301e-02
 2.72398584900898244054446e-01	 9.52764299444611939549077e-01	-1.34310091384847396511759e-01
-2.26630255839333771827881e-02	 9.96419983075979898146102e-01	-8.14469434555159382815859e-02
-2.13278172686157341253477e-01	 9.68115720912677613085862e-01	-1.31393957157017404746568e-01
-3.99444384424960385882031e-01	 9.02799114869522245641065e-01	-1.59367317672639036141291e-01
-5.63403121438782461538608e-01	 8.13257736743374093357772e-01	-1.45563650614023015750220e-01
-7.06640496213268187730705e-01	 6.94841946366868801199246e-01	-1.33618406967631359050230e-01
-8.26282204729177571778109e-01	 5.48084201968772610769065e-01	-1.29851552551917853728369e-01
-8.92556650823959740748137e-01	 4.50386348573868000588760e-01	 2.22432481489238283167698e-02
-9.64629712729678123750432e-01	 2.63385318486442976393391e-01	-1.08485632621832285560348e-02
-9.73802890689523970024766e-01	 1.53149442980087563404012e-01	-1.68086817447460679098015e-01
-9.78150636150171615135207e-01	-4.33314778754837343077710e-02	-2.03331542127976910849796e-01
-9.86296037596393171398290e-01	-1.56723668953052203134391e-01	-5.15540280826661881374839e-02
-9.34890446728878221627212e-01	-3.49321875887777244518162e-01	-6.28814729576467612570667e-02
-8.53027658481766648534972e-01	-5.19988981672565353520099e-01	-4.42184667785211690804736e-02
-7.40137329700358947981442e-01	-6.72151352107466681928827e-01	-2.02309921686187436928872e-02
-5.87801336543358199371312e-01	-8.08486846629803967978489e-01	-2.89587220788095241197357e-02
-4.11735698080752832161977e-01	-9.09772120542587603431173e-01	-5.28053369404907074757816e-02
-2.38181590482964194999127e-01	-9.65020264676589634156301e-01	-1.09569241662660438185739e-01
-5.94587253002005280966280e-02	-9.83766555812191190177884e-01	-1.69316341949306642389317e-01
 1.38974700895894004437636e-01	-9.74099543495592246067361e-01	-1.78370714727995344217604e-01
 3.36724203876827332670985e-01	-9.27646958442619684603869e-01	-1.61517587326190870111731e-01
 5.09521143545089039150753e-01	-8.52710579496752996142561e-01	-1.15207950658002239441302e-01
 6.63272251909364229938149e-01	-7.45317253919025923813990e-01	-6.76173857649304821393343e-02
 7.94957892805397303703785e-01	-6.06463866615245428270953e-01	-1.56053566600880752601732e-02
 8.57629799999511832631072e-01	-4.91947310298649687076988e-01	-1.49863171068549572151340e-01
 9.49228799616736784727777e-01	-3.01656577159576611002478e-01	-8.92636288447742065610413e-02
 9.95540014577241838544808e-01	-9.04675790946895819200080e-02	-2.67525047106147856323943e-02
 9.49453081708509505354243e-01	-6.44057817238400959897193e-03	-3.13842897939430265363825e-01
 9.36260674971613693351458e-01	 1.83524871613612722276443e-01	-2.99557290014623667229188e-01
 8.90349818410870352813902e-01	 3.64204267483354438006415e-01	-2.73189407559377206435869e-01
 8.13664542061662943162048e-01	 5.29460898515568989530777e-01	-2.40044099978880237644674e-01
 7.08155131390414638303810e-01	 6.76276225077315551459378e-01	-2.02895976501755059828724e-01
 5.76019888963128168235528e-01	 8.01931622987501535604338e-01	-1.58451126760074278987389e-01
 4.19545636808509536663792e-01	 8.74341055871253547415733e-01	-2.43945027932286173655285e-01
 2.50899517377933201078832e-01	 9.10692357881721870072056e-01	-3.28159810877794944072861e-01
 1.06322645516931088560675e-01	 9.71389172777251230783691e-01	-2.12364239130340581862555e-01
-7.81378158133897438020199e-02	 9.59960625824419544471766e-01	-2.69016874204391465141839e-01
-2.64035759244412415736036e-01	 9.14159319514008972262786e-01	-3.07567645219569418824079e-01
-4.41015435356148011170063e-01	 8.36339841976499909215192e-01	-3.25639454766080693737251e-01
-5.98233660863501048865487e-01	 7.37288447994507101235229e-01	-3.13882512197963425837344e-01
-7.32255045869349863174591e-01	 6.10059841563944438291855e-01	-3.02703712415047065942275e-01
-8.40257105284436534020642e-01	 4.56642511203832091037924e-01	-2.92310817419536572714378e-01
-9.18128635026042472233598e-01	 3.66187611096857434933582e-01	-1.51480833851655061206287e-01
-9.17991006549882193610301e-01	 2.53597132814959380642250e-01	-3.04927870358821240248659e-01
-9.34386566553087605235817e-01	 6.61902956491712685105355e-02	-3.50057979493409276994242e-01
-9.16873901348851494397252e-01	-1.19431838249462893286612e-01	-3.80891434712951615360055e-01
-9.45663575748064144654847e-01	-2.34322206486426876104190e-01	-2.25418510887455098012921e-01
-8.80277012374926504101325e-01	-4.15106209254088753812795e-01	-2.29780801032144960105441e-01
-7.89219034780738626366769e-01	-5.77490981570408790091165e-01	-2.08895862440128948778195e-01
-6.69577731581690649420580e-01	-7.20803214097839095586551e-01	-1.79188135533976194979644e-01
-4.99522787496401388107614e-01	-8.43743889262135726703207e-01	-1.96400697821137865117791e-01
-3.31016470832256604062138e-01	-9.08249013501545743309862e-01	-2.55952779846648714734414e-01
-1.52543216678605486613662e-01	-9.36809444013816161600516e-01	-3.14831117667661419812219e-01
 4.29153771307511366916998e-02	-9.39261765583416341485190e-01	-3.40507864988239372650014e-01
 2.34904389137893604422302e-01	-9.14000084154935388269791e-01	-3.30792645215283176440835e-01
 4.25248902753313451352568e-01	-8.52800824228647891267485e-01	-3.03140437589645594940180e-01
 5.93973650813875875265069e-01	-7.62368772773688530008940e-01	-2.56883546453204991699693e-01
 7.39894897729437950317788e-01	-6.40838420843991563025099e-01	-2.04650088404877111836200e-01
 7.92911592399307751932724e-01	-5.09717000654653307201158e-01	-3.33885887516106927286330e-01
 8.97288756030658274376322e-01	-3.54381320749295070093865e-01	-2.63223797945663140485095e-01
 9.67502689768139467751951e-01	-1.55648335242719565441050e-01	-1.99279053158091995490153e-01
 8.79977043924567658983449e-01	-6.00390664650155628234707e-02	-4.71206656005397739317431e-01
 8.75203767807917420995523e-01	 1.20000535569391733603517e-01	-4.68634437784809287919074e-01
 8.43579002810665889988684e-01	 2.96699132365161100111095e-01	-4.47598135463859347904503e-01
 7.79131311386826563847308e-01	 4.66638477006193930218814e-01	-4.18572492400042794891135e-01
 6.83529768995379649609845e-01	 6.22043001633088121771209e-01	-3.81902551728082684245891e-01
 5.59928540534470275957801e-01	 7.58173280408028560373168e-01	-3.34145636467494677734891e-01
 3.95709109579391316025010e-01	 8.15512492697369806293750e-01	-4.22319399093160074976083e-01
 2.14497285140565374650379e-01	 8.37812777246079498638665e-01	-5.02056436021428020843871e-01
 6.77529645986326006790179e-02	 9.16737504660521507204862e-01	-3.93702785533575960741359e-01
-1.21153455487237396437372e-01	 8.88657581431197107768583e-01	-4.42277676565703992128675e-01
-3.04430538615178936101557e-01	 8.26876607954363129771025e-01	-4.72860573928889249550878e-01
-4.73208964235853013491351e-01	 7.36816902188647815385991e-01	-4.82881071088892388498692e-01
-6.19208078444791532035651e-01	 6.26959364086217330047646e-01	-4.72761368317373253944425e-01
-7.37222150634974870975213e-01	 4.92810531152882203009824e-01	-4.62213458261393039805398e-01
-8.32918262753298277445424e-01	 3.41434751532407210206088e-01	-4.35510594610545698213144e-01
-8.56434072531343626444311e-01	 1.66842684191509466051784e-01	-4.88553168180444141732721e-01
-8.50202042791619816419768e-01	-1.29315376458075843857376e-02	-5.26297693104455843737810e-01
-8.14208281857504490020006e-01	-1.93207442663024836493335e-01	-5.47481285391806515860935e-01
-8.68334509960196232469798e-01	-2.99194689483359643755733e-01	-3.95572643893813635784795e-01
-7.92377566151905465829941e-01	-4.67232702660126564264687e-01	-3.92213454924862037209721e-01
-6.95136756941942990373207e-01	-6.17642610099344624430273e-01	-3.67834875097382552056047e-01
-5.75558073632149946874392e-01	-7.47826616003533284349203e-01	-3.30890096971113267798614e-01
-4.21020128878006105743736e-01	-8.17098470439901136685990e-01	-3.93817395101233813647923e-01
-2.51611017574180084732660e-01	-8.58016050037339161882244e-01	-4.47772658515019461589191e-01
-6.12434136674459769777989e-02	-8.72992526860873030436494e-01	-4.83873219270736176778058e-01
 1.32933958355122450178953e-01	-8.56811776891291954072472e-01	-4.98198897727027967263780e-01
 3.16691347825221292122677e-01	-8.23880541603563387731413e-01	-4.70029194178046783036962e-01
 5.00026512074124296347577e-01	-7.48822302974720299673095e-01	-4.35015684534042879061388e-01
 6.61313892371682365833863e-01	-6.42746985255230107725311e-01	-3.86704342749765728193267e-01
 7.01195759246840966127934e-01	-4.98077348861191981921337e-01	-5.10140629401004241927353e-01
 8.17408273290649023401500e-01	-3.60728054655496621627719e-01	-4.49131367575746898168632e-01
 9.05543804333264756856181e-01	-2.08439538241799032780577e-01	-3.69517763214684491490658e-01
 7.86319979101366861584665e-01	-6.07359168828317669275307e-03	-6.17789609778304549259076e-01
 7.69366717209327144466613e-01	 1.82191586811717820548751e-01	-6.12275330342135881700472e-01
 7.26137371323016589386157e-01	 3.62406497179552145038173e-01	-5.84282507670858319848151e-01
 6.44363633083046116745152e-01	 5.32279680625740825306025e-01	-5.49066343853797822482932e-01
 5.30317347712879860743840e-01	 6.83894188345672615625404e-01	-5.01051144956071392577712e-01
 3.58320496306877012138159e-01	 7.29790467646264651158106e-01	-5.82247623661136026740337e-01
 1.69582908618361088981530e-01	 7.34727128543035234997660e-01	-6.56823936597504598466912e-01
 2.58730858801603305630046e-02	 8.30164470879386717783177e-01	-5.56917888666350724413689e-01
-1.65758571804820814543646e-01	 7.83887573845106100378644e-01	-5.98368086920132657979821e-01
-3.46416843266734497674975e-01	 7.02814001989721548468992e-01	-6.21327489580416614245451e-01
-5.07378442636848059343890e-01	 5.94142572067269392199762e-01	-6.24148796365655567086606e-01
-6.37882528739079690538460e-01	 4.61126938243946238316084e-01	-6.16820740860098859492666e-01
-7.46029892317324416772806e-01	 3.09741888896879757897551e-01	-5.89490765009592188050647e-01
-7.54798431547320625156772e-01	 1.23284632128527874006529e-01	-6.44267201721954840820672e-01
-7.33862318932733015408587e-01	-6.39062355099609818998019e-02	-6.76285509170215126673043e-01
-6.82353477890060067245770e-01	-2.47774790178465847967360e-01	-6.87750961150441875169292e-01
-7.48300949427997519336486e-01	-3.68330549447602184631734e-01	-5.51704898862412917992515e-01
-6.56100883332679796211551e-01	-5.32143472304501652381248e-01	-5.35121440211271615083888e-01
-5.40844280049523784548171e-01	-6.78858917991464139163327e-01	-4.96626654742947759579863e-01
-3.72174833129437943046725e-01	-7.38968171178968291634703e-01	-5.61615469489121221791095e-01
-1.86699561448030237897910e-01	-7.76169818386565180112768e-01	-6.02248857849377317030815e-01
 1.25819149809963410496794e-02	-7.75895077304550984109710e-01	-6.30736493656404939578408e-01
 2.06807798403855519486783e-01	-7.40730738965654667005367e-01	-6.39177993105790154260148e-01
 3.81868283477824310701010e-01	-7.08913689211634112652405e-01	-5.92973857199498133319082e-01
 5.58888321602921123165686e-01	-6.18098528798619706314810e-01	-5.52809237145013621095302e-01
 5.82462748780993577746301e-01	-4.62393927118453673674736e-01	-6.68527488175664763581096e-01
 7.06453623216583892485687e-01	-3.37440923214638255345221e-01	-6.22138972886455365873815e-01
 8.06672024103970763952987e-01	-2.02551191779065165032847e-01	-5.55205601770085932500365e-01
 6.67095752506288830474546e-01	 4.50818710608196157596517e-02	-7.43606671493555082541604e-01
 6.38708627681533358533272e-01	 2.35709453404657515163123e-01	-7.32456375834663497847998e-01
 5.84812070300841368997169e-01	 4.14804600268361134407513e-01	-6.97088219687185040029931e-01
 4.85945369277929639650893e-01	 5.82431733653891448021511e-01	-6.51636688431720623171373e-01
 3.10022524951038769280842e-01	 6.19826558216228340469911e-01	-7.20902955849681004174556e-01
 1.17787227731378577044730e-01	 5.99990860903182987584614e-01	-7.91288276051158145918407e-01
-1.85064111843322581796301e-02	 7.14774953578891647509863e-01	-6.99109632662410107606377e-01
-2.06311392905770496497553e-01	 6.48379829638466409491571e-01	-7.32829588427810540984808e-01
-3.76802014644805338683398e-01	 5.46981203711119245980399e-01	-7.47550536449778091352414e-01
-5.16219367624429215091197e-01	 4.16797429313510103821017e-01	-7.48196142336408964723660e-01
-6.35062554608015417123568e-01	 2.69007170971814091320340e-01	-7.24106824785185176907021e-01
-6.27312393305766047291172e-01	 7.72186536183503274832773e-02	-7.74929958601654145233795e-01
-5.91350882154821233527286e-01	-1.11393278041152302137995e-01	-7.98683711979880861520087e-01
-5.26959898075841648434903e-01	-2.94609454440340756686822e-01	-7.97194164036756691693597e-01
-5.99215885726573471714573e-01	-4.24126089385846893886622e-01	-6.79012063659539810700494e-01
-4.90179510217867264731950e-01	-5.86090083357055369184252e-01	-6.45153053122351605175311e-01
-3.12214194743882733629192e-01	-6.38513171598886764002145e-01	-7.03436725153840480828649e-01
-1.21982138056304992290713e-01	-6.69862939054264416860462e-01	-7.32396068310579795301862e-01
 8.17752833710766874331100e-02	-6.50707794480583578966559e-01	-7.54912027478562897009340e-01
 2.71694019208268189302657e-01	-5.90233953276631639894845e-01	-7.60135672315078503302743e-01
 4.34377762459163874186885e-01	-5.72965823763734283247118e-01	-6.95000808833857064428230e-01
 4.33431780435829139275228e-01	-4.23465838379396053436921e-01	-7.95495804787091476129035e-01
 5.75397498841139110048459e-01	-2.91303063400590811493629e-01	-7.64238342129464620633428e-01
 6.93915675208153670538991e-01	-1.52815114807353602532913e-01	-7.03653733299857808702882e-01
 5.25953722830558301204462e-01	 9.94265602843544260558417e-02	-8.44681620819760836660350e-01
 4.84228531165186770746089e-01	 2.84382887949735929655759e-01	-8.27435255864151453231159e-01
 4.23827882332726391112487e-01	 4.57614964439204574553344e-01	-7.81638324596908629082748e-01
 2.49681449600458404969316e-01	 4.88932120721289609210913e-01	-8.35825672644957773371743e-01
-5.47756334604085487471892e-02	 5.72235952089154231714474e-01	-8.18257688699366991791351e-01
-2.30675637833566288259490e-01	 4.85572931681394037717325e-01	-8.43212712266847796982461e-01
-3.74258936336907765962678e-01	 3.62074352505231344956371e-01	-8.53716821803274461544220e-01
-5.01305603445731939871166e-01	 2.20845308237194615230692e-01	-8.36612240995509903740412e-01
-4.75323583065037524875152e-01	 3.04485973669874100677735e-02	-8.79284012308080953346234e-01
-4.26219085137832798260149e-01	-1.54255608933888843647964e-01	-8.91371134027069578209534e-01
-3.55049548721950714025297e-01	-3.34683242176331052775140e-01	-8.72884268021069775755905e-01
-4.28112655887882997962635e-01	-4.70638362511309860103381e-01	-7.71504430059410717390733e-01
-2.47657023143117938079882e-01	-5.15385596930417078098685e-01	-8.20392397188422717313472e-01
-5.78407874356206760935173e-02	-5.42389682422593666366595e-01	-8.38133566748370473220575e-01
 1.46790887717576062909686e-01	-4.99041533425876981944214e-01	-8.54055023519582956481599e-01
 2.85369688298484525112997e-01	-3.82367428097496686589807e-01	-8.78839741324054735116533e-01
 4.26725211500018242194443e-01	-2.40687854143569746057096e-01	-8.71765421852707111938230e-01
 5.58151838902977148748619e-01	-1.00933865656414628597659e-01	-8.23576881349202261084486e-01
 3.59660081489039107349726e-01	 1.49296386577249390326116e-01	-9.21062003742568080610909e-01
 3.08688949754101604749934e-01	 3.25470865204552761706935e-01	-8.93744845133503384992935e-01
 1.14638627279584626172948e-01	 3.99170569270698605279790e-01	-9.09681725530176343852418e-01
-6.15112363283488727816462e-02	 4.19663306668531410625889e-01	-9.05593218195339888509920e-01
-2.08123520827873526028995e-01	 3.04688511476730983229544e-01	-9.29435049399528478986099e-01
-3.43344682683414947899081e-01	 1.71388675306876930859445e-01	-9.23439413740597792035203e-01
-3.00497908975953853527585e-01	-1.22580754030331053744396e-02	-9.53703699420576311851505e-01
-2.44671554925615847286835e-01	-1.93158741868406425012950e-01	-9.50171316474085037029340e-01
-1.76541957651944969587277e-01	-3.72401083938120325278476e-01	-9.11125880364580531534102e-01
 7.12752348839172308880840e-03	-3.97140549676774146092839e-01	-9.17730124933987534419089e-01
 1.43721804084353310670963e-01	-2.87604861889575069699987e-01	-9.46904159061632388905139e-01
 2.75649779523640947598295e-01	-1.65491352169207600608658e-01	-9.46905386723391528924765e-01
 4.06601808539535092279493e-01	-3.84935778873251033260772e-02	-9.12794179294440732874705e-01
 1.72463779912831988161415e-01	 2.13153654426500277496714e-01	-9.61676538251197143836180e-01
-1.43809374700721165352135e-02	 2.51291146059760939213135e-01	-9.67804705790095809447848e-01
-1.60347805411097471539605e-01	 1.26222046704642626435700e-01	-9.78956881698849867845524e-01
-1.10233458411848006530676e-01	-5.24497710502533839860284e-02	-9.92520834120543593570574e-01
-5.48079706012275652549093e-02	-2.28627501431911739349090e-01	-9.71969933664399099448872e-01
 8.89055884036899363165318e-02	-1.07217804372592304118506e-01	-9.90252563125243567832001e-01
 2.26716113398959751012995e-01	 2.46741547021698051644911e-02	-9.73648288662288807771006e-01
 3.66391914344388058832891e-02	 7.36310623738154201856076e-02	-9.96612279828386404822993e-01
