 3.68219785614124633932320e-03	-4.89630939917956933826737e-02	 9.98793800964793199170799e-01
 1.52587387928940193537741e-01	 6.90523799025829221331918e-02	 9.85874666412933420289733e-01
-1.63928303713342035652367e-02	 1.53166937745243481039381e-01	 9.88064352304120707692903e-01
-1.67802939632494041433119e-01	 3.99782914535023944924141e-02	 9.85009598767013327957898e-01
-3.18389439977498522882371e-01	-5.35932771901200810660271e-02	 9.46443830953975884234808e-01
-1.51445436795376586758266e-01	-1.58125623509457996496153e-01	 9.75735910409985196523053e-01
 2.01888630591862683338888e-02	-2.47031244138491951067849e-01	 9.68797179097754423970912e-01
 1.72357069993160666454557e-01	-1.37275163524824272975877e-01	 9.75422252105520470877309e-01
 3.14266374452093988356438e-01	-1.76630372408991126453870e-02	 9.49170513134580562386589e-01
 3.08140034013796748624259e-01	 1.79372052799928433097776e-01	 9.34278002583982414286368e-01
 1.40312148685035359418904e-01	 2.64983745361688671771105e-01	 9.53989578363139356653733e-01
-3.86863648330104045736100e-02	 3.37421190331266884765427e-01	 9.40558507213367422927774e-01
-1.99846346160173354844503e-01	 2.23370602014313052174899e-01	 9.54026735517507162853690e-01
-3.56775368964899752821651e-01	 1.30635164002547987660563e-01	 9.25011237783621265151623e-01
-5.01926218526659861929318e-01	 4.12163793696817895573226e-02	 8.63927821769378212479751e-01
-4.55715652840603557827137e-01	-1.44159183152939268657278e-01	 8.78374278806443475886567e-01
-3.01475700679366520606806e-01	-2.56023120003017079504559e-01	 9.18457709382313303159151e-01
-1.35118822116395032040259e-01	-3.51136959041710161599781e-01	 9.26523469699941482069505e-01
 4.24213309360344237308738e-02	-4.28787038913910123483220e-01	 9.02409056881111060199885e-01
 1.98297755516262164121599e-01	-3.27533908795942629854636e-01	 9.23796264739181416381086e-01
 3.44201428442129364615454e-01	-2.14256810219382975990499e-01	 9.14122199671911106477751e-01
 4.78703981812464707257249e-01	-8.96049099042031116368889e-02	 8.73391926867858825467295e-01
 4.68119899050093712933318e-01	 8.66507260444571575375150e-02	 8.79406283687635847989839e-01
 4.61523420220221081144985e-01	 2.73504505732886427082917e-01	 8.43914342769477521244426e-01
 2.98189261667692440127553e-01	 3.65117662475189119763996e-01	 8.81913973568131281943749e-01
 1.24480593587152882362190e-01	 4.43986431665978620308977e-01	 8.87344707718878300539700e-01
-5.33726197996297266334942e-02	 5.06343918846075435880039e-01	 8.60678336722450199047785e-01
-2.22837795791875709072727e-01	 3.93187549750826481620436e-01	 8.92046449176027933525290e-01
-3.87059235114544097910994e-01	 3.04802140179968705790969e-01	 8.70218825269974849412336e-01
-5.37301043941799782999169e-01	 2.16852785051678348393622e-01	 8.15035249418319951431045e-01
-6.27417741389297289877902e-01	-6.41510363361358360023701e-02	 7.76035838300624392083193e-01
-5.75624013484109964267077e-01	-2.40864484357886265986082e-01	 7.81435406975813262597796e-01
-4.37039070813741103993522e-01	-3.52241350854133883352404e-01	 8.27600677459073064134998e-01
-2.83332365970122457277114e-01	-4.48834982638557922207667e-01	 8.47508070022709558699603e-01
-1.14838462607398772430400e-01	-5.27930608116537247731515e-01	 8.41487611625787668145904e-01
 6.54049424852823635401222e-02	-5.88737013260366648381705e-01	 8.05674203829165658241607e-01
 2.28547822354481289242045e-01	-4.94542976819588420145379e-01	 8.38566119620536842838021e-01
 3.82118169675849217448160e-01	-3.84339283028870382086239e-01	 8.40398131794944602823705e-01
 5.23396159227443980022088e-01	-2.57566778905735316307357e-01	 8.12228917799707739177961e-01
 6.26133774675317389402096e-01	-7.95070819204945489211411e-02	 7.75651416639798640950687e-01
 7.21487566746509378923236e-01	 4.59577043250296787824105e-02	 6.90900557564816608646652e-01
 6.04069046340504511860559e-01	 1.44018565608165616254155e-01	 7.83810716954954633806096e-01
 6.03173928451510965587090e-01	 3.32351519375135295852886e-01	 7.25068051706466265571294e-01
 4.50562654072424628726168e-01	 4.47224066636667694218943e-01	 7.72647350979846714302823e-01
 2.82884776962516071296960e-01	 5.35014549211343393153584e-01	 7.96075144125886202672859e-01
 1.13604229842539164452297e-01	 6.07458683516907904653692e-01	 7.86185745725390905391805e-01
-5.72333432479769990686158e-02	 6.59502733768392079838350e-01	 7.49520172225322300896266e-01
-2.32989574393793474893499e-01	 5.48673585381588169163081e-01	 8.02915409572087068745816e-01
-4.02316559867985423792902e-01	 4.68240772470122357251654e-01	 7.86696869608982995991653e-01
-5.56017229372747556759293e-01	 3.83325725396916394682734e-01	 7.37499985687851689064587e-01
-6.90864694541813539885311e-01	 2.79908192483449391740891e-01	 6.66601363347161801620189e-01
-6.67565944194731475391791e-01	 1.10499781596395604821303e-01	 7.36305309242399452784866e-01
-7.63173611195391621286888e-01	-4.25514034355777143181498e-02	 6.44790987251410152580888e-01
-7.13755572762164058886469e-01	-2.25868931276843432076618e-01	 6.62975269700772362746477e-01
-5.96620772245008312850700e-01	-4.01534890667263721919511e-01	 6.94847742820395519736110e-01
-4.47739121659333272340575e-01	-5.15159479089493443915160e-01	 7.30849088417007353157828e-01
-2.84498039815041625644199e-01	-6.06324334026307587564020e-01	 7.42584451297597314400889e-01
-1.09257167962661688731529e-01	-6.75444585602026581483415e-01	 7.29271885533567920667508e-01
 7.25977705072300139033104e-02	-7.24885342633317275584659e-01	 6.85033432580306800296910e-01
 2.45224731624128000628815e-01	-6.44293948354379364396038e-01	 7.24396396397579245274301e-01
 4.03593626284921180857879e-01	-5.40145258404868267021470e-01	 7.38481742932704743331840e-01
 5.51393705799921640675620e-01	-4.14942465993517695110882e-01	 7.23731808834908063587932e-01
 6.73320518689783820143191e-01	-2.53308160654435232661541e-01	 6.94603811432954465487910e-01
 7.74933174682452818871070e-01	-1.10794768389390688168028e-01	 6.22256453621910066154044e-01
 8.35284419089461493967974e-01	 8.17249565243007292103528e-02	 5.43710373919315759216886e-01
 7.34264289598395403224629e-01	 2.24611787822684677573548e-01	 6.40628986068895400762813e-01
 7.23870651974751533330732e-01	 3.91111565195418953155837e-01	 5.68368738390877537014489e-01
 5.80414062523105789281885e-01	 5.03288067967208485598007e-01	 6.40172349189856104700880e-01
 4.15065152174988682975965e-01	 6.09961463909074574907265e-01	 6.75031800729308240072157e-01
 2.47119895765365193973651e-01	 6.95418982288411480219281e-01	 6.74777145574644632297634e-01
 7.42057853177298110125548e-02	 7.57518247950664469492210e-01	 6.48582766844089664282080e-01
-1.07278223493036700686432e-01	 7.94724800950022514101079e-01	 5.97414323162012261825282e-01
-2.28500029791315062421830e-01	 6.89233765090290995125599e-01	 6.87564217687940626433374e-01
-3.97104084844773663753870e-01	 6.20748361810443238795187e-01	 6.76002823299759469932724e-01
-5.51506192547293050409962e-01	 5.40875297774378482884572e-01	 6.35054983319921384499196e-01
-6.90186722540449548723984e-01	 4.42680194302531970773629e-01	 5.72430374457143287258987e-01
-8.05683739317789027190031e-01	 3.14169654572226175748284e-01	 5.02166446852906678266493e-01
-7.96665142122940039826062e-01	 1.38701243235987953239530e-01	 5.88291268379046439207514e-01
-8.69116713531815410220815e-01	-2.02368123158282765816640e-02	 4.94192887127030910932035e-01
-8.27076328188702247778963e-01	-2.05277026920103161655717e-01	 5.23264836931297661060114e-01
-7.33086955084462754683727e-01	-3.85924646899431122992752e-01	 5.60040787086566016483857e-01
-6.02307069841732878323626e-01	-5.43925963711829996150016e-01	 5.84269406711341532378867e-01
-4.48534691000786023273861e-01	-6.54032859854914327968345e-01	 6.09145014917492066963689e-01
-2.81468687995157729186957e-01	-7.38134335467992341861532e-01	 6.13133819391419643274332e-01
-1.04752160019352641429080e-01	-7.98086908711287512652177e-01	 5.93366894185158533225888e-01
 7.75338498945096765702090e-02	-8.36058131082602518091562e-01	 5.43134701129656671803048e-01
 2.51167559655806782448195e-01	-7.70891554587185945379701e-01	 5.85355505690942301555424e-01
 4.12137632112244134408030e-01	-6.78691364786636164296851e-01	 6.07882063858579235748891e-01
 5.60202186198557772200957e-01	-5.60460569165165733984679e-01	 6.09965130961938717391035e-01
 6.94118832911264860285883e-01	-4.11204998539141053370827e-01	 5.90854884869651098000531e-01
 8.04702055138700633740712e-01	-2.62887473148430750313764e-01	 5.32301398567751937740411e-01
 8.82362070527794917218500e-01	-8.07512489854552845125468e-02	 4.63590781057164336154131e-01
 9.20614103372602299302230e-01	 9.67458815390445509008188e-02	 3.78298700865721815311815e-01
 8.39716605831123175107678e-01	 2.61501010279619250376015e-01	 4.75913062979150369713466e-01
 8.11862442116735416597351e-01	 4.33952320498405430537758e-01	 3.90595389904053680307783e-01
 6.88095511138204107837169e-01	 5.45890819164219331938170e-01	 4.78045793939943841621698e-01
 5.30225835058797168031219e-01	 6.57679638192111060135403e-01	 5.35086962412368416508457e-01
 3.67872614972735767491230e-01	 7.57071741441426637742040e-01	 5.39918621149490407518101e-01
 1.98700338053143021888047e-01	 8.29683296484263976822149e-01	 5.21674039216608487201654e-01
 1.76152507246117688566311e-02	 8.72395913374639175863479e-01	 4.88482418587546041166547e-01
-5.94078258845054177350598e-02	 9.42029921517219759330430e-01	 3.30227705061124754415403e-01
-1.90953463333539408264272e-01	 8.73647100009838029066600e-01	 4.47523764157085501835809e-01
-3.16000212979444250471772e-01	 7.73033979874559462608374e-01	 5.50056661950607872491048e-01
-4.88289340491846413083721e-01	 6.99158210825703618773730e-01	 5.22255987229480078681831e-01
-6.42235084071110740033816e-01	 6.05910790336471549721864e-01	 4.69474398601250564322385e-01
-7.74693122907032405422001e-01	 4.88211432725808747168372e-01	 4.01870827849400980014138e-01
-8.77139776410685634289166e-01	 3.51585061877251414674816e-01	 3.27129572039859706222842e-01
-8.90957394713708716871281e-01	 1.66390039470012074396266e-01	 4.22503580541193191066895e-01
-9.44110003240896555887218e-01	 4.75099731093202738013703e-03	 3.29596313397200968431378e-01
-9.13809609125552868569287e-01	-1.81764421202019438306152e-01	 3.63199247596824204009636e-01
-8.40189205386621562610117e-01	-3.60503701350188721086454e-01	 4.05116255492928456494184e-01
-7.30052663724006123402432e-01	-5.26861265773767017961404e-01	 4.35247417932315194821769e-01
-5.90675896877637218729262e-01	-6.69036601476263648180520e-01	 4.51100887532811356539497e-01
-4.33678330791630151086480e-01	-7.71906808598353921802016e-01	 4.64847269800834517194943e-01
-2.65683536223662586372996e-01	-8.47038825734965361569095e-01	 4.60366686758741483487256e-01
-9.19473386466855557852540e-02	-8.96537104423625330618108e-01	 4.33320790301473302008617e-01
 8.07088936490349545538336e-02	-9.21769190482087608096151e-01	 3.79246139023123096656320e-01
 2.50104754852683242027922e-01	-8.71612345778545294372464e-01	 4.21591662970819236466724e-01
 4.09096292199452482574173e-01	-7.93884744049845436641988e-01	 4.49874690190025960934150e-01
 5.56567095369454922781927e-01	-6.89081764650386063841836e-01	 4.64111398242187112028745e-01
 6.89298441892831181831980e-01	-5.55098496298651267188973e-01	 4.65546257004705976711989e-01
 8.10108658209010568107544e-01	-4.06497113677298460565623e-01	 4.22473737014293082570049e-01
 9.02698310922619540086487e-01	-2.31378542621778704457824e-01	 3.62766770076410949297241e-01
 9.57966914542123459952450e-01	-6.36345276474013787915140e-02	 2.79732081702718182736334e-01
 9.72308003384979024907864e-01	 1.23779260322811252015285e-01	 1.98231786723152419993355e-01
 9.11703174036805563673624e-01	 2.75482821293636437331998e-01	 3.04805737517050145957143e-01
 8.72819806448801416287608e-01	 4.37676058491161756869303e-01	 2.15928815340422464164050e-01
 7.51600628335260312340438e-01	 5.95397240237163116738373e-01	 2.83898964077032189834426e-01
 6.26892827137463415354546e-01	 6.83941468265830132544636e-01	 3.73134628880755436775019e-01
 4.73682860421987705912272e-01	 7.91677205887375667892059e-01	 3.85839020085840589402437e-01
 3.11459033669904961083574e-01	 8.74316422208907373381237e-01	 3.72241943097798677619892e-01
 1.35568474308605885214618e-01	 9.27042516661013449308371e-01	 3.49590276003855282560551e-01
 7.04846152372984591227834e-02	 9.81214003556572733621977e-01	 1.79585629267299873301766e-01
-1.25325139069048296924791e-01	 9.78316294034628497477968e-01	 1.64896447334907852999564e-01
-2.65188739446312049530263e-01	 9.21338428157629563131081e-01	 2.84271759538130774913611e-01
-3.91963722393166291713129e-01	 8.30891309778740039249101e-01	 3.94948188579037295919960e-01
-5.62526845994422930452572e-01	 7.47910917676573916423877e-01	 3.52409998092778120604152e-01
-7.09379790524615527758101e-01	 6.42029828946903968756033e-01	 2.90822990043190621189950e-01
-8.26506272923333895619180e-01	 5.19775894947330452389167e-01	 2.16149022320438866096026e-01
-9.14264133867646711095745e-01	 3.80200747410244621615760e-01	 1.39887401834237451447862e-01
-9.48280547979410637360331e-01	 1.99197315565044080765134e-01	 2.47152648773079075539272e-01
-9.86862234919664849108756e-01	 3.46862298483745223887098e-02	 1.57796688014260971799629e-01
-9.70068331730571276061426e-01	-1.53132046410120348234329e-01	 1.88462219385518797709622e-01
-9.15205848717270398218204e-01	-3.31281888903077026409250e-01	 2.29457108319855745959259e-01
-8.24836687792692702103636e-01	-4.96559194972991835292930e-01	 2.70320928451636077749498e-01
-7.00145363427394529232117e-01	-6.51244535038358329792629e-01	 2.92706381300091189601176e-01
-5.48187658779331066227769e-01	-7.80115158896723004389173e-01	 3.01513896232953493292683e-01
-3.80094134961821372709068e-01	-8.73670256277015222501348e-01	 3.03691837006659359765592e-01
-2.01529336346047915906610e-01	-9.36974142619540706355963e-01	 2.85421412396299201130745e-01
-2.33997591219264403084033e-02	-9.71307356407303812417808e-01	 2.36673764203155750918128e-01
 1.84181352713161911038853e-01	-9.55461007679076157472764e-01	 2.30589444939776538889831e-01
 3.57823957805338155324648e-01	-8.95023506787087308467221e-01	 2.66261032671077202405030e-01
 5.16538343094619878392848e-01	-8.05418004391961428467539e-01	 2.90671598740460224163940e-01
 6.58573628168103608615525e-01	-6.87977803431853551785480e-01	 3.04905425118318140764728e-01
 7.82039153319824542620609e-01	-5.46165556930265694290938e-01	 3.00196514133433400850492e-01
 8.93458622777941413595215e-01	-3.73671201055311263949932e-01	 2.49201771433562979662923e-01
 9.61380281539592429496111e-01	-2.19205188850839033376516e-01	 1.66424275415944511458122e-01
 9.89755076866152716519309e-01	 1.42765775724083027187206e-01	 1.67961292482617986256133e-03
 9.48919852792477480640798e-01	 2.95224268371186482351476e-01	 1.11327194974995644094484e-01
 9.46602169678287030940567e-01	 3.10643383887149182598364e-01	-8.62845316815314400393788e-02
 8.90495244519473150290878e-01	 4.54827021342893100808169e-01	 1.22719250549893528490220e-02
 8.05319620577045425235951e-01	 5.81288754192596512915259e-01	 1.16463268728224905723678e-01
 5.96405977246903473698580e-01	 7.71108374249089290053405e-01	 2.22916543726777882650225e-01
 4.34106066169345605754160e-01	 8.75381556971682517342970e-01	 2.12741751964227704396748e-01
 2.59385267928118723457231e-01	 9.45828210700643379205133e-01	 1.95264637414656938574353e-01
 1.93993552142388642200999e-01	 9.80841169786206390490690e-01	 1.78073406101136137713592e-02
 6.32742077652245858004898e-03	 9.99968384565936285746091e-01	 4.81597496966503814397331e-03
-1.85533536006505378468390e-01	 9.82630492239895181327825e-01	-3.82396878966608606484345e-03
-3.30072027991384520095863e-01	 9.37180382103674269878013e-01	 1.12895472618107506335150e-01
-4.60053999732740748207505e-01	 8.58783993921401034299379e-01	 2.25478090098161276788602e-01
-6.24424035646656716558311e-01	 7.62861427886201259873644e-01	 1.67741066975768238211941e-01
-7.54187919121977801140133e-01	 6.50330841338915055516168e-01	 9.09416266287330909978692e-02
-8.56264718313254347137331e-01	 5.16388960806723251728556e-01	 1.23763212981678229207549e-02
-9.71768221171469992469838e-01	 2.27778932487884028246228e-01	 6.15083915894182459149775e-02
-9.97667959549808802677262e-01	 6.50501759654558003864722e-02	-2.06668114276074635360381e-02
-9.93018388284424680101381e-01	-1.17895763307467468794520e-01	 3.88194837077498284758081e-03
-9.55216666107422951448314e-01	-2.93251108924433123714692e-01	 3.95589168862115828084747e-02
-8.85458531587324682021745e-01	-4.57400951182513171300315e-01	 8.21435249825018393154963e-02
-7.83339071687743526695158e-01	-6.09256741495244447115454e-01	 1.23231983307829584539661e-01
-6.44575487000668689852034e-01	-7.51892858726682211667480e-01	 1.38490326570734456623768e-01
-4.79523116684328454262243e-01	-8.66165538514684585358339e-01	 1.40765196177586038306373e-01
-2.99543148004626946789841e-01	-9.45142192092744637399448e-01	 1.30307863191749334630387e-01
-1.21167233667797663576593e-01	-9.88905027438687023177977e-01	 8.59380485686221523566886e-02
 8.02386487735322201375610e-02	-9.94103608930067550453202e-01	 7.29367805377595657123635e-02
 2.80269532215943750763643e-01	-9.56953460330779992482064e-01	 7.54258846312234193520752e-02
 4.53194241821248844370729e-01	-8.85312505490548851128096e-01	 1.04099696455419651885954e-01
 6.07516379364977376908996e-01	-7.84599521636809460467532e-01	 1.23804036487341145855723e-01
 7.40583098190903399427043e-01	-6.58570434487721456662257e-01	 1.33497780852779801552543e-01
 8.52357861866936405981221e-01	-5.06339877041494523801646e-01	 1.30789924043210659121428e-01
 9.27372515295425636772109e-01	-3.71958612710249880706215e-01	 4.03361910113225682894544e-02
 9.95064479463645068513244e-01	-2.94875971835713394930689e-02	 9.47478934968203762023720e-02
 9.93907539506867943046586e-01	-8.42757271019822611080041e-03	-1.09894398991114611296993e-01
 9.67057085288734685768475e-01	 1.59668586574569115743572e-01	-1.98258760850904797168326e-01
 9.02912273091827310977919e-01	 3.36405129992618678880234e-01	-2.67546286864159155172160e-01
 8.56106369906013076054307e-01	 4.87705232978953240330355e-01	-1.70954640566712195992594e-01
 7.80552972763553398749536e-01	 6.21513732330326362784945e-01	-6.67662881610710801094655e-02
 6.92553090437053375794108e-01	 7.15990164520359795297111e-01	 8.79107572268314207963869e-02
 5.41834178960190926410689e-01	 8.39034587828955902288897e-01	 4.93627687354546360043450e-02
 3.74704588851923092729379e-01	 9.26536768435897606366325e-01	 3.35572321515853339013447e-02
 3.07892843334136689925629e-01	 9.40048339012087397215112e-01	-1.46666687915955967769222e-01
 1.28362787399232625151768e-01	 9.78110770906048587747250e-01	-1.63775195462178557725963e-01
-5.43380779520795734183203e-02	 9.83355712592895669921234e-01	-1.73375072589435658132473e-01
-2.37568941521385135207112e-01	 9.55346833342959889101564e-01	-1.75708355083040113076009e-01
-3.83181680867151652769564e-01	 9.21300634330311951636361e-01	-6.61584509370424928009768e-02
-5.15015170908595720788981e-01	 8.56017201082065248840536e-01	 4.46533894079374285568385e-02
-6.54307197865236167544367e-01	 7.55397040290677446172651e-01	-3.54598694558701937884493e-02
-7.67432622793239094249884e-01	 6.30843522063535777633092e-01	-1.14383653303973389925297e-01
-9.29021955899592133398812e-01	 3.63886243244781693029211e-01	-6.71193521549174054730003e-02
-9.69754661730313327616670e-01	 1.94726216991499806452381e-01	-1.47165201282453972364550e-01
-9.83029949955539494865775e-01	-1.87119659708793600882970e-02	-1.82488300501468247993841e-01
-9.64927205208137683811742e-01	-2.09338480428628598284391e-01	-1.58407352294788167368367e-01
-9.15252148494648753995762e-01	-3.84280153573209604100924e-01	-1.21005240571143438121915e-01
-8.35522797993510035752251e-01	-5.44238767855950156260292e-01	-7.55368624959586315581461e-02
-7.23810017449511899911840e-01	-6.89339061712936018722075e-01	-3.01780820541385566557757e-02
-5.68026135880876137385087e-01	-8.22763041630234837064961e-01	-2.01813350302939321923024e-02
-3.87541412714665745031795e-01	-9.21473227458339039230850e-01	-2.64337759057090213032915e-02
-2.10736798367703204171164e-01	-9.74968557791321299710319e-01	-7.08964959080578965844310e-02
-1.85728591958864534816609e-02	-9.95998048794336843236863e-01	-8.74238851754123719173251e-02
 1.81688317749554295588155e-01	-9.79324468483737442525694e-01	-8.89547110746945618453552e-02
 3.77421455711071107685939e-01	-9.22594419975503399200534e-01	-7.98284473042085856997474e-02
 5.48293374424392854216137e-01	-8.34282260633235073221670e-01	-5.78574554833816215304587e-02
 6.97787387925001501010058e-01	-7.14946036023090369937449e-01	-4.41013245569054773698170e-02
 8.23403863414442604984345e-01	-5.66481643879984231304547e-01	-3.32358971776165121325697e-02
 8.66875981309284338038879e-01	-4.67809747745112358696673e-01	-1.72279055441223433176035e-01
 9.40889245121638628788219e-01	-3.14031838043176192432071e-01	-1.26930820172475616880448e-01
 9.84256891848750536944124e-01	-1.76114725024652502005651e-01	-1.48988079297651624527399e-02
 9.49926584476916247012923e-01	 7.90343391399361133720092e-03	-3.12373206015476523322860e-01
 9.06072071497715292309749e-01	 1.78743079942149218908298e-01	-3.83515726697920000809461e-01
 8.29027033427066739612599e-01	 3.51504981218348999671974e-01	-4.34923471458836141678717e-01
 7.89409491695589049520265e-01	 5.10054904190818114706474e-01	-3.41579638052105005741055e-01
 7.21508587993911376656797e-01	 6.49792778456551256560658e-01	-2.39154139660486986240784e-01
 6.43661927354595708727913e-01	 7.59170950642245934147923e-01	-9.67408443994351996408909e-02
 4.81993669770558685883088e-01	 8.66658169614323514728937e-01	-1.28785555641384413805284e-01
 3.93770932086280167627734e-01	 8.67631567565995687196789e-01	-3.03578517037808803813448e-01
 2.13332651791438343558127e-01	 9.20376230823341079378963e-01	-3.27714469340389724649754e-01
 2.66191404606788487030578e-02	 9.39892735057544670418395e-01	-3.40430709465499137245104e-01
-1.67084157634735386288583e-01	 9.25157424842258713226784e-01	-3.40832251300740907140607e-01
-3.75649081892444447472457e-01	 8.85905322390123872722256e-01	-2.72138801045008316137341e-01
-5.26519523997920568803011e-01	 8.35394109721766864318226e-01	-1.57777920797492726689981e-01
-6.48194449509952530519286e-01	 7.23267050428651914195655e-01	-2.38177936402026557694001e-01
-7.46708491424650344647773e-01	 5.86692134559799405302272e-01	-3.13398736564124258396902e-01
-8.53884483410539352199464e-01	 4.83766959333777002427723e-01	-1.91965668929806265730065e-01
-9.10120939841292164729225e-01	 3.15323060015216705131991e-01	-2.68795912701520478549355e-01
-9.42219315140995328228257e-01	 1.12338394030324931205378e-01	-3.15599187898070010493967e-01
-9.36442584458147875281497e-01	-9.67453937105451911016019e-02	-3.37217459229406713028254e-01
-9.05108256685030254651281e-01	-2.83604116977814235678323e-01	-3.16777127510525779996442e-01
-8.46327341633718366331607e-01	-4.53687552158012374903251e-01	-2.79101479430107157764240e-01
-7.59674186436160470137224e-01	-6.07764857720367590587784e-01	-2.31337433595817210107981e-01
-6.41928274470301540866046e-01	-7.45220432820978051502436e-01	-1.80484339879379812598970e-01
-4.67019113009949193848769e-01	-8.66152232043388869975331e-01	-1.77970388013443781005662e-01
-2.93504583845738353797827e-01	-9.28921994801959360898991e-01	-2.25740972875303813616199e-01
-1.09267081508546748391808e-01	-9.61269609223915133533467e-01	-2.53024590269614435555923e-01
 7.98816888218904785912144e-02	-9.64483411558268555197060e-01	-2.51775027792444872076771e-01
 2.77026072958088676045918e-01	-9.29106051103773200594560e-01	-2.44986735771087815738412e-01
 4.62204593968717436514027e-01	-8.55041369268543571813268e-01	-2.35098213846016923511684e-01
 6.22979901286959236728080e-01	-7.50929992990219563608889e-01	-2.19089452553516111921184e-01
 7.55683272712375342372582e-01	-6.20248947995066801652797e-01	-2.10318886108040420390708e-01
 7.98791966284705390322074e-01	-4.86218944320961354854660e-01	-3.54291592875732919143417e-01
 8.92973303135713991629530e-01	-3.23620457681338513644675e-01	-3.12839382522426989741149e-01
 9.62098612963125154884381e-01	-1.55127106339099957166283e-01	-2.24280716543550279196140e-01
 8.71688710947083111868494e-01	 8.46667128980918733127670e-03	-4.89986843379169922929606e-01
 8.16409230809124863981197e-01	 1.77474597875491524323621e-01	-5.49525918368356514065454e-01
 7.32433408937702146168647e-01	 3.45105919643447112132861e-01	-5.86892840047438024697612e-01
 6.97641520492881972437260e-01	 5.10897407823508231672349e-01	-5.02274972065699931711436e-01
 6.37324024497522345633627e-01	 6.55843238501011782659589e-01	-4.04583408348373474439086e-01
 5.68150762135848252931680e-01	 7.75964527279451421470924e-01	-2.74014167313357093203052e-01
 4.67974046214071515148447e-01	 7.65753740025503448762834e-01	-4.41159270226732957986826e-01
 2.89651561813469182737890e-01	 8.30490116647777276703835e-01	-4.75802625979911242293241e-01
 1.02607842049603617540221e-01	 8.63380911942845497009102e-01	-4.94009141254151462607780e-01
-9.15174585821019181963720e-02	 8.65532131083005640270756e-01	-4.92421247345790347171857e-01
-3.03814901639341272687744e-01	 8.44557131419489848234150e-01	-4.40930558376667725006826e-01
-5.00056890451912816608626e-01	 7.89345134478978693870488e-01	-3.56198490993332061993470e-01
-6.07798065825198574607668e-01	 6.67503547601943081346576e-01	-4.30140122655359891101767e-01
-6.94732263562202634332721e-01	 5.20336431843733904223370e-01	-4.96585420307392333416630e-01
-8.19031047098220610358510e-01	 4.25912659865590292884718e-01	-3.84430162780459161453450e-01
-8.67753993532913048269961e-01	 2.33956072030919726145726e-01	-4.38483252892906183451061e-01
-8.80385826727622555765151e-01	 3.14573718201183252785036e-02	-4.73213725345420832546495e-01
-8.56946073714384248809495e-01	-1.65558719090646400129430e-01	-4.88091935273024024599664e-01
-8.13283088245284391248902e-01	-3.44829756918055563286174e-01	-4.68682256030722610429251e-01
-7.46606380279092984864064e-01	-5.07646672656645647769835e-01	-4.29969497368344555354724e-01
-6.54604461171836682353842e-01	-6.53140498321758578015306e-01	-3.80657968346827746408678e-01
-5.35693995875544559659431e-01	-7.79602060843367472564580e-01	-3.24426524056937171103243e-01
-3.72753152637016083037480e-01	-8.49575976826195011781806e-01	-3.73196659683580289623706e-01
-1.95814663328146898457760e-01	-8.90780614014269001010859e-01	-4.10081108223783352695335e-01
-1.38603342525984944005879e-02	-9.06112546494263870755503e-01	-4.22809583879181660748259e-01
 1.69490559372617338729228e-01	-8.98705951900181432279169e-01	-4.04475663424570086590393e-01
 3.60116790101436101689814e-01	-8.44486537279656057641830e-01	-3.96432069641766582357434e-01
 5.35774868180704300080208e-01	-7.50894193918741681414986e-01	-3.86138835349505493699240e-01
 6.77009129713482149526271e-01	-6.28339883331848758629690e-01	-3.83207031901963257602972e-01
 7.04341006488183984934892e-01	-4.80289415972495414841603e-01	-5.22710075935036377892118e-01
 8.11670074005225616886605e-01	-3.30228892079384939162168e-01	-4.81809682136394357154785e-01
 8.98194984122223427647214e-01	-1.60031027449895640879518e-01	-4.09433560850853806023508e-01
 7.61317063080421463361347e-01	-1.35029189158881947514790e-03	-6.48378366522518123638008e-01
 6.98509125120858831436976e-01	 1.62378914748206426565957e-01	-6.96934781861321184237568e-01
 6.12098998994088150382709e-01	 3.23819980461799661330957e-01	-7.21439835110423532960056e-01
 5.81820056399218743514723e-01	 4.89817598093417350124668e-01	-6.49279710579042768081592e-01
 5.29351119449072871070427e-01	 6.37932253052631681455864e-01	-5.59311928044813333471552e-01
 3.56912684589256345990549e-01	 7.11319733353539485065653e-01	-6.05506046642921291756068e-01
 1.73996330561494161326408e-01	 7.57242544572543363479156e-01	-6.29530782123031151797932e-01
-2.16640624615455981705203e-02	 7.73614743524392745044338e-01	-6.33285794092485976314322e-01
-2.24599476168298700651249e-01	 7.73491441274715141318552e-01	-5.92677033113051976442875e-01
-4.26610832650006155386535e-01	 7.36688630127823373960894e-01	-5.24683771147974153947757e-01
-5.31886156216879846247991e-01	 6.02828635754173003391543e-01	-5.94722416543714604841853e-01
-6.17959277029011766479982e-01	 4.42476109402429151895575e-01	-6.49877853555474449542828e-01
-7.61379556481042940596637e-01	 3.44699937157976088464295e-01	-5.49074789346604474893354e-01
-7.92155350377460876210023e-01	 1.46919397648548860635387e-01	-5.92372004286959796814926e-01
-7.81965178055626708442105e-01	-5.02777143150689442840928e-02	-6.21291084558344697263976e-01
-7.42070093937620800517152e-01	-2.40888965716308273146140e-01	-6.25543349320842878569238e-01
-6.82953514690860075120327e-01	-4.18131752725847516405366e-01	-5.98949358572001266942664e-01
-5.99997696213062314818387e-01	-5.78341805242134077147398e-01	-5.52741821150062095924227e-01
-4.88400497101033226332589e-01	-7.19956092257378776899657e-01	-4.93080297368439390837125e-01
-3.11899396094000136425706e-01	-7.82653736411760392321924e-01	-5.38676058124833323503822e-01
-1.24789449404720420577775e-01	-8.10536322618635507453178e-01	-5.72239864945746301572171e-01
 5.83156090371729426968805e-02	-8.15355914659010694300889e-01	-5.76015644035118068444490e-01
 2.38027453152451828888303e-01	-8.03777119068373679944273e-01	-5.45238731573521651085912e-01
 4.27733977334953330284861e-01	-7.28270347302719667226256e-01	-5.35411940353217929988716e-01
 5.74491576734199038689610e-01	-6.12808722199880140379946e-01	-5.42609342213349887806828e-01
 5.82681239325897770697793e-01	-4.54219175336316172142404e-01	-6.73919516036175281215037e-01
 7.00122984784914526024124e-01	-3.15519281575828480779222e-01	-6.40527430427249910849241e-01
 8.01293882357092868140569e-01	-1.64437333990936435101915e-01	-5.75229065057608623945384e-01
 6.13548922919946781995293e-01	 1.67097212120925001088700e-02	-7.89479894867999409946435e-01
 5.34626626148475225797085e-01	 1.92805863519581482945497e-01	-8.22800261063137416961411e-01
 4.60315482967348310605615e-01	 3.96422501486451583918580e-01	-7.94329186455943636602228e-01
 4.15749457064395033789594e-01	 5.64950213126315325951055e-01	-7.12729714295111893562762e-01
 2.40199915157837007306796e-01	 6.20292048965023434803356e-01	-7.46687200070378254146419e-01
 5.35097338878829584252195e-02	 6.55587673858592290265790e-01	-7.53220757987940858768638e-01
-1.51319944129193362236663e-01	 6.65890447441196631217508e-01	-7.30542392004256524451478e-01
-3.43058389940309016452602e-01	 6.54329837475566944426930e-01	-6.73916467287126730312252e-01
-4.43943188743060379586325e-01	 5.10733447323694966790697e-01	-7.36251173821473869907095e-01
-5.20794668848291286700203e-01	 3.44640369966738913110049e-01	-7.81022360940061832756953e-01
-6.75252010756468790120266e-01	 2.57860210052440752548364e-01	-6.91044740983575489501334e-01
-6.79750135817702383356220e-01	 6.24912762213729461313605e-02	-7.30776705466204323791146e-01
-6.49125842717057643938006e-01	-1.27195525177271756556152e-01	-7.49971291911729065482461e-01
-5.97381214383150616065166e-01	-3.11546685349209928617142e-01	-7.38968434745377100725250e-01
-5.22964587926968094144797e-01	-4.83949549166751868956027e-01	-7.01641556377381458986520e-01
-4.24093620073221211352887e-01	-6.38086113355237571909129e-01	-6.42643535217150674299091e-01
-2.41301128954483745658877e-01	-6.90433551178147975058152e-01	-6.81964278076809038431350e-01
-4.70155066156034973090527e-02	-6.98186243453658761382030e-01	-7.14370710198666158952108e-01
 1.27145657960711061518211e-01	-6.92409729584887223552414e-01	-7.10213170842333263443891e-01
 3.01565244596814996391743e-01	-6.82209872661623251133278e-01	-6.66069135221168395766256e-01
 4.47602810654689320379873e-01	-5.75940936105576617443091e-01	-6.84064150509186341686529e-01
 4.16121565960103634296274e-01	-4.31708384370585618317051e-01	-8.00294141679826376289952e-01
 5.50466707384077769127373e-01	-2.98174982551666689634118e-01	-7.79793616184465410157145e-01
 6.66849127956431142472127e-01	-1.52907518008523951591471e-01	-7.29336363744617077742305e-01
 4.45698883403959023041807e-01	 5.31755103630381503743152e-02	-8.93602188017741272396677e-01
 3.72253474616038748656877e-01	 2.60378930877739167559781e-01	-8.90859227370549233704367e-01
 2.95468342325722888030981e-01	 4.55846455090901714335416e-01	-8.39584699755985375269063e-01
 1.19516629962243714491166e-01	 5.01974555470372729715223e-01	-8.56584683976307048602905e-01
-6.64654521633004230496411e-02	 5.37434253786969740041002e-01	-8.40682322001105930553422e-01
-2.66271733033201618567887e-01	 5.28884823012842009148926e-01	-8.05841304584327011717448e-01
-3.64515546971134252185465e-01	 3.64435917117248098229254e-01	-8.56921745745342300359937e-01
-5.50677690032963629285234e-01	 1.74512724866164842252303e-01	-8.16271640178528712361583e-01
-5.30572223536089349060774e-01	-9.66769791950399665081406e-03	-8.47584598272589695433510e-01
-4.89240198197021136650164e-01	-1.92262074563302132190756e-01	-8.50693436646101752707239e-01
-4.29371108177328486554813e-01	-3.69852510043055526800515e-01	-8.23923280577399719248888e-01
-3.39885897805073000643716e-01	-5.36766060615124995791803e-01	-7.72243337714841993069115e-01
-1.49794749087814510479788e-01	-5.78849165744694027502248e-01	-8.01557968248329810734276e-01
 7.81934386343584725276301e-02	-5.53458018789996009090260e-01	-8.29198412680335117386221e-01
 2.61973838838200356882169e-01	-5.52009121112783440743499e-01	-7.91615839895001727199997e-01
 2.34253797428482873899114e-01	-4.03532296782017352310135e-01	-8.84469809458844902216867e-01
 3.78815119146200196542651e-01	-2.68664918429308285929835e-01	-8.85617449642690512945364e-01
 5.06685296347369806824190e-01	-1.29386847191046983063245e-01	-8.52366736938589553140844e-01
 2.77010140874485277784345e-01	 1.15098223849641301264057e-01	-9.53948521000664850788553e-01
 1.99550556411250690214132e-01	 3.16913290369635669563309e-01	-9.27224644745301973536300e-01
 1.90865711629183941455690e-02	 3.63047498528681678031660e-01	-9.31575126660920460608395e-01
-1.64908792804341453042127e-01	 3.97406822516976343528938e-01	-9.02703111478394770728073e-01
-2.58122951192061300673686e-01	 2.43318436208388000352443e-01	-9.34969882225628490246550e-01
-4.02638493128155694478210e-01	 1.43843484282678873986683e-01	-9.03986336114051436396721e-01
-3.65652853871602512292327e-01	-5.06692433290802587975143e-02	-9.29371087475832302615686e-01
-3.15061290962165341245083e-01	-2.35185811438233804970821e-01	-9.19469421479253701257051e-01
-2.48891579414679403603472e-01	-4.11227690907664811259536e-01	-8.76894958320103778959265e-01
-5.84092094394027053216867e-02	-4.57332087270206300022579e-01	-8.87375752545527030079597e-01
 7.25856100956728395035000e-02	-3.48527284776434798097000e-01	-9.34483847358211550115925e-01
 2.04580749179526621972514e-01	-2.16339875339986581481710e-01	-9.54643271281489180779545e-01
 3.32917063739580187942124e-01	-8.37749502517267652379473e-02	-9.39227334771160160542536e-01
 1.00318033615874047104199e-01	 1.67673484314046522536401e-01	-9.80725188209944809258900e-01
-7.88934450702231532259745e-02	 2.10061660346613554573025e-01	-9.74499832312646252496791e-01
-2.22073584396564660536910e-01	 6.49438209464985455321440e-02	-9.72864647951672267822687e-01
-1.76195953590875586947107e-01	-1.12574019749484680041896e-01	-9.77896761430185335051135e-01
-1.21875026893062968214032e-01	-2.86740822574487963514400e-01	-9.50224277993948929221801e-01
 1.90907920115686892403861e-02	-1.63421362521567720138549e-01	-9.86371633783111989579595e-01
 1.53526800367806026681450e-01	-2.57585126479367258756081e-02	-9.87808696355215398732241e-01
-3.25894665337599295784621e-02	 2.21858024863565532480703e-02	-9.99222556210117462960341e-01
