 1.21669068172358309926073e-02	 3.04458054352443191481470e-02	 9.99462365129323071499812e-01
 1.14200143024317579687477e-01	 9.23718568435604597821609e-02	 9.89154066562180300792306e-01
 1.16177002820383838688212e-02	 1.51969707083120714186109e-01	 9.88316870831024152366240e-01
-8.76450411935555950826426e-02	 9.05710249265330447077105e-02	 9.92025824360403096768835e-01
-1.83354720156142153575374e-01	 2.54585900567155694329546e-02	 9.82717104149911202526368e-01
-9.21644604321155552772993e-02	-3.37542080931641091945394e-02	 9.95171525752852614843391e-01
 1.41623728772239214357409e-02	-8.77356549375719885208724e-02	 9.96043112544412800879456e-01
 1.16858071327912732551013e-01	-2.72718754021816917054721e-02	 9.92774111254704605400434e-01
 2.17338379068116233083785e-01	 3.33777968622616105776046e-02	 9.75525474634396871920217e-01
 2.14122542039135776992254e-01	 1.53070320392088260463836e-01	 9.64738832019195746703133e-01
 1.11783834049064403903806e-01	 2.11932861998702481987067e-01	 9.70870143968970977788047e-01
 5.84285726287314850779797e-03	 2.68801111151877769600560e-01	 9.63177981300715635448739e-01
-9.43946949796846540570172e-02	 2.09236509939902143306867e-01	 9.73298373813426986878028e-01
-1.92226689128009053941781e-01	 1.45629513392746351430063e-01	 9.70484901900012020270481e-01
-2.87684449672575615064574e-01	 8.01922233446970417203303e-02	 9.54362019744929734876848e-01
-2.72560714355777833350913e-01	-3.46823762342290953242241e-02	 9.61513281119202978253213e-01
-2.03374522174023242282459e-01	-1.16632323070923207830596e-01	 9.72129469230085585529366e-01
-9.28108885725810878186692e-02	-1.44790319785482096692775e-01	 9.85099945314578673283279e-01
 1.92417484714894268527097e-02	-2.03225918327377991223770e-01	 9.78942787519145096730711e-01
 1.20078395997760337121640e-01	-1.46000878161928693277360e-01	 9.81969919290072046358375e-01
 2.20328076195509647838833e-01	-8.58743542927318387336655e-02	 9.71638376205258946782806e-01
 3.19236409533450005149291e-01	-2.51237746061138481068475e-02	 9.47342024180144126610514e-01
 3.14818569985122975740666e-01	 9.31076805041958915909461e-02	 9.44574098641102311013640e-01
 3.11134689828050203797005e-01	 2.11908966682613886245434e-01	 9.26439309736536431572063e-01
 2.11196732146298582488697e-01	 2.71089286690018249625922e-01	 9.39098790848237552353339e-01
 1.06976461370629771785445e-01	 3.26626387510326410268391e-01	 9.39079996429789010115030e-01
-7.27988162530643725424417e-04	 3.80005428052768767788194e-01	 9.24983969960381235964064e-01
-1.02360723733916192390581e-01	 3.23100862984869341421046e-01	 9.40812475775646639419847e-01
-2.01595718300001919276454e-01	 2.61257309734186815575185e-01	 9.43982936537288153111547e-01
-2.98011555504215708278792e-01	 1.94421359580131264399583e-01	 9.34553073787129262584017e-01
-3.90064579292416224731710e-01	 1.16294387605652832506919e-01	 9.13414056927556172738036e-01
-3.75974595443652359616493e-01	-5.68561404166770451885926e-04	 9.26629796800702787429316e-01
-3.40521219457743162806196e-01	-1.16781959715629338192322e-01	 9.32956200999805140838816e-01
-2.98618401017318180201698e-01	-2.16869336622883657206273e-01	 9.29405584987851751677113e-01
-1.90311844967839732811754e-01	-2.28351464070693621621899e-01	 9.54796842538614520812246e-01
-7.98579533608598374216925e-02	-2.53909767306436828793181e-01	 9.63925587040517228842873e-01
 2.57591490214071749259572e-03	-3.25118279156556777564901e-01	 9.45669852126362453503816e-01
 1.12805211703479527085570e-01	-2.66530054655960968457151e-01	 9.57202546056801772955680e-01
 2.17382077692381908695651e-01	-2.05939144690244352320363e-01	 9.54114301843544398984420e-01
 3.18436781437945237716036e-01	-1.43468312026590133489989e-01	 9.37024471223501964622926e-01
 4.17301142048108808513263e-01	-8.05289921560234517317056e-02	 9.05193260175792158150898e-01
 4.15214584245967355258244e-01	 3.50687376730515823486378e-02	 9.09047321467627122970612e-01
 4.08324598199021115974006e-01	 1.50526248692265385287214e-01	 9.00340419486008736171812e-01
 4.05832726636927487717799e-01	 2.66058003541527698931901e-01	 8.74364304361707977975016e-01
 3.09339893859920889163106e-01	 3.27224062224680645183383e-01	 8.92879187330464785254946e-01
 2.07907265943892444193253e-01	 3.83393318830419715936841e-01	 8.99880065255327044049238e-01
 1.02046717659823288348875e-01	 4.34751782177746515234418e-01	 8.94749884218003055380564e-01
-6.63534280619475138468522e-03	 4.84647906634895986321965e-01	 8.74684159465722532722509e-01
-1.09507501084287001136275e-01	 4.31611620710297405612010e-01	 8.95387913741360175201578e-01
-2.09811236460242439560986e-01	 3.72603755799462421638424e-01	 9.03961108797916801371741e-01
-3.06869694339827914220109e-01	 3.06951172947175998650948e-01	 9.00895092739511738066938e-01
-3.99384934905511634894992e-01	 2.31612620359800319702615e-01	 8.87044118328162656261782e-01
-4.86414352259906257458510e-01	 1.48764554031297457914462e-01	 8.60970490423130008217356e-01
-4.74172767992166011019606e-01	 3.07631079829599092534398e-02	 8.79894208005642219916353e-01
-4.48617093174416614598243e-01	-8.74323397659874934628732e-02	 8.89437063357931934071132e-01
-4.13707746279829036151199e-01	-1.99753371282359398763973e-01	 8.88225473249555252941434e-01
-3.68597598315686836301097e-01	-3.05315043458906754114679e-01	 8.78019666495912676218438e-01
-2.55419932755105882904445e-01	-3.23577795558826597499547e-01	 9.11075226407055405175583e-01
-1.39543489935450293337738e-01	-3.38914187293527624511569e-01	 9.30411085524996739337666e-01
 1.75545048977829541703155e-02	-4.26419202234080196856070e-01	 9.04355297061859797480565e-01
 9.99215453881062976027039e-02	-4.92531747288125210104681e-01	 8.64539277696831365283003e-01
 1.15723705073332433501676e-01	-3.76166146334937945283627e-01	 9.19297043634766941622161e-01
 2.16223938145086141959794e-01	-3.20694072524624673725668e-01	 9.22172717239347239370773e-01
 3.15904073575239363602662e-01	-2.60123709648886369816267e-01	 9.12436448185336090865860e-01
 4.13903295685500216549713e-01	-1.95757895486655369987616e-01	 8.89023570089858439224884e-01
 5.11104557277412552274143e-01	-1.28235917711269326035861e-01	 8.49898629801818739082364e-01
 5.12554077386426665263741e-01	-1.60154553054996685867994e-02	 8.58505575372639384568174e-01
 5.07384001459819544699315e-01	 9.40586855449948300300633e-02	 8.56571327290477135818492e-01
 4.98979433047300691139725e-01	 2.01260093228243230889518e-01	 8.42919865864812489775204e-01
 5.01745623393679895940522e-01	 3.06217958567374159972729e-01	 8.09000550837956855509958e-01
 4.07411211523876992668391e-01	 3.75277843699485968986806e-01	 8.32575909303716832354780e-01
 3.08226974025688327252226e-01	 4.35288658942030171061788e-01	 8.45884103101256168422140e-01
 2.04583446495317095026323e-01	 4.88366711100597039596494e-01	 8.48318082389432404077922e-01
 9.72353211453326066182612e-02	 5.35391743921379559267848e-01	 8.38988064791501009231922e-01
-1.20225382065940571141294e-02	 5.81880870147214568355309e-01	 8.13185164357904111120945e-01
-1.15288585820055411446106e-01	 5.33805871429214096046678e-01	 8.37711068094071031886472e-01
-2.16099822438509447941613e-01	 4.78736754761095006927007e-01	 8.50947698970306865007274e-01
-3.13614149508149864242768e-01	 4.16053610831647935341948e-01	 8.53548802437345877081043e-01
-4.06588080056915213145174e-01	 3.44408621322653818452864e-01	 8.46208505460835147538035e-01
-4.93903036674500028890833e-01	 2.64812153591340915248509e-01	 8.28211515057611147305749e-01
-5.75699886236519020599189e-01	 1.80047591319201616411050e-01	 7.97591691185040585487798e-01
-5.66035232660502929391555e-01	 6.18145195140760647656286e-02	 8.22060265773875253891845e-01
-5.47426870274485888323568e-01	-5.64152747003337021181046e-02	 8.34949782012048391521830e-01
-5.18751876936430100784037e-01	-1.71524823621365618553369e-01	 8.37541476618674840537437e-01
-4.79071173740194700130246e-01	-2.82318184201421684687006e-01	 8.31136122040429858870425e-01
-4.31222218999735451561151e-01	-3.87835348763724940823749e-01	 8.14635587296715146798931e-01
-3.20617508611748758262650e-01	-4.09652054163380019424778e-01	 8.54043094750679743221156e-01
-2.07037062219947554098098e-01	-4.26310739247764192150214e-01	 8.80565050674485094717170e-01
-9.02823693980122771174379e-02	-4.30965822258660036236932e-01	 8.97840494643006081787462e-01
-2.04305805551770990058369e-02	-5.22375994695056578009940e-01	 8.52470475467935862035063e-01
 6.27290052760745842075352e-02	-5.88573260418033150642714e-01	 8.06006568842934867369365e-01
 1.87676914788638182773894e-01	-5.43970807006495027380311e-01	 8.17846646248623354580332e-01
 2.04844754044729127073765e-01	-4.36644657918923206896267e-01	 8.76002322743051453635132e-01
 3.07186588646066960350822e-01	-3.76557238248404591018925e-01	 8.73980003248773673618643e-01
 4.06519252473459158370162e-01	-3.11637778372544582694559e-01	 8.58850390032772081916335e-01
 5.02659408834761345374886e-01	-2.41633936391725173686851e-01	 8.30028047413898129036625e-01
 5.97391255577324864489697e-01	-1.63509788155322105529521e-01	 7.85103965686805960189076e-01
 6.02619252892686030342873e-01	-4.43445772621119532752587e-02	 7.96795829877708028377015e-01
 5.99389873034041009702833e-01	 7.77436819611251744843727e-02	 7.96672893990603814273754e-01
 5.90199555737261349896983e-01	 2.02412010565307665110879e-01	 7.81469041220731464036930e-01
 5.85571443828283189070305e-01	 3.29652103911636962241261e-01	 7.40564362199188530588856e-01
 4.98473188961393809393030e-01	 4.13643005544936104289633e-01	 7.61855592517644120142961e-01
 4.03048582648002418071798e-01	 4.80466890107420163680274e-01	 7.78911681473542172327029e-01
 3.02637734856640083780377e-01	 5.37467700597508701854110e-01	 7.87107916524328210527983e-01
 1.98337638671267940670973e-01	 5.86525887668371770367060e-01	 7.85270376482606224932681e-01
 9.09524919738731313367808e-02	 6.28389534324855780766939e-01	 7.72563419632804837533513e-01
-1.68916894961209512748823e-02	 6.71410335160197102588597e-01	 7.40893266716629361745561e-01
-1.19122333151967754738543e-01	 6.29050077692237530335717e-01	 7.68183486870045673100549e-01
-2.19532078169579342175055e-01	 5.78830186916278632835997e-01	 7.85341506205428863118811e-01
-3.17073493296151864839771e-01	 5.20337527746875139200711e-01	 7.92914407150762556852897e-01
-4.10500009643073648923917e-01	 4.53169868195168634716907e-01	 7.91281753007745169981035e-01
-4.98501612320231657360381e-01	 3.77905399354636239994676e-01	 7.80181806794251420100750e-01
-5.80347976008116606116971e-01	 2.96015383153453881526218e-01	 7.58664036105440087176532e-01
-6.56984414444115594200468e-01	 2.10379415287673565693183e-01	 7.23955786495790953871676e-01
-6.50427664419760298564199e-01	 9.25687516540441013290774e-02	 7.53906413008052056490271e-01
-6.37983674416796375794547e-01	-2.49034168745463357907965e-02	 7.69647095106332557179485e-01
-6.15247835848048207907368e-01	-1.40392777985805072837877e-01	 7.75731892069496997699218e-01
-5.81367172594643322192098e-01	-2.52850919085133074570848e-01	 7.73355431446054897293152e-01
-5.37406278092038891536220e-01	-3.61060396208710110421691e-01	 7.62121960421605626478936e-01
-4.84776168180667987872567e-01	-4.64694760433784215258868e-01	 7.40979653154833051154071e-01
-3.75905004687174582045373e-01	-4.89942784431756761520660e-01	 7.86544020023286716281063e-01
-2.62016709825880156348177e-01	-5.09501270838918718375510e-01	 8.19607039248411606280342e-01
-1.42506533240897875769448e-01	-5.19825356932344218030551e-01	 8.42302490957863470022460e-01
-7.27812153988078025523834e-02	-6.03040845588137863764189e-01	 7.94383177841409326980227e-01
 8.46874622922509090461318e-02	-6.71256064397573126711904e-01	 7.36371733392842897636399e-01
 1.84638413441807897052982e-01	-6.33765441310962907017768e-01	 7.51165775100019361687487e-01
 2.87014243746362973652708e-01	-5.87045913743372782533925e-01	 7.56967581237077857814199e-01
 2.94828333207917958613820e-01	-4.87248129518621231337505e-01	 8.21988755530418502281975e-01
 3.95848081229860870866588e-01	-4.24171926093080686737125e-01	 8.14482948686541474714318e-01
 4.92629313543019808907530e-01	-3.55396941395693943821499e-01	 7.94360984367131983674426e-01
 5.84111222398154827928352e-01	-2.79957628559078075536348e-01	 7.61864690138682520981206e-01
 6.72865418041470264576276e-01	-2.11373381022768258574729e-01	 7.08924130636615523748389e-01
 6.81857486547957525324648e-01	-9.75012801928674954776710e-02	 7.24957839049453878210727e-01
 6.81883515076108559505030e-01	 1.82785709196433832079975e-02	 7.31232360958256499827712e-01
 6.74206084701827523808504e-01	 1.34908174851478684930228e-01	 7.26117028934919694904693e-01
 6.62103179296831823030800e-01	 2.51361662782641770430558e-01	 7.06000491818647990527325e-01
 6.53990031044437869489627e-01	 3.72432661384355601086327e-01	 6.58476234976374419360923e-01
 5.75237261548582567982635e-01	 4.48785693160448695415710e-01	 6.83881199142499895948788e-01
 4.86819060140850745632690e-01	 5.20312399802766667455955e-01	 7.01628255770151199044449e-01
 3.91176211453538091866733e-01	 5.81542230975034990514416e-01	 7.13295033759128394024174e-01
 2.90780454179662528613193e-01	 6.33904900134244830844921e-01	 7.16666801974852440970665e-01
 1.87423153847917162151404e-01	 6.77978940954034658972205e-01	 7.10786266766983643172750e-01
 8.29251388057452853974638e-02	 7.13652876154610815717660e-01	 6.95573859277575090587220e-01
-8.47423071991238244238254e-03	 7.54332924830034112773092e-01	 6.56437373959673498013956e-01
-1.13327437729188282289350e-01	 7.18408629734600734373373e-01	 6.86327860851204452075081e-01
-2.15077257833222790228689e-01	 6.73390010739918332127729e-01	 7.07310162940300135581140e-01
-3.13769932153959429932399e-01	 6.19544926848787036455235e-01	 7.19522420284476660334860e-01
-4.08479322450062132254800e-01	 5.57075213978925343205617e-01	 7.23057293097215780797171e-01
-4.98002939395370047837019e-01	 4.86494118432373945370983e-01	 7.17855518251603874624323e-01
-5.81296841403184272323301e-01	 4.08730286899520178778289e-01	 7.03586195675922398962143e-01
-6.57908468997333462091603e-01	 3.25121904635269742822601e-01	 6.79302725997709688776638e-01
-7.29658485485410013282603e-01	 2.39182788953920061336689e-01	 6.40616958897719301901930e-01
-7.26268629583355140866274e-01	 1.22792666935318747767347e-01	 6.76354817111571526844216e-01
-7.19815913841426846531135e-01	 6.85062581017866541882588e-03	 6.94131197329900140324810e-01
-7.02962285905766814941842e-01	-1.07815834483529521259371e-01	 7.03007660291663505347515e-01
-6.74963340128405642204257e-01	-2.20284222867436874082614e-01	 7.04201214595939095630683e-01
-6.36207264990185761277530e-01	-3.29381385237440205138171e-01	 6.97673432941783189242813e-01
-5.87558798447898045225202e-01	-4.34298011699350117176266e-01	 6.82759031723824016957280e-01
-5.31219699359183117337579e-01	-5.34596455910260281996216e-01	 6.57276395697372173287931e-01
-4.25463354911201518948616e-01	-5.63128195960947319775869e-01	 7.08426120736293851720689e-01
-3.14053027625295300140351e-01	-5.85571116776674172044181e-01	 7.47313296440190732994324e-01
-1.96481722281965864862485e-01	-5.99056130888517279764471e-01	 7.76225923848200438648348e-01
-1.36078793475929021861148e-01	-6.80548238081423062517672e-01	 7.19956010885669628329708e-01
-2.26106356257812814158914e-02	-6.79579000496843721457196e-01	 7.33253804108992768284736e-01
 4.85901194654177401299755e-02	-7.50574479225523338854487e-01	 6.58996928236900814113142e-01
 1.62810921558606047643281e-01	-7.25844192332585791405108e-01	 6.68313408722504775916207e-01
 2.67250377880096867677651e-01	-6.83364106679725802351300e-01	 6.79404690317019999135084e-01
 3.67927891157372233266187e-01	-6.32102564426999524727080e-01	 6.81964379534077846933826e-01
 3.85450670796798178230347e-01	-5.30155862976159797383957e-01	 7.55223504225273400969343e-01
 4.80026655330216767136875e-01	-4.65569080910885779722719e-01	 7.43518554625423155890473e-01
 5.70789763768483005001997e-01	-3.95453095311597391248171e-01	 7.19594257193312936138341e-01
 6.54990260983969396768600e-01	-3.22866002841815602497633e-01	 6.83187603974999446698746e-01
 7.40410611625482495412598e-01	-2.58031125257457805144412e-01	 6.20654545291299042375499e-01
 7.53700544219491619379880e-01	-1.50731335390354853620565e-01	 6.39699581190016797194176e-01
 7.58313555805115613317469e-01	-4.06246152143107108756226e-02	 6.50622925910923410874886e-01
 7.54528620627596846581753e-01	 7.07502337045105983426296e-02	 6.52442307859149472903937e-01
 7.43813927478055636477450e-01	 1.82125116299887757076448e-01	 6.43095081074658958542045e-01
 7.26570607258915979187464e-01	 2.93361002771972911862264e-01	 6.21316726573518662846141e-01
 7.16342563820907995975062e-01	 4.08497421717762487780590e-01	 5.65670564647329898733119e-01
 6.42016323596203197787702e-01	 4.84885695844110065078070e-01	 5.93886270427081641720690e-01
 5.59033490149509204591993e-01	 5.56283141745163245417416e-01	 6.14841949692268019411756e-01
 4.67408088294399171047644e-01	 6.20921577801855195666292e-01	 6.29274243249340115013979e-01
 3.68330919475665707896184e-01	 6.77223920356278985543952e-01	 6.36945912503944944305090e-01
 2.62553210880128395920963e-01	 7.25572928095918667779074e-01	 6.36089409965965191240400e-01
 1.48721638585515070207776e-01	 7.65470130957573657859427e-01	 6.26049001938533966615807e-01
 3.10547950435393557699904e-02	 8.16268276682320159665096e-01	 5.76837672302077830721601e-01
-9.19612318349537771755564e-02	 7.98945006067100949032067e-01	 5.94331564970125070246354e-01
-1.99206666059899811793699e-01	 7.60512896222962697656556e-01	 6.18010387352721290987745e-01
-3.01256379317218048186078e-01	 7.11851180217012768913776e-01	 6.34438721346929468403175e-01
-3.98717782373610329926805e-01	 6.54175683029336041407475e-01	 6.42711681667738288226133e-01
-4.90883112504194363268084e-01	 5.88212638147303068514304e-01	 6.42681618052037162414081e-01
-5.76822817858640979338247e-01	 5.14775966302953968956047e-01	 6.34256368761463296124248e-01
-6.55696582511622882982749e-01	 4.34822379449376128501825e-01	 6.17245080995030170889493e-01
-7.27197944610042501523139e-01	 3.49624719526508143108146e-01	 5.90716264251239464577736e-01
-7.94355191511866731701730e-01	 2.64417197910912282754481e-01	 5.46885157201296823181735e-01
-7.92732277249368344484992e-01	 1.52038468681420957384631e-01	 5.90304870933689218581719e-01
-7.92221964332836314781616e-01	 3.89129806118668070125111e-02	 6.08991082995903321162245e-01
-7.81173315653748812081858e-01	-7.37621634815265880824597e-02	 6.19941444129244567662340e-01
-7.59101386092060126387082e-01	-1.85149062266372316232221e-01	 6.24087261827219297316560e-01
-7.26157990178707080097809e-01	-2.94043008293606189518243e-01	 6.21476695116773725224846e-01
-6.82718673064759862256778e-01	-3.99350267172487671807346e-01	 6.11894253574877589052505e-01
-6.29954843964763089303460e-01	-5.00353247010135726569047e-01	 5.93972661636666177109589e-01
-5.70373181128244532978044e-01	-5.96873047479363649792106e-01	 5.64284502217050398797937e-01
-4.68789089833621219760573e-01	-6.28878948613301180792234e-01	 6.20280627816147567266114e-01
-3.61887404802585299634643e-01	-6.54946901691903060616085e-01	 6.63386811904959960983774e-01
-2.50253285634186639629917e-01	-6.72226105035713006330411e-01	 6.96767792552015596818649e-01
-1.80010856652395689891932e-01	-7.51048429819595297907142e-01	 6.35234088783647621312412e-01
-6.58032072935554601667008e-02	-7.55208630093195276700158e-01	 6.52173184777356973462759e-01
 1.10340581663464654821327e-02	-8.18705961517470104382710e-01	 5.74106957052548549924609e-01
 1.27491766681787604964526e-01	-8.01994122259109709638381e-01	 5.83567714400134662788844e-01
 2.39960360454147009212633e-01	-7.69664844625746580319969e-01	 5.91637602217726987774427e-01
 3.44278862997689560909720e-01	-7.23709308253594141291387e-01	 5.98094391914957168587819e-01
 4.43442804529789125211892e-01	-6.68063790414047620203064e-01	 5.97535983057397968032376e-01
 4.63364486331885094827499e-01	-5.71802619339480178162205e-01	 6.77004517948660233805924e-01
 5.53937587756178295705922e-01	-5.04409773834192276531496e-01	 6.62362384900746947735684e-01
 6.40457561308964029578306e-01	-4.34156411444517498221529e-01	 6.33500057272131100738477e-01
 7.17790531246671692500172e-01	-3.61003292351409932336992e-01	 5.95359871140189955696087e-01
 8.11270098056966704191950e-01	-2.24505920764558636326669e-01	 5.39849904640445021897222e-01
 8.23436627802538012588229e-01	-1.10646749380268791251858e-01	 5.56515423725852165226513e-01
 8.25468703018750415978388e-01	 2.20751431764540113206197e-03	 5.64443573102820894682452e-01
 8.18795669121884173158321e-01	 1.13548435156296936843212e-01	 5.62743640657806354354875e-01
 8.04655394828645453841887e-01	 2.22460933573059960188800e-01	 5.50491442809931008639523e-01
 7.82041934771135371917694e-01	 3.28047516863450294710702e-01	 5.29901159594073467573594e-01
 7.86862608869914548215263e-01	 4.12592952029988135898009e-01	 4.58927326161356452516316e-01
 7.12979352884565154013785e-01	 4.99664253601618368882953e-01	 4.91930966735216135266029e-01
 6.31975653987195018501666e-01	 5.77421122879683168527265e-01	 5.16905813103144429199176e-01
 5.43582283366950136382911e-01	 6.46723986530193917232623e-01	 5.35038677532817641413487e-01
 4.48343822022014337758122e-01	 7.07171123167033566225825e-01	 5.46714568868773564958019e-01
 3.47313418417030950191560e-01	 7.58335378253133129966557e-01	 5.51634701117645565027203e-01
 2.41783482190133042211144e-01	 8.00238910322242258388314e-01	 5.48779039456030792720753e-01
 1.34504509896322482775943e-01	 8.31584183424215250823863e-01	 5.38865737170430403324417e-01
 5.69709793021070873275669e-02	 8.77753454826674217592597e-01	 4.75713338111511119254970e-01
-5.72041938256068194235127e-02	 8.61684909670848098173224e-01	 5.04209080297355560773553e-01
-1.74736913575627289541004e-01	 8.34767695251198427186523e-01	 5.22139738000342301660339e-01
-2.81934618230591571563792e-01	 7.92754440972437524060012e-01	 5.40419529034294465752453e-01
-3.83122758003812735605464e-01	 7.40320621031515080368024e-01	 5.52396895696440348721978e-01
-4.78746041667095889593497e-01	 6.78873424701320282714789e-01	 5.56716355806427198871233e-01
-5.68224170279887919043915e-01	 6.09265162659864967231726e-01	 5.53097870072541075714412e-01
-6.50809381357487226615888e-01	 5.32268651262185588102227e-01	 5.41421492019497518910498e-01
-7.25812835623753871416852e-01	 4.48415885559386107050983e-01	 5.21650190474226893577736e-01
-7.93385686223718855636378e-01	 3.57289574322182446053375e-01	 4.92831931773898446191851e-01
-8.47948172503058428262079e-01	 1.86294289659274081571994e-01	 4.96264379528764842941513e-01
-8.54022215131785999986391e-01	 7.62183584222095172888700e-02	 5.14622986176114238787704e-01
-8.49050648419167663938367e-01	-3.43509267843880722326233e-02	 5.27193522577852347055227e-01
-8.33079120018789143209403e-01	-1.44650033841799169342934e-01	 5.33905935065613013179586e-01
-8.06245101002663555611605e-01	-2.53339043687283327344062e-01	 5.34591588086473445962099e-01
-7.68715657265060414715663e-01	-3.59128012318276512715443e-01	 5.29247871081093612666280e-01
-7.20948302593086176592863e-01	-4.60956829682214574983590e-01	 5.17447916371754468300992e-01
-6.64128296933340855900951e-01	-5.58306450739726511933725e-01	 4.97219782666407483784354e-01
-6.00898124356668450474217e-01	-6.51365829303358623292297e-01	 4.63296881665078708056882e-01
-5.04008108382887898279989e-01	-6.86541553871601539782432e-01	 5.24057746333235985325416e-01
-4.01077685366160396895907e-01	-7.16890477331907693958613e-01	 5.70267247711239821938989e-01
-2.92532642002014509063912e-01	-7.38309190553525618305741e-01	 6.07720488800171376730930e-01
-2.18113451786172418689347e-01	-8.11368972195534721159049e-01	 5.42316248242925902367517e-01
-1.04220223588406421533215e-01	-8.19828336303692672970556e-01	 5.63044975102968026092753e-01
-2.65711941842080578979335e-02	-8.76153285384078328590363e-01	 4.81299690577825900472675e-01
 8.99599749146130084342943e-02	-8.65731289308176887864477e-01	 4.92358139595725774473323e-01
 2.04665383134933848152670e-01	-8.41230901324416580067123e-01	 5.00442455835973576405706e-01
 3.14263378120784420133305e-01	-8.03402419596060624051859e-01	 5.05750018644891885521986e-01
 4.16723132953903230291104e-01	-7.53603197413480363486826e-01	 5.08354257687749333527449e-01
 5.13139427565624250959786e-01	-6.93891103461861558088231e-01	 5.05176270636402469094151e-01
 5.37004930454859863431238e-01	-6.03153448352041099411736e-01	 5.89772517508414528819571e-01
 6.25925485786196111881452e-01	-5.30430825661289073735816e-01	 5.71717085131796309838137e-01
 7.15045064576965261338160e-01	-4.51445278877876610135189e-01	 5.33767473534122460776530e-01
 7.87713040126529873141692e-01	-3.39989454003224500500124e-01	 5.13726909535805464912528e-01
 8.75182161831150051689576e-01	-1.57708100182957167145759e-01	 4.57366744253708379375212e-01
 8.82383217472672343184570e-01	-4.67789328406561025208710e-02	 4.68200372666302100377322e-01
 8.79742730803286909768701e-01	 6.55454943226057018534902e-02	 4.70910305443383470080931e-01
 8.67768774131558062734371e-01	 1.78715903510984847057941e-01	 4.63721878365109529962496e-01
 8.44800426505674995070194e-01	 2.93684492493349602604269e-01	 4.47282526201006058741427e-01
 8.76001851557002053638712e-01	 3.32442044571519268458815e-01	 3.49432458523549760442961e-01
 8.29474802678319300675014e-01	 4.27793852865480050962077e-01	 3.59115540143101652503788e-01
 7.65551873591284848252769e-01	 5.13699519305491958398591e-01	 3.87354014702545546011692e-01
 6.91541662470279594465694e-01	 5.92826106572866384780696e-01	 4.12707325393551038850148e-01
 6.08470148683629696861885e-01	 6.65011905170893813377120e-01	 4.33039541083605761251363e-01
 5.17066701782138982146364e-01	 7.29368052508496678143501e-01	 4.47955656162642268380836e-01
 4.17941175277337151339196e-01	 7.85064793485825362928665e-01	 4.57163476271734425804283e-01
 3.11220082045085444377719e-01	 8.31534129087797335699861e-01	 4.60101133115371596637999e-01
 1.95294224640966157524602e-01	 8.68956229347183972677726e-01	 4.54725452664141382985719e-01
 1.82047251081660699245646e-01	 9.15897834553205725249825e-01	 3.57756837858284992837099e-01
 7.66238419198653902819629e-02	 9.22241104382862553201505e-01	 3.78946080908772187090250e-01
-3.55694848892058185230169e-02	 9.14683012898285796588027e-01	 4.02603772535766180062922e-01
-1.46365510384228875162549e-01	 8.93456556051956174435702e-01	 4.24632217121760413558462e-01
-2.57506736434160332649412e-01	 8.59898420902732607551400e-01	 4.40755018598784242822575e-01
-3.62402050580122259137994e-01	 8.13684802837737253256023e-01	 4.54512700995511775836633e-01
-4.61440361923898589857629e-01	 7.57307307438951249345394e-01	 4.62123830252355205505665e-01
-5.54200196058249661135164e-01	 6.92117462372480285459631e-01	 4.62423573110277597031370e-01
-6.39844401885299007837204e-01	 6.19218784666169419494963e-01	 4.55156278757743115725987e-01
-7.17420308263525985381648e-01	 5.39724089687873109788541e-01	 4.40461131431212626896610e-01
-7.85990185582360223470744e-01	 4.54124245509311130764019e-01	 4.19512333321448327438929e-01
-8.44083370150317313651556e-01	 3.59365882548488946302001e-01	 3.97969127817508316891093e-01
-8.71465807738030284745889e-01	 2.56785679761871776793924e-01	 4.17861772136116971232411e-01
-9.00866141480217597070634e-01	 1.35625755815052928543452e-01	 4.12366159491949768600705e-01
-9.04552780204554318643773e-01	 2.10522454571312744864287e-02	 4.25841602929333207239182e-01
-8.95671226225740801929476e-01	-9.18275324552519922605143e-02	 4.35133035742469920226227e-01
-8.75401973257553756013749e-01	-2.02753688060474446253068e-01	 4.38819242051504299073628e-01
-8.44140206399109693791161e-01	-3.10721540479900970588290e-01	 4.36897512263763831974472e-01
-8.02206813515819350257630e-01	-4.14719902656244032712607e-01	 4.29501607318984068850654e-01
-7.50131623209382869532647e-01	-5.13942056074792819053698e-01	 4.16132323737138876129649e-01
-6.88958247237376086857807e-01	-6.08068091396772647527769e-01	 3.94448640241906400838445e-01
-6.22591993948241828604750e-01	-6.97485730842763551606822e-01	 3.54813844631644281779614e-01
-5.30329746864601103695236e-01	-7.35924480013436355108070e-01	 4.20910345925924467280765e-01
-4.33742149957359823808645e-01	-7.69766130524155212100368e-01	 4.68324515318423562071359e-01
-3.29094687759326487430656e-01	-7.94703442898895606738563e-01	 5.10042277005772870523970e-01
-2.55594699238925471274086e-01	-8.59913493052010813322283e-01	 4.41837225896656193846468e-01
-1.41945740783868096235310e-01	-8.73068390276319661325033e-01	 4.66479359214998001714747e-01
-6.56314599919783775439086e-02	-9.21841126666880561479900e-01	 3.81970481378938409022794e-01
 5.13333225213718075119473e-02	-9.17332162676491980057847e-01	 3.94799434293144568819400e-01
 1.67116497173216360661030e-01	-8.99418916659010192482526e-01	 4.03878309306759941677001e-01
 2.79347363776274948410361e-01	-8.68600637190524826891647e-01	 4.09265174945853293930753e-01
 3.85977347701859541118097e-01	-8.25513878503961961996538e-01	 4.11762459991660334512886e-01
 4.85852920173161506589565e-01	-7.71211866446706473254835e-01	 4.11313988348316839083196e-01
 5.79164157466529383455622e-01	-7.06918195659502091032778e-01	 4.05999437624733006124700e-01
 6.03235765971715909294915e-01	-6.25003278958962349420858e-01	 4.95456871930406272941383e-01
 6.87525784147466456630582e-01	-5.46877207665221964916213e-01	 4.77738020120547834945768e-01
 7.73791012556317103765480e-01	-4.57219350818552638937575e-01	 4.38403848208624713489456e-01
 8.57560004470391379349792e-01	-2.66206992679824727687787e-01	 4.40141654221803957369730e-01
 9.11874345195236912786640e-01	-2.15877357052136620296778e-01	 3.49116234636749900310804e-01
 9.25792257649471261871099e-01	-1.04775221894846781722777e-01	 3.63222863478031010586733e-01
 9.28778528745563547452946e-01	 6.67529656260866955524991e-03	 3.70575073307727764770902e-01
 9.21639413343890212537701e-01	 1.17412505612828788059687e-01	 3.69858209719410468974132e-01
 9.04548025487508788877733e-01	 2.26352875507309703184688e-01	 3.61327061450179287671602e-01
 9.22359324885269171723223e-01	 2.92327157812746707410412e-01	 2.52582874720975736337891e-01
 8.79656206841977539312438e-01	 4.02201554985598119795753e-01	 2.53848117841261544658238e-01
 8.20569447694146969496387e-01	 5.02366991780559768443482e-01	 2.72567766033098346500907e-01
 7.50954796788552814135187e-01	 5.88829270879532296056880e-01	 2.98909656812459068042642e-01
 6.72288683105741413648104e-01	 6.66599530334791356978030e-01	 3.21982907505015847338115e-01
 5.85458521479850446667115e-01	 7.35920518133399648164072e-01	 3.40087210310673626612044e-01
 4.91546397120379952028202e-01	 7.96121496077115797795898e-01	 3.52948584020263134153339e-01
 3.91857227127230089980259e-01	 8.46471197930583119095616e-01	 3.60464179388357675026811e-01
 2.87945330825752632275538e-01	 8.86328812908423691041548e-01	 3.62641312958124462095810e-01
 2.37855522273161978930034e-01	 9.35839419186229704017421e-01	 2.60056401615767929236256e-01
 1.18247983854536220515996e-01	 9.55408053150241243223206e-01	 2.70578761712746584944256e-01
 2.10846260471651792897663e-03	 9.55536886702987642294715e-01	 2.94864057720513383920036e-01
-1.12671239046935267591465e-01	 9.41447550525932208564939e-01	 3.17776181455361350636224e-01
-2.25096222930230516201533e-01	 9.14029334113729774458079e-01	 3.37464171138442348141240e-01
-3.34951859157485432039181e-01	 8.74151853840592574229618e-01	 3.51661468566004997704511e-01
-4.38860387503779203477450e-01	 8.22613081426523562456055e-01	 3.61537381948246860918772e-01
-5.36365873055708486383253e-01	 7.61050826432882465688579e-01	 3.64846940246199902269097e-01
-6.26798566908602028391329e-01	 6.90636562068907333689083e-01	 3.60755728513025009096538e-01
-7.09225068109768153057360e-01	 6.12591265951800356681645e-01	 3.48900764751619962833473e-01
-7.70793049454842060796977e-01	 5.91450633259266833618994e-01	 2.36778848990609053215550e-01
-7.82717603811127871082931e-01	 5.27314889896852490025481e-01	 3.30593647212460040041293e-01
-8.46301659868720523860475e-01	 4.31340555326662877799748e-01	 3.12600105300581687650663e-01
-8.96673949741507159139076e-01	 3.15896683791853316591869e-01	 3.10137248688826583364886e-01
-9.24575527972886002103792e-01	 2.04135838921104151300057e-01	 3.21696522116165228855067e-01
-9.43047949694013620813848e-01	 8.32398448191720013999984e-02	 3.22074048647818467205894e-01
-9.42940301487469323404866e-01	-3.30638569307221200088698e-02	 3.31316116715721364904823e-01
-9.29983036388035810837494e-01	-1.46837105260666345163401e-01	 3.37002101698427980469575e-01
-9.05365504260990272555887e-01	-2.57641956425384732742856e-01	 3.37540998966855743113058e-01
-8.69534554772786738574553e-01	-3.64582929110709719200401e-01	 3.33150035054998683303751e-01
-8.22794536414586552552919e-01	-4.66923321698706761395670e-01	 3.24024323932867175379613e-01
-7.65456849088235524725121e-01	-5.64118392560298498317195e-01	 3.09590457474217262134886e-01
-6.97379109948759068338120e-01	-6.56569424993715511362780e-01	 2.87365563647592747731352e-01
-5.53642503490074711081093e-01	-7.71484168809376091857644e-01	 3.13515798016222924093910e-01
-4.59849205453453369063510e-01	-8.14543154505761535233432e-01	 3.53635628425121861795333e-01
-3.65368719094212757170226e-01	-8.39369823642494683468840e-01	 4.02447509951076531908853e-01
-2.97853177089776988140102e-01	-8.93612466239525837785607e-01	 3.35768141846182976983926e-01
-1.81844183776025292154088e-01	-9.13469479049041965801337e-01	 3.64014015764095699712044e-01
-1.02451236535976000774362e-01	-9.55304973605486829058009e-01	 2.77301553433927872038822e-01
 1.30299530071784751966701e-02	-9.56341264350641040437040e-01	 2.91961652319013331702280e-01
 1.28885817979659061949249e-01	-9.44439477904080004755372e-01	 3.02361569151873454952550e-01
 2.42473689779872464411525e-01	-9.19836047427472713877705e-01	 3.08396101819622181494651e-01
 3.51732759265718897268016e-01	-8.82938745261640733907882e-01	 3.10971442700328171149238e-01
 4.55227156284061462709900e-01	-8.34238404830043411841700e-01	 3.11150317512535523611916e-01
 5.52042019584374044072206e-01	-7.74661992746347061178369e-01	 3.08461351886203161143385e-01
 6.41803186535032765824837e-01	-7.04883899836661886872946e-01	 3.02038668889493322478046e-01
 6.65566037257801168536275e-01	-6.32822970150894392737939e-01	 3.95672766940495412857359e-01
 7.44878148958447172667263e-01	-5.46733418728790221408076e-01	 3.82412227902517110056380e-01
 8.31171045011266040880571e-01	-3.70245426270503330545836e-01	 4.14816849055885561448065e-01
 8.86757663622608438558359e-01	-3.25554654877419247238635e-01	 3.28138709533357664227537e-01
 9.32767697286066788109338e-01	-2.70315146127563799005600e-01	 2.38483007096275817504605e-01
 9.54184588558802393443159e-01	-1.57408324928638515549650e-01	 2.54468839349790421078268e-01
 9.63411528294765950874989e-01	-4.38095506107011659069350e-02	 2.64421917442620724170155e-01
 9.61093313040471630692707e-01	 6.96308591174118474143029e-02	 2.67303548587483841281198e-01
 9.47720723483639115869437e-01	 1.81865764366506671434465e-01	 2.62202734598695974543858e-01
 9.56142520117297278758883e-01	 2.50089159596374344118885e-01	 1.52469319786384588377715e-01
 9.19262950354120977891625e-01	 3.62790528542074164342068e-01	 1.52769959437055818929352e-01
 8.66314675104999709631670e-01	 4.71997745241687360895355e-01	 1.63453394533372847741148e-01
 8.01035017093989276659727e-01	 5.69959605220423215499181e-01	 1.82999862858450462743676e-01
 7.26221875968571128900919e-01	 6.55588880691285291746340e-01	 2.06893707924231645689517e-01
 6.42491241141249891377640e-01	 7.31719892389324000347983e-01	 2.27576369903670999716994e-01
 5.50725714824502832200892e-01	 7.98399617820643614507503e-01	 2.43432202666144820168981e-01
 4.52033286467534212160757e-01	 8.55035910573729074357630e-01	 2.54124968381137628092858e-01
 3.47522170607281521981236e-01	 9.00996147118087509220175e-01	 2.59681119480730249193812e-01
 2.90056145659823516602671e-01	 9.43847500510017756170100e-01	 1.58174992163614025475482e-01
 1.72075206395486512978010e-01	 9.70517610593376822691880e-01	 1.68777044861181169110864e-01
 4.84777711863062371611122e-02	 9.81449692440759857703370e-01	 1.85489640974223130021059e-01
-7.05882434928806895557685e-02	 9.75586361288545256265081e-01	 2.07962860983315900309520e-01
-1.86607216023315092279233e-01	 9.55341189337660101621452e-01	 2.29130877192343762605020e-01
-2.99552842148507914021849e-01	 9.21776283905790139172609e-01	 2.46163720295220184164364e-01
-4.08361804835379371692028e-01	 8.75757865679999802921429e-01	 2.57466108548684680101815e-01
-5.10743114808913878377439e-01	 8.18471968446994990742382e-01	 2.63144651364587256470173e-01
-6.05971314858318010898586e-01	 7.51112698210127827103122e-01	 2.61970380303542527133942e-01
-6.92989476317695474172353e-01	 6.75171613387320124211044e-01	 2.52802053371584733998390e-01
-7.49450461295492198487977e-01	 6.47216616563842439546761e-01	 1.39408239740791778382700e-01
-8.21927518663061795756164e-01	 5.55349645384891954513762e-01	 1.26577744628576266405773e-01
-8.39023026696228524379251e-01	 4.96814561680827548872941e-01	 2.21846009599873716933160e-01
-8.96241124130786270818305e-01	 3.86494187206171624371365e-01	 2.17655899696344939941994e-01
-9.38479789864832492085611e-01	 2.68110196598338290652208e-01	 2.17652490211484361815053e-01
-9.62606129713971969685815e-01	 1.50782177655007509908813e-01	 2.25064821637460305003842e-01
-9.73514809854331586436160e-01	 2.95561453654711835115076e-02	 2.26705423987649923311949e-01
-9.68757004101063801115856e-01	-8.76299506192299432205672e-02	 2.32014781338609699101738e-01
-9.51249070055924850208839e-01	-2.01183680751662985475292e-01	 2.33774107456218238620949e-01
-9.22063040642882580932849e-01	-3.10520091233434936128788e-01	 2.31034677095844798166979e-01
-8.81667753719435287607098e-01	-4.15043068415844096374911e-01	 2.24502167943399416616401e-01
-8.30602482114070839180897e-01	-5.14033894942474978151381e-01	 2.14169726049722425331723e-01
-7.69378001393531851803687e-01	-6.06670388677991390125044e-01	 2.00021325045579512202920e-01
-6.96731143266885011300360e-01	-6.92944355754031571237306e-01	 1.85455746286410677603484e-01
-6.15950465040485672929549e-01	-7.55364949374674576887401e-01	 2.23671227189831400838926e-01
-5.13123593736730554404346e-01	-8.27630205279435648968445e-01	 2.27447622233828056215188e-01
-4.15231668611427184867324e-01	-8.70128462395473589729988e-01	 2.65441368877307404261501e-01
-3.24547312328741177633873e-01	-9.16976614581785809399150e-01	 2.31997694752162336717660e-01
-2.15325255246438751477456e-01	-9.41952067000423554077315e-01	 2.57606944639863166823801e-01
-1.46173692236631846963490e-01	-9.74962594166990381694404e-01	 1.67574436215919220227732e-01
-3.00136819665653038768927e-02	-9.82305749962490870608178e-01	 1.84863713273963586880555e-01
 8.71896807532563378195789e-02	-9.76483190343032991798111e-01	 1.97176414785434572785050e-01
 2.02585923524178784793648e-01	-9.57757957203748122587683e-01	 2.04104480604319904468724e-01
 3.14176311466911328817986e-01	-9.26556492257413877311478e-01	 2.06848524212002893296614e-01
 4.20852673954193234884258e-01	-8.83111941076052620047676e-01	 2.07355555398190422033977e-01
 5.21606413216127551280010e-01	-8.27961327201849561774338e-01	 2.05929090586926322181682e-01
 6.15708462334767281376458e-01	-7.61592384345360251529655e-01	 2.02188351584620118472913e-01
 7.02706324009945482167439e-01	-6.83741671900572001163710e-01	 1.96726074283609414505847e-01
 7.23672634011981341650710e-01	-6.24560631489547768424586e-01	 2.93635720537434086185868e-01
 7.95639102762421668302295e-01	-5.32076630798993366333605e-01	 2.89573612597902929621796e-01
 8.38725327340084092497818e-01	-4.37627663750560558231228e-01	 3.24070753383416787496429e-01
 8.94514564081654195426552e-01	-3.84521840288827743137290e-01	 2.28005809107359069809462e-01
 9.66984201667102083455063e-01	-2.09727482644544993561908e-01	 1.44761654970574638046088e-01
 9.83253005946125413494485e-01	-9.40448308304457358808293e-02	 1.56106041177084015059151e-01
 9.86589378626591018139891e-01	 2.18840468268336786616945e-02	 1.61748219389512476462656e-01
 9.77597376332812406651840e-01	 1.36918941669945865013958e-01	 1.59864233645876929745810e-01
 9.77528923411505434870605e-01	 2.04741409727108802929507e-01	 5.01812618105537053270204e-02
 9.46443765103983425390766e-01	 3.19025961867612228850533e-01	 4.96652307982230617477981e-02
 9.00635359669617496791716e-01	 4.30714108348446200746906e-01	 5.78040291189268543026181e-02
 8.41034772251492035444187e-01	 5.36167898101095885543543e-01	 7.20034506793516687617185e-02
 7.70059885953129019675600e-01	 6.31350375262045404589628e-01	 9.16759276054965599467295e-02
 6.89766891554285943577440e-01	 7.15114112799842716050591e-01	 1.13284778280367093294956e-01
 6.00603505734380704872422e-01	 7.88651374824202999747058e-01	 1.31546333614685567736657e-01
 5.03529542015407560739959e-01	 8.51714141585648398802277e-01	 1.45055235482130423507741e-01
 3.99734078482705368351446e-01	 9.03665734997886271884227e-01	 1.53625863350910191185150e-01
 3.37195002302593638265904e-01	 9.39951240748488792142723e-01	 5.28317654212934403878954e-02
 2.22205972504759846630762e-01	 9.72918773657864499604386e-01	 6.36676185143659340015532e-02
 1.01699448475051634765975e-01	 9.91568057392219759371699e-01	 8.03119526551938078817727e-02
-2.22146148404774555762398e-02	 9.94899333357198045746372e-01	 9.83962772308611677285484e-02
-1.42366982636169786546887e-01	 9.82679892721209813366556e-01	 1.18624916002095903699853e-01
-2.57969216952676605458805e-01	 9.56306850671778341244078e-01	 1.37583031159543234256404e-01
-3.69872240446190381213398e-01	 9.16663998853535222366418e-01	 1.51398939735922527516365e-01
-4.76518301486676620903893e-01	 8.64685820483545475312326e-01	 1.58898521714176566010934e-01
-5.76348587752321117605447e-01	 8.01306302316383556316737e-01	 1.60407341677211129349345e-01
-6.67755822889818051457667e-01	 7.28325066512275798302767e-01	 1.53768522418053721345643e-01
-7.18699821107198988379139e-01	 6.94192366826832274462333e-01	 3.95919812568286330622946e-02
-7.94936823795010183424381e-01	 6.06046346011764325290017e-01	 2.79870087806776447758583e-02
-8.61988230513935693721805e-01	 5.06407786472219068052425e-01	 2.29661545706210459827368e-02
-8.84471929876072038290147e-01	 4.50391263439979983029815e-01	 1.21889766093119994438965e-01
-9.33890020165435097432294e-01	 3.36299553603750633890002e-01	 1.21457978253061898987752e-01
-9.68739298710428964334085e-01	 2.15669520937679437544432e-01	 1.22600280882786308311871e-01
-9.87355632389234294521430e-01	 9.50192287877607288937298e-02	 1.26886568831514723321163e-01
-9.91454157492921317462731e-01	-2.66635784637732631274787e-02	 1.27701633401879122153844e-01
-9.81186963361134423244891e-01	-1.43956114203855428668177e-01	 1.28642061991723621883210e-01
-9.58287018719318983706046e-01	-2.56526903334651612542672e-01	 1.26015624505749213035699e-01
-9.23367542274739272478712e-01	-3.64517154510444640891365e-01	 1.20497410516228239951708e-01
-8.76795431493980648163244e-01	-4.67563534951544290674263e-01	 1.12312564278892690339262e-01
-8.18747473170294393085555e-01	-5.65177295615925778804467e-01	 1.01129618300114021423042e-01
-7.48280052400522754929568e-01	-6.57176556987673632370672e-01	 9.05314096062682649446174e-02
-6.59760928138542479537421e-01	-7.45220223706120843409906e-01	 9.67591643265284517827496e-02
-5.71974541769321720430241e-01	-8.10725931459482018759388e-01	 1.24774146468449337321616e-01
-4.71017730530538525357542e-01	-8.71758154335134038959154e-01	 1.34833296614974673666154e-01
-3.72765566370618528502234e-01	-9.18222386254612499278949e-01	 1.33841256379628126271797e-01
-2.59320717043704906945578e-01	-9.54796320115900098990380e-01	 1.45316044554875067884581e-01
-1.94925401589171209959517e-01	-9.79276725503361422653370e-01	 5.49652863425154972198960e-02
-7.83343522937606645539788e-02	-9.94066385083371750752690e-01	 7.54702013909774455102664e-02
 4.07656202055688213214957e-02	-9.95083226875424831092687e-01	 9.02637014554976413460707e-02
 1.58168628559837515235031e-01	-9.82527527679582513009393e-01	 9.80935384790832948231909e-02
 2.71728697614510905644636e-01	-9.57088799839555748327768e-01	 1.00720127652820470864903e-01
 3.80850044375421359355016e-01	-9.19068157422544440571244e-01	 1.01326036689335624574326e-01
 4.84680121459912460757380e-01	-8.68876402748574694356876e-01	 1.00692485361625366779847e-01
 5.82367325072301045274514e-01	-8.06885349542812324585839e-01	 9.89157792331760987725175e-02
 6.73389566712268683446041e-01	-7.32938102597479379518575e-01	 9.66862410266849242601594e-02
 7.57487458511437061758897e-01	-6.45749326727364070244164e-01	 9.60237326343855862598176e-02
 7.81512267533645887951366e-01	-5.93025216952379641277560e-01	 1.93803167551519800460014e-01
 8.48982955493722379891608e-01	-4.87177110471181895601234e-01	 2.04661682574178938054388e-01
 8.92876442332178110738994e-01	-4.35318246199439040644563e-01	 1.15194111195309117912089e-01
 9.35922889829003512573991e-01	-3.25913111537214972290855e-01	 1.33525233653636332675774e-01
 9.64024494446043767048593e-01	-2.63036876780429196287514e-01	 3.83193888475183222497300e-02
 9.88192487826827226093940e-01	-1.45630312295826624957584e-01	 4.76174247859545082817156e-02
 9.98095364133762763536595e-01	-2.77207378451482418235674e-02	 5.51108409300064133740094e-02
 9.94398231503374141482254e-01	 8.96452716562678580958234e-02	 5.59989504601285659202148e-02
 9.86271769663088160307041e-01	 1.56403436579031607234214e-01	-5.29713261294177326088395e-02
 9.60894169964940925154906e-01	 2.71469493374822679054859e-01	-5.46507849367662557060754e-02
 9.21907930111316331611704e-01	 3.84335926244043113442217e-01	-4.86997350711692103542028e-02
 8.69595640218705723256676e-01	 4.92419981508320669938428e-01	-3.64140676657353293266262e-02
 8.04387053312608846233900e-01	 5.93773967833270854832506e-01	-1.98480121571932427437801e-02
 7.27991719508807588745469e-01	 6.85585784100751549630104e-01	-4.34701699265850475314282e-04
 6.42177673788365988016835e-01	 7.66321336891824023140884e-01	 1.89590060944832168587926e-02
 5.47614642623646119545811e-01	 8.36010270033380020748837e-01	 3.47135648254589743166854e-02
 4.45516447883081145864281e-01	 8.94104264756167332883763e-01	 4.57455835078688227701704e-02
 3.78717320336233731481457e-01	 9.23929359741966105268318e-01	-5.41084973376933231481445e-02
 2.66900847769385940466691e-01	 9.62714937949331606148462e-01	-4.40895192670314253757802e-02
 1.50490327467532714056375e-01	 9.88206109873223104145268e-01	-2.83080509386702504348587e-02
 3.06932493364127437218691e-02	 9.99493168273878240803754e-01	-8.44576929697664867402462e-03
-9.27256759352938775275987e-02	 9.95645303503055134619615e-01	 9.61138047589465797926334e-03
-2.12363569690117770516480e-01	 9.76824681935484884220955e-01	 2.67442522817413520785923e-02
-3.25162993692192203720737e-01	 9.44680830472154009491703e-01	 4.29785536235549256445232e-02
-4.34020702989293072349142e-01	 8.99342851230761852754370e-01	 5.29949555788447462800761e-02
-5.37998253323700326156143e-01	 8.40994826458330679841424e-01	 5.73199903259778223429954e-02
-6.33636480396141288373713e-01	 7.71807175353788510463460e-01	 5.30894978653673951796144e-02
-6.78646746037892989455997e-01	 7.31880580447565987078917e-01	-6.15581843130056927115845e-02
-7.57995520507914299912500e-01	 6.48201923667688362229455e-01	-7.26433551224378443178509e-02
-8.28874013496809891599071e-01	 5.53950917771138917622409e-01	-7.81425009210928861458356e-02
-8.89192956603957695982388e-01	 4.50601020697404375248141e-01	-7.93385535056539553666610e-02
-9.17322056679690578384623e-01	 3.97530671320685480285562e-01	 2.21271256214601759471083e-02
-9.37273959808226031498180e-01	 3.39796256783470362883293e-01	-7.78204866429772212921279e-02
-9.59200090006975036871495e-01	 2.81679353699143208977773e-01	 2.43295916579792312339769e-02
-9.86835694875202285025750e-01	 1.59644360456675377113456e-01	 2.58648312299871452335509e-02
-9.98941137956778524298329e-01	 3.70003992875375317672670e-02	 2.73417876185758634832723e-02
-9.96150877103989751404356e-01	-8.39544501258389919140512e-02	 2.52008005630769589544560e-02
-9.79719350437501801387441e-01	-1.99288691910577159260853e-01	 2.08329463804482126199069e-02
-9.50589562287865175171930e-01	-3.10078797929415561629440e-01	 1.51862814412829748300648e-02
-9.09181673120648792263410e-01	-4.16316976664279581044070e-01	 8.29820478487074131290768e-03
-8.55527788235190045362799e-01	-5.17756865093620177731282e-01	 1.79459830095825631371756e-04
-7.88781829313638049860913e-01	-6.14622303625106947144729e-01	-7.91515200092676556031801e-03
-7.07367216835931289509176e-01	-7.06826607480846247355544e-01	-5.26948791690506034013364e-03
-6.15374820932188759670112e-01	-7.88224770264859819768333e-01	 3.94224600776601173668379e-03
-5.22108415407276593711572e-01	-8.52506608281691891093601e-01	 2.52048685167928915307201e-02
-4.19432605610880526736395e-01	-9.07345244273300766124635e-01	 2.83001244713117251772250e-02
-3.08171050680606573024534e-01	-9.50610459316893363634904e-01	 3.70183489601601800611519e-02
-2.38630041942324427894917e-01	-9.69264477328675377876266e-01	-5.98504475453146556063189e-02
-1.28983918556287102674673e-01	-9.91005852703888190369241e-01	-3.56447564236936423331947e-02
-9.43191731457149878936619e-03	-9.99815534155763296908503e-01	-1.67313058843906389827616e-02
 1.09422151679633275489500e-01	-9.93962709563733004536346e-01	-8.05758763662216791201498e-03
 2.24171254981874235046035e-01	-9.74530530741725797838626e-01	-6.12316030345935128492707e-03
 3.34962230284317874495770e-01	-9.42213629247793393872712e-01	-5.81215473447994294270424e-03
 4.41109475809075946006743e-01	-8.97432588692107957584199e-01	-6.09746708267078565968156e-03
 5.41686664283992036494908e-01	-8.40553784479816878949521e-01	-6.70023384214117438684166e-03
 6.35967052138078470235882e-01	-7.71687500811910620512890e-01	-6.65655207073345429186206e-03
 7.23643133538690475070609e-01	-6.90162690216123198005960e-01	-4.00952814541197678083195e-03
 8.04343140449133353619970e-01	-5.94160213737031983605164e-01	 2.39850461549374806974333e-03
 8.32682369217715323550522e-01	-5.44102484829478316719076e-01	 1.02920153499495209414860e-01
 8.72859902324709224785693e-01	-4.87846619618982013655284e-01	 1.10121133317497635339954e-02
 9.01609825333899550514616e-01	-4.24759833546455911612583e-01	-8.17239662948542888720738e-02
 9.26113132760892354689020e-01	-3.76489656256316307381127e-01	 2.38747577957683851379578e-02
 9.78331105654643429225814e-01	-1.98474555789516365900127e-01	-5.89584464917225492541775e-02
 9.95550131433751817056077e-01	-7.92641829667957431571068e-02	-5.09619966332360077587715e-02
 9.98048624925881089353652e-01	 4.00968527781255038022756e-02	-4.78663209453928789605115e-02
 9.82175835191013923974879e-01	 1.05382082554509509675356e-01	-1.55644612638243806657101e-01
 9.62365316557179273360134e-01	 2.20444913146929988290168e-01	-1.58924629165660524776627e-01
 9.29802226347071214540563e-01	 3.33665562840048224302336e-01	-1.55354794115481198435447e-01
 8.84653538469922340325979e-01	 4.43029360067732413952513e-01	-1.45303485817172867156089e-01
 8.27175868798172619911213e-01	 5.46771737001013446999309e-01	-1.29694832953680699860755e-01
 7.57113942637927195278280e-01	 6.43727098813531406484856e-01	-1.11327894601341403912897e-01
 6.75532025387057699639115e-01	 7.31498768676460242588178e-01	-9.25528719234714331021152e-02
 5.84346630095447960862032e-01	 8.07988610923730421475852e-01	-7.54547580582864418907718e-02
 4.84805521493221314166533e-01	 8.72383883086166656006810e-01	-6.25297278195522804322692e-02
 4.14172529536535993788249e-01	 8.95865052380964588252255e-01	-1.60894138177122586474965e-01
 3.05775659062124283149586e-01	 9.39807810006910160360860e-01	-1.52520577546569391369502e-01
 1.93254491980356962743670e-01	 9.71256047766234309470690e-01	-1.38976224610286108740453e-01
 7.80028888849611384825877e-02	 9.89731116455224713135408e-01	-1.19782579893300350493135e-01
-3.96334441059541311980219e-02	 9.94473676673411466353514e-01	-9.72177787854018177204907e-02
-1.61896999419400444697459e-01	 9.83496524827898399578885e-01	-8.07709553641781652366660e-02
-2.78633157702859290960617e-01	 9.57896591583473622222300e-01	-6.92653106634001924923894e-02
-3.84391950172373320082642e-01	 9.21489938228540417242129e-01	-5.56697618662088944407884e-02
-4.91142283950235181144706e-01	 8.69847189559786238000072e-01	-4.63154804691502386404522e-02
-5.90946601116045466817184e-01	 8.05289193254242308128710e-01	-4.78688819310127897099783e-02
-6.29022113502038959786944e-01	 7.60171260602013232343666e-01	-1.62698602575972045558572e-01
-7.10838784073168916677332e-01	 6.81476116969729095451669e-01	-1.74064715141349107829782e-01
-7.84894579806742598293567e-01	 5.92881770749977499157524e-01	-1.80088046528269735135908e-01
-8.49612277074845656521518e-01	 4.95036630786410580817858e-01	-1.81927768148061469455357e-01
-9.03110413625233476864196e-01	 3.89554954386111040864904e-01	-1.80661335971188607985027e-01
-9.44046766153917693564779e-01	 2.77933041318897178229008e-01	-1.77563869797767115432663e-01
-9.71905166734480241430560e-01	 2.23747637516151898218197e-01	-7.30571117740298758835849e-02
-9.92287632504796013321879e-01	 1.01088687426514514666742e-01	-7.17379373303368844672079e-02
-9.96998738382759541742928e-01	-2.12539508951048866647326e-02	-7.44431678163576804330148e-02
-9.86975494960346089179382e-01	-1.38115469999819412416642e-01	-8.24832667545897096905705e-02
-9.63885432968428990108123e-01	-2.50761120609928667146704e-01	-8.96868580212134419715753e-02
-9.28249483915103756892506e-01	-3.59234603015867626218949e-01	-9.64541114073214633783948e-02
-8.80206034733561848426575e-01	-4.63360602444482849726626e-01	-1.02636682140966911669366e-01
-8.19274769156674076420188e-01	-5.63322523630185978404938e-01	-1.07035447372340636329469e-01
-7.43599611481530198275891e-01	-6.59962896653268793478730e-01	-1.07278109815303571150658e-01
-6.57579089741987532491407e-01	-7.46633491938489046724214e-01	-1.00638806878049977266976e-01
-5.61990329848849667904176e-01	-8.22138760736511153837114e-01	-9.08555295566257498096618e-02
-4.64194301168492418074862e-01	-8.82438845474634026011529e-01	-7.63238806671299035988554e-02
-3.53546964090047433071362e-01	-9.32919159666428021715490e-01	-6.83109486831846857146644e-02
-2.82101188790299606257150e-01	-9.45348078577983086390191e-01	-1.63511252248937116737793e-01
-1.64433398467328517611463e-01	-9.73270879842562663952776e-01	-1.60329198585188764658582e-01
-6.24026392031959697970223e-02	-9.90396631017767758997650e-01	-1.23371082061930661954996e-01
 5.64228143382947897044311e-02	-9.91998934884300465064655e-01	-1.12936173171221190814073e-01
 1.71163713618607521427251e-01	-9.78802322792001300300058e-01	-1.12467755544735370509812e-01
 2.82792548163168178110283e-01	-9.52517688681491225821674e-01	-1.12864642170398196685532e-01
 3.90667257551520430425285e-01	-9.13547532204271872657841e-01	-1.13181271775232475396145e-01
 4.93704273216714117911152e-01	-8.62226732559692621293834e-01	-1.13230527098449038070349e-01
 5.90917165129738908291301e-01	-7.98896416944850806807210e-01	-1.12166924481827093296182e-01
 6.81636855315942313815469e-01	-7.23702871900370969804328e-01	-1.07820919482948529566357e-01
 7.65345999116508468596010e-01	-6.36007040295517023231753e-01	-9.86942061667771680655292e-02
 7.96201836642766558327367e-01	-5.74192652921191482029428e-01	-1.90697227714536371445675e-01
 8.40214438486321157917303e-01	-5.34685025198825214509668e-01	-9.02863289055873818877984e-02
 8.64576294945495926747014e-01	-4.68289165954249131385012e-01	-1.82244580902129388322308e-01
 9.47158141904959727241931e-01	-3.13125433419504606291639e-01	-6.95982555025035504181474e-02
 9.79005934444999392773923e-01	-1.32407875308412664727697e-01	-1.54969464339867413205099e-01
 9.88611663114412064778946e-01	-1.13038471030331971051153e-02	-1.50063994998225619381671e-01
 9.65168563095367471049713e-01	 5.18126981803514394253618e-02	-2.56447049348780153898986e-01
 9.50727155124604372815611e-01	 1.65979544688333202628883e-01	-2.61856195752039166979586e-01
 9.24253816955193263638080e-01	 2.78752360175740288017465e-01	-2.60867789388054771571035e-01
 8.85872140738323876618665e-01	 3.88562493107445838802505e-01	-2.53475322692023830040142e-01
 8.35839130094880644605837e-01	 4.93684197604358165900607e-01	-2.40101773500269094485660e-01
 7.74373157060138872509469e-01	 5.92737602890265113941837e-01	-2.21378291041863184407390e-01
 7.00053064567266458695372e-01	 6.85028966294052299446093e-01	-2.01645783809335066294466e-01
 6.13434609949494613623244e-01	 7.68014483429403926884049e-01	-1.83988403326887567379444e-01
 5.17289959566368140464476e-01	 8.38805103101856519565160e-01	-1.69755991770862452172608e-01
 4.42943587322080778445610e-01	 8.56200630895879943871307e-01	-2.65935063697406048888183e-01
 3.38240878995814897578498e-01	 9.04465194538905503662818e-01	-2.59876546929187879353407e-01
 2.29614677804676287076191e-01	 9.40833516701710448337792e-01	-2.49217562758621113960800e-01
 1.18413007335413933418522e-01	 9.65317705663086278455864e-01	-2.32680224400653612448764e-01
 5.83106711800276174967328e-03	 9.77584997433637914454607e-01	-2.10460379760513710545311e-01
-1.08306426916581849395627e-01	 9.76687562839022249683296e-01	-1.85340558119732934372337e-01
-2.28496519119100738315353e-01	 9.57861741823463730405308e-01	-1.74040869629448202715594e-01
-3.32465726755082568999455e-01	 9.26166097413716027375585e-01	-1.77996911587426559497871e-01
-4.35322034351610764879581e-01	 8.87593698739137293429735e-01	-1.50572747755205932351785e-01
-5.39646538594006575095818e-01	 8.28884413785464846391449e-01	-1.47418594373416755871631e-01
-5.68452956990896263178570e-01	 7.79810723289227070154084e-01	-2.62214552478383711164867e-01
-6.52139145881260096082599e-01	 7.06679639953424088005818e-01	-2.74442017345303324038497e-01
-7.29149979523425195715447e-01	 6.23711177331490174147177e-01	-2.81646364494120782229203e-01
-7.98120109359719553943080e-01	 5.31540552245522324170679e-01	-2.83670464366938601674661e-01
-8.57063444059468659830259e-01	 4.30458372662519628271127e-01	-2.83103942504617456243921e-01
-9.04099115213670923019151e-01	 3.22871042176048728133964e-01	-2.79926919023536724395740e-01
-9.37619657448720666970132e-01	 2.10574981865872645769855e-01	-2.76636141850501837691212e-01
-9.71820564613224857630769e-01	 1.63481189872818705177693e-01	-1.69819582947905611813866e-01
-9.84359608697596866200286e-01	 4.24029878293385037446583e-02	-1.70991658825392245368846e-01
-9.80446612318591759205333e-01	-7.35176761187837923827715e-02	-1.82536548918540597608029e-01
-9.63373788226798977163412e-01	-1.86729734626769228178489e-01	-1.92465452390196967158431e-01
-9.33755958330981572501628e-01	-2.96562928577383810857526e-01	-2.00375247161409586471592e-01
-8.91827553586056920309488e-01	-4.02658706239698349627076e-01	-2.06178517198279898092750e-01
-8.37580939741901175921157e-01	-5.04840623210872196935384e-01	-2.08792036574990153008358e-01
-7.70376701369840710675874e-01	-6.03338924380187435758671e-01	-2.06159841662439224929670e-01
-6.88020684169554752607212e-01	-6.96297860815838665082822e-01	-2.04442723465876857735779e-01
-5.98795446362519689920134e-01	-7.76841720027681481575144e-01	-1.94835713974477048315848e-01
-4.98838154047221760123421e-01	-8.46235783866811086539883e-01	-1.87204418137190464754838e-01
-3.97208065243078278783173e-01	-9.01684124326243008340498e-01	-1.70855180910228277024743e-01
-3.28253262811440960078357e-01	-9.07223233283134478099896e-01	-2.63050946481738878723888e-01
-2.10114000719404336869900e-01	-9.42682940338100294752621e-01	-2.59231519490203787814409e-01
-9.65777623716010391596853e-02	-9.57026626020622495083501e-01	-2.73446106029831936812258e-01
-6.89797502746733112721778e-03	-9.76936892909312293298285e-01	-2.13416787561849563559235e-01
 1.08871315148609940082203e-01	-9.70218591142441688646159e-01	-2.16386048855714829830532e-01
 2.21824153091976311591438e-01	-9.50362340867019539381033e-01	-2.18186769000291103104416e-01
 3.31783500099706474273376e-01	-9.17593419524485809368741e-01	-2.18956674954085661610748e-01
 4.37509658061335071632669e-01	-8.72154336596079882149013e-01	-2.18934036320773184325361e-01
 5.37766061110076520890289e-01	-8.14505578815335140596687e-01	-2.17688597764902153075539e-01
 6.31551126443963051215746e-01	-7.45358763275832836292523e-01	-2.13502900906012565984682e-01
 7.18072859179789579897601e-01	-6.65406174130177774372896e-01	-2.03975469943818210616371e-01
 7.43925790054069335788256e-01	-5.98780656531228805405931e-01	-2.96708854361408647104525e-01
 8.15962343391531619296586e-01	-5.05851991016401991707596e-01	-2.79855708092120403218672e-01
 8.76356071349861154295979e-01	-3.95624375074695666665292e-01	-2.74738766931414024607960e-01
 9.17299779156895978005082e-01	-3.56539697592532844883095e-01	-1.77314858935553654184503e-01
 9.53847384830580735659566e-01	-2.49718842320781869714708e-01	-1.66780293325772238643978e-01
 9.66434294999446996676795e-01	-6.40907109353388154682207e-02	-2.48791346756121717342936e-01
 9.35265871274351900943600e-01	-5.09417058873484589198721e-03	-3.53909309647882031057975e-01
 9.26015067699870630946180e-01	 1.07019513790297407518359e-01	-3.61998505605883147406843e-01
 9.05434615651116603274318e-01	 2.18666776249619054794948e-01	-3.63831001627560657318838e-01
 8.73538201998320773533635e-01	 3.28388822154371928796479e-01	-3.59293461022609394994731e-01
 8.30411400235387175960966e-01	 4.34434448341546985972172e-01	-3.48831788192073555254780e-01
 7.76559461732225897456772e-01	 5.35197015473410475649985e-01	-3.32444818011214726638514e-01
 7.12201379080533159005029e-01	 6.29530461610115388282338e-01	-3.10581057923277170651488e-01
 6.34009899251805730813203e-01	 7.16908658863811387718101e-01	-2.89954173097761780386605e-01
 5.42436114653499945603699e-01	 7.93984398995103868301726e-01	-2.74502888276242418275075e-01
 4.64458772951823639640878e-01	 8.05654583740816221393288e-01	-3.67693812737580283389605e-01
 3.63447893694594237334883e-01	 8.57337943461280449497508e-01	-3.64523359019069181918837e-01
 2.58403041527682564293400e-01	 8.97672695843825918515790e-01	-3.56947614175695260296806e-01
 1.50618394035281932819004e-01	 9.27004345586829647807292e-01	-3.43477863393503612954305e-01
 4.14467336422260843042942e-02	 9.45172846830335866563644e-01	-3.23929711334154712965017e-01
-6.79341431611184265459968e-02	 9.52001075879972735727108e-01	-2.98460891435275543770445e-01
-1.77981458618126503479218e-01	 9.46160999123133561461430e-01	-2.70373748959616744258483e-01
-2.76346051071583997948977e-01	 9.13177715734852069040528e-01	-2.99565217511011172568658e-01
-3.83920380037958641761264e-01	 8.82672088705364843441714e-01	-2.71099844360003172649698e-01
-4.80158476426583102902867e-01	 8.42513953784320812623321e-01	-2.44168128948915014175824e-01
-4.77059784977311052145410e-01	 8.06731944002228251733300e-01	-3.48708376847742862469914e-01
-5.73084184338415569825997e-01	 7.32434868303034503078663e-01	-3.67578129593001956543219e-01
-6.57683712081472027222162e-01	 6.50995421915872229945421e-01	-3.79021233583701988578696e-01
-7.33067434955685048869611e-01	 5.61971999432583357858562e-01	-3.83144369215100533132556e-01
-7.98900267548930509420302e-01	 4.64810702550708942926150e-01	-3.81718971633011328048468e-01
-8.53437144825972215933518e-01	 3.57806808372799711737144e-01	-3.78971407514291758200642e-01
-8.95652666317425016906384e-01	 2.43024590179863581029807e-01	-3.72485368687679729848838e-01
-9.58241575755882313281120e-01	 1.03033799263453657024669e-01	-2.66752916951665086653378e-01
-9.60186804133848381681560e-01	-4.78847956941928082352788e-03	-2.79317689433805915744102e-01
-9.49436384642199149297426e-01	-1.16793280897667120510341e-01	-2.91427316932900304369269e-01
-9.25973017777771301162204e-01	-2.27330162255543311022876e-01	-3.01487922936218843972256e-01
-8.90333646763059594064771e-01	-3.35109235683347161938173e-01	-3.08233349268560830047647e-01
-8.42741444890140911638809e-01	-4.39327128775476027922053e-01	-3.11092479797204057856419e-01
-7.83500323217998229097248e-01	-5.39564706341114086463051e-01	-3.08216111175778406661152e-01
-7.12039436234011779980335e-01	-6.34643152501969787238068e-01	-3.00379610210001701808835e-01
-6.22013323131914708241652e-01	-7.23307199466898476103438e-01	-2.99876843130216952371114e-01
-5.32151802081607616656811e-01	-7.96411725863246489076630e-01	-2.87302666971302356202500e-01
-4.25622054610839350985430e-01	-8.59780540915429769555089e-01	-2.82175987801972671942252e-01
-3.53533174202422750820318e-01	-8.47969447378359220124366e-01	-3.94920385712360322294501e-01
-2.65845412344958620387558e-01	-8.98066372711251115212860e-01	-3.50432599711264614050776e-01
-1.55934031186112737055183e-01	-9.16886393803322929940691e-01	-3.67428794157978910739359e-01
-4.61315893365187995600607e-02	-9.20185842663102437910538e-01	-3.88754281555435843298341e-01
 3.12259363960883697119986e-02	-9.49491441501475463837778e-01	-3.12235397435392858511705e-01
 1.49367795463122204902007e-01	-9.35940176901324472069632e-01	-3.18912600786491973181569e-01
 2.63302649331201676918823e-01	-9.09670781517932014459404e-01	-3.21202092315297615954250e-01
 3.72722367475306959327952e-01	-8.70356992788501204749707e-01	-3.21802333564812914623587e-01
 4.76502112742584138516122e-01	-8.18476936199007520933435e-01	-3.21000376109031038129871e-01
 5.73455696266329306709508e-01	-7.55012654863568721808065e-01	-3.17969268036339181016103e-01
 6.62785672200610131987730e-01	-6.81437473239021151982797e-01	-3.10416047895729407812837e-01
 6.84891352017248600247967e-01	-6.07067304336436630585183e-01	-4.02980302170810433803894e-01
 7.59926370872717971138854e-01	-5.23369665712217657649319e-01	-3.85481651787088264171643e-01
 8.25293936627911173253835e-01	-4.30703520436717113284431e-01	-3.65218284931934700221490e-01
 9.13201510249477266256690e-01	-2.89819775262694978579248e-01	-2.86474256338601740434768e-01
 9.48061672306817926347833e-01	-1.86049998220966877893190e-01	-2.58000898573586046058637e-01
 9.31991160664820683656728e-01	-1.17587945646157321366587e-01	-3.42878333350704833648592e-01
 8.94396798052316643889981e-01	-8.44805670714661727238592e-02	-4.39223634861612699520350e-01
 8.89895094211105464054867e-01	 3.36841386305962442460071e-02	-4.54919883170347483236640e-01
 8.74638333678586454844606e-01	 1.48211753912072835559499e-01	-4.61563713112559559359482e-01
 8.48677657221620029837084e-01	 2.59891500279938347794939e-01	-4.60654580152054182740073e-01
 8.11826708518497364153177e-01	 3.67891711584743485996540e-01	-4.53423735465260935306731e-01
 7.64426809942617913051777e-01	 4.70838758826059300410805e-01	-4.40411756686954258821487e-01
 7.07491740743933839041802e-01	 5.67480066504291169593444e-01	-4.21214685047190118272198e-01
 6.41321783140567980296964e-01	 6.57084267475638306166275e-01	-3.96164909987502866783871e-01
 5.59518274612781585375387e-01	 7.38796963975283826897567e-01	-3.75657219277413967351009e-01
 4.79721450016739936472732e-01	 7.44075622966294369931006e-01	-4.64993330813633920506334e-01
 3.83102317121559898804861e-01	 7.98308950166668584991214e-01	-4.64688535150033110721068e-01
 2.80694053652140174115459e-01	 8.42364719570098841039396e-01	-4.60035354584751809969845e-01
 1.74324930927907795208398e-01	 8.76216368356474983869475e-01	-4.49283534398013273403194e-01
 6.53920781561171671203425e-02	 8.99552741166973923725436e-01	-4.31889733581857004907079e-01
-4.51690296604698657279009e-02	 9.12273140968824836072315e-01	-4.07084112962427413506816e-01
-1.57397175261529159717711e-01	 9.14257298969283760392557e-01	-3.73309148697271164785150e-01
-3.48217404000506491890121e-01	 8.59910408006828719251757e-01	-3.73227450427587981174327e-01
-4.11258269403713461187522e-01	 7.99934340631044404901218e-01	-4.37003073817838039172301e-01
-4.98993353832268782266368e-01	 7.36917063960498719410452e-01	-4.56025080094354828830205e-01
-5.81500591321350346341035e-01	 6.63321504319193455678771e-01	-4.71021914777478845071101e-01
-6.58318399949191057629605e-01	 5.81169737775260264456278e-01	-4.78391701623859966208130e-01
-7.27947067527023872202108e-01	 4.91044180032615129594120e-01	-4.78506719007062097936966e-01
-7.88721673035824633046786e-01	 3.92562588280935154116946e-01	-4.73088508384787220784062e-01
-8.37275977794600168024886e-01	 2.82780355717754172673040e-01	-4.67978853612251166627090e-01
-8.75239661470286200994906e-01	 1.68955408069074219934436e-01	-4.53221364317252295439431e-01
-9.23234135474238826191140e-01	 1.06919091072973218570219e-01	-3.69062378276714231351008e-01
-9.24462537628907510267595e-01	-2.81690620320271603582718e-02	-3.80230877842603509630948e-01
-9.06606722638768847133406e-01	-1.46383968818870696670942e-01	-3.95772641978985872945884e-01
-8.76641921336533291864157e-01	-2.58728557995786312417863e-01	-4.05658076503861486639124e-01
-8.35055928903247757233430e-01	-3.66233840955003109307597e-01	-4.10553735024880184223406e-01
-7.82487490457561052359381e-01	-4.68960392449377705403890e-01	-4.09621139092154362693066e-01
-7.19509854658205050270681e-01	-5.66221797713448826705473e-01	-4.02117451553496763061446e-01
-6.45438702989394208486829e-01	-6.57351670158809575639225e-01	-3.88970001957467614861486e-01
-5.43613176182392132673726e-01	-7.40370930379097402784794e-01	-3.95392969247660597265082e-01
-4.57998035477598153253354e-01	-8.06615091956298657649427e-01	-3.73644072516871150746454e-01
-4.19271312968929499298554e-01	-7.76765805437152678791790e-01	-4.69943028062850876036549e-01
-3.14161705002697966282454e-01	-8.02212674865614427943683e-01	-5.07697988369812169828776e-01
-2.36139196953798563560767e-01	-8.61236704324702451174289e-01	-4.50010687413021914782263e-01
-1.22487766495481861794836e-01	-8.72750292252043147200880e-01	-4.72550181920313894234909e-01
-7.59719410242762696605645e-03	-8.70969467236488381622905e-01	-4.91278403538724484089784e-01
 7.27407026920028759731096e-02	-9.08802320336981828141631e-01	-4.10837112152726113833978e-01
 1.89380127173412571295330e-01	-8.88771646676016158217237e-01	-4.17396846534068999279299e-01
 3.02082388660169731675609e-01	-8.55893278756017839015158e-01	-4.19753410756410483273271e-01
 4.09308629594999751066808e-01	-8.09938405551430262718782e-01	-4.20078831830253296431010e-01
 5.09304050770274185921949e-01	-7.51874148055491575703968e-01	-4.18682038490808650088582e-01
 6.01075860210697254792933e-01	-6.83601652206572985015498e-01	-4.14000714217275245232486e-01
 6.23890164373449129797677e-01	-5.97786906308262366849249e-01	-5.03400315300325695844208e-01
 7.03779318823503530211383e-01	-5.16625108543981137465551e-01	-4.87640408106470857330095e-01
 7.76863037804339406910970e-01	-4.28321278176554076644322e-01	-4.61545992458624654286581e-01
 8.59368820452844683899229e-01	-3.30213421641866122779874e-01	-3.90441194805386471156083e-01
 8.99950546937461237639866e-01	-2.14557758409339521810111e-01	-3.79544439260179722328559e-01
 8.46905883207724974326425e-01	-1.50671061060204419801423e-01	-5.09949660601059284736891e-01
 8.42325902557919725666125e-01	-3.73915391673633745739380e-02	-5.37669923539230265596700e-01
 8.31102415825720197695148e-01	 7.61456065751560107202067e-02	-5.50881676050268831446033e-01
 8.10425840679430242730064e-01	 1.88265713874588042076041e-01	-5.54766597532990179963974e-01
 7.79544104553097416676621e-01	 2.97747096288518531270739e-01	-5.51051409315197693317145e-01
 7.37833323313902722517810e-01	 4.03087015763140765756134e-01	-5.41408205267271180893829e-01
 6.86243721932218719850027e-01	 5.02181080301438376167766e-01	-5.26197412285442700508042e-01
 6.27086819024230579522339e-01	 5.93400913248931072274672e-01	-5.04616168549330890158444e-01
 5.61071198766570411464727e-01	 6.76491670034272685185783e-01	-4.77030533916734000854376e-01
 4.20786720445475548313397e-01	 7.18330878757235002929349e-01	-5.54021014511724141371474e-01
 3.12509412551384313516678e-01	 7.70905778370195915449870e-01	-5.55015448381602216620934e-01
 2.03283707778891375994590e-01	 8.11291149044337966955709e-01	-5.48162754694246245890099e-01
 9.25914741534470397965606e-02	 8.40521944269472909283536e-01	-5.33806781631290805378853e-01
-1.92810741623086652485330e-02	 8.59411712339161026896761e-01	-5.10920491733712678339430e-01
-1.32186297323365647971016e-01	 8.68664198219945560275335e-01	-4.77440355993121123834300e-01
-2.44939106158560543358149e-01	 8.72409305878148244595138e-01	-4.22973802133717213802555e-01
-3.13100622856404331439961e-01	 8.12978872492152282447364e-01	-4.90951477081310760919308e-01
-3.99841959432633731186257e-01	 7.43562186800209135029149e-01	-5.35949327677498921218557e-01
-4.87276378725000458569383e-01	 6.73722643885667604735090e-01	-5.55571354420254515105171e-01
-5.68161640825727065617912e-01	 5.95746969516667612687399e-01	-5.67695251174364146073970e-01
-6.42352977292622195903959e-01	 5.10601026781836053736185e-01	-5.71549861353004784447762e-01
-7.08832878742454153275787e-01	 4.18608597483264788241542e-01	-5.67734790308625836274814e-01
-7.66017665777376288716027e-01	 3.19135163420449008420121e-01	-5.58005092436962724100624e-01
-8.07678735983522688712810e-01	 2.07165148787324365775575e-01	-5.52030488802914609536288e-01
-8.87662354187172097930159e-01	 4.27571485229196052157974e-02	-4.58505584708710334229664e-01
-8.73265684071006131894421e-01	-7.18309150696155723769820e-02	-4.81920496206853177234564e-01
-8.48372166428964291640114e-01	-1.83637225972462347911573e-01	-4.96529995534776003029975e-01
-8.12522230165197756335260e-01	-2.91631586719332813739669e-01	-5.04736211416357605230587e-01
-7.66200472226693185540114e-01	-3.95175223630211347458641e-01	-5.06728111503994882447444e-01
-7.10250230531601300931754e-01	-4.93289146887641305472272e-01	-5.02205563084152428743323e-01
-6.45742005485692827093658e-01	-5.84888636111483450896742e-01	-4.90838614718691779170712e-01
-5.73611025304540667058006e-01	-6.69474658294272328973307e-01	-4.71989484576553874894955e-01
-4.83273565231042645518045e-01	-7.04040339938978965150795e-01	-5.20359357451640858194253e-01
-3.81248599327355275345752e-01	-7.26083668028837503349848e-01	-5.72234228732185101762298e-01
-2.74541809250367752071043e-01	-7.44165586176541382634753e-01	-6.08969929737141701941994e-01
-1.99854500445858812573974e-01	-8.12311753557294125016597e-01	-5.47912213483337628971981e-01
-8.53571416908830288283738e-02	-8.17159664251157158432193e-01	-5.70056349393021855043173e-01
 3.00231295491605910952249e-02	-8.10304488955888579937437e-01	-5.85239478222386089178997e-01
 1.10254085936223336639195e-01	-8.55809257571723547286524e-01	-5.05405333558029856710903e-01
 2.26363217539711780723621e-01	-8.29357578126861949563420e-01	-5.10808869684753363848984e-01
 3.37664340575740018479678e-01	-7.89240121582752585105425e-01	-5.12916000518206294245260e-01
 4.41426473273153430199045e-01	-7.35844467080604691666679e-01	-5.13493514039356391265301e-01
 5.36210985278481322424682e-01	-6.71147424097320755009832e-01	-5.11897367051454610376027e-01
 5.56013500656506010066948e-01	-5.78512358240193536040863e-01	-5.96801841862998894150394e-01
 6.39077044747776046307308e-01	-5.00860035900417166487841e-01	-5.83712048286038287514543e-01
 7.15882033282645102723052e-01	-4.17540834867955901188452e-01	-5.59618232048310071391484e-01
 7.90141084982234120914768e-01	-3.33888452647831568409487e-01	-5.13999578804822165878363e-01
 8.47091813403131110860045e-01	-2.51122970066644135567202e-01	-4.68372409061744932046167e-01
 7.85944726473649324383075e-01	-1.16994602604155756297999e-01	-6.07126963566728794496896e-01
 7.76916977167672384574360e-01	-2.14445761173964917489787e-03	-6.29599405884565754831783e-01
 7.60530845866943416844208e-01	 1.12140916647286675855710e-01	-6.39544562402353578001168e-01
 7.34761539668609575670644e-01	 2.24723192676722610672257e-01	-6.40019504778561620916832e-01
 6.98408788574250261049770e-01	 3.34603740109291392101909e-01	-6.32665394301855421588243e-01
 6.49514695885409332198890e-01	 4.40645159357053506354873e-01	-6.19647079686559298927762e-01
 5.89202390058224056978986e-01	 5.40495647063821471611789e-01	-6.00587211864136438776995e-01
 5.22557851770453885009715e-01	 6.33493004749254629004440e-01	-5.70631145738479172990765e-01
 4.32056537673951635003533e-01	 6.41761217945380102456454e-01	-6.33616356634248978352275e-01
 3.32519120336075502120110e-01	 6.92920879873087924849528e-01	-6.39759086568396084793164e-01
 2.27110672446897088327944e-01	 7.36077729051005658078566e-01	-6.37660034231276484639750e-01
 1.18449319163452096437261e-01	 7.69440772164215025519240e-01	-6.27638954273116667081922e-01
 8.12223834693050206201548e-03	 7.93371307223323496415901e-01	-6.08683824426927477801996e-01
-1.02498114645868110272886e-01	 8.08381327735828270064644e-01	-5.79666943565097514401430e-01
-2.11155551610658326344705e-01	 8.15738235279981127590077e-01	-5.38502056195053868670186e-01
-2.95343433815406952724913e-01	 7.50182878213542903012012e-01	-5.91606207994278210371419e-01
-3.82228842449786054835670e-01	 6.77547221583205461215016e-01	-6.28355691089350520961432e-01
-4.67448386280244876367362e-01	 6.02693735432901500637115e-01	-6.46724259197017370404126e-01
-5.46334950287788556622104e-01	 5.20848496436736585479821e-01	-6.55922987745993446573323e-01
-6.18375565641802515948200e-01	 4.32559966501775861047463e-01	-6.56127682084183483368633e-01
-6.82722976839443052021750e-01	 3.37971959189424964176141e-01	-6.47815013485447899199698e-01
-7.38184423803828759780288e-01	 2.35578588486061502038638e-01	-6.32128535268203339825277e-01
-8.36874156859374274120000e-01	 1.03824408974692444784793e-01	-5.37458963719061100228203e-01
-8.26161790482576430250106e-01	-2.12388784870845732932754e-03	-5.63428952971916308101186e-01
-8.06163462346292436500050e-01	-1.10722350018562204487793e-01	-5.81240942453476239215604e-01
-7.75327592058429493349081e-01	-2.18400957785587684911732e-01	-5.92594420013566658411719e-01
-7.33844796565000123678146e-01	-3.23481763160523405620239e-01	-5.97353633501155667495652e-01
-6.82113665701249760608960e-01	-4.24548446387917000066636e-01	-5.95381863792650234401549e-01
-6.20966899478485601093780e-01	-5.20597521233009619123777e-01	-5.85984923558723003189641e-01
-5.51650859402991189384124e-01	-6.11635892726616003933771e-01	-5.67082766488681722094611e-01
-4.52687838592612301624740e-01	-6.41681574300777102237703e-01	-6.19127190481265854415938e-01
-3.46860364967203238517612e-01	-6.61470908141789215584083e-01	-6.64939188871354946996917e-01
-2.36842677949863689157439e-01	-6.75025522320187865155106e-01	-6.98746084152100821462739e-01
-1.61757851406767433344314e-01	-7.50644202224680312518501e-01	-6.40599468603229138530253e-01
-4.76551275821658279485682e-02	-7.49873991929460581573608e-01	-6.59862095473670029477375e-01
 6.67770334350107491738768e-02	-7.38533425425251466300836e-01	-6.70901786653802290061321e-01
 1.46393459395428998659483e-01	-7.91360558497368971053731e-01	-5.93563325603065794489055e-01
 2.61216686149865151556071e-01	-7.57913813233253130796641e-01	-5.97772945680140499469246e-01
 3.68599283020807411137554e-01	-7.09464330852028646212659e-01	-6.00662077881756961694748e-01
 4.65401178075830423974679e-01	-6.48190382439803425285163e-01	-6.02703054213408417894016e-01
 4.81962691734360570983142e-01	-5.49765127217652471713905e-01	-6.82253815432005028540630e-01
 5.67698688531472983598292e-01	-4.75211594826882854913919e-01	-6.72229231127103310505788e-01
 6.47460738646178701749534e-01	-3.95170534702820652750432e-01	-6.51640115719122725579382e-01
 7.23006217089845693024586e-01	-3.13621243700042018343055e-01	-6.15551562055909440296375e-01
 7.87587225631304899131635e-01	-2.29925784996745541377550e-01	-5.71699654902829590419344e-01
 7.14467390636146171267740e-01	-8.50514276418949249913837e-02	-6.94480095016158260889938e-01
 7.00893284960127149751941e-01	 3.07849719890324995119624e-02	-7.12601493541401787013001e-01
 6.79739586246567162319820e-01	 1.45345925758661231874669e-01	-7.18907961254222960256755e-01
 6.49381257169696857189933e-01	 2.57402472912906021829116e-01	-7.15575257939390141359581e-01
 6.08563919743875025858415e-01	 3.65894973605124684823409e-01	-7.04109951553360535747572e-01
 5.53633224538681467663537e-01	 4.68635470755615402005390e-01	-6.88382922679350750527760e-01
 4.90734148506837886127840e-01	 5.56512761177222814445997e-01	-6.70427879891769107345567e-01
 3.68258516993783424631204e-01	 5.96505361582709947576575e-01	-7.13138849218453385603311e-01
 2.58036613222968114200739e-01	 6.47635353136745917090877e-01	-7.16927859413946322320044e-01
 1.47013306688822259493676e-01	 6.86409367790096203165717e-01	-7.12200300102730166074139e-01
 3.52018310357343142125153e-02	 7.15466258763637563689031e-01	-6.97759889691644152875938e-01
-7.67010976759444074168925e-02	 7.35644574065800860296349e-01	-6.73011145719631831418894e-01
-1.87418545817962439725690e-01	 7.47716365682088213162615e-01	-6.37020035143832874524605e-01
-2.73799818836749142558773e-01	 6.77779780266705156321905e-01	-6.82384223635467912494335e-01
-3.59734003991517670151268e-01	 6.01739362816329226291145e-01	-7.13092690755997904439312e-01
-4.42497173817615829793937e-01	 5.22407403212493792743487e-01	-7.28894200986811124920450e-01
-5.18897565999212773135696e-01	 4.37155453608582267310823e-01	-7.34602222553381367653458e-01
-5.88102181673866519773242e-01	 3.46619505199360689040589e-01	-7.30746702028677641571619e-01
-6.49350916777076458963336e-01	 2.51583460006431280930883e-01	-7.17669248004930926398970e-01
-7.04452561053961257009348e-01	 1.53736552621724309464213e-01	-6.92900903169062720721172e-01
-7.72519969370950465581416e-01	 9.58636457598409930103145e-02	-6.27712560289132359692132e-01
-7.56235366394307884085890e-01	-2.23335702413317536974002e-02	-6.53918406419900732906569e-01
-7.29450856226873778354047e-01	-1.35225204181592922880739e-01	-6.70533811603805318668492e-01
-6.92272228496027208777264e-01	-2.44456490359802020018165e-01	-6.78969944823857640692211e-01
-6.44614605494895132054012e-01	-3.49583143644387250859040e-01	-6.79899725005363331220565e-01
-5.87104311288197178164694e-01	-4.50117053856686655244346e-01	-6.72832197129558107207004e-01
-5.21274399333144566881515e-01	-5.46266573819688350255319e-01	-6.55641541489836110478961e-01
-4.17299354555448642756232e-01	-5.71186798149031393911912e-01	-7.06828755999544422472525e-01
-3.07840351645092880072951e-01	-5.87954093130880650619474e-01	-7.48026939534713219970286e-01
-1.93864855621906001514887e-01	-5.97879531586973156365161e-01	-7.77789485313371220520651e-01
-1.22637074059320769214843e-01	-6.77680771075409360548747e-01	-7.25057873952698384023563e-01
-8.04784010989749790110359e-03	-6.71611806887938755927792e-01	-7.40859509703616803122372e-01
 1.04250286467174421711768e-01	-6.55569869438832331098865e-01	-7.47903753203221000056544e-01
 1.80724763356705342420838e-01	-7.16235643443967728849486e-01	-6.74051231710222742421479e-01
 2.91088990342862841131932e-01	-6.74065501663670629817204e-01	-6.78898298103682851234453e-01
 3.88665680140135860742845e-01	-6.15743880207343385890795e-01	-6.85418458365698368695007e-01
 3.99773859881987159159422e-01	-5.14882995841684620863532e-01	-7.58337894047336202874021e-01
 4.88624014064238165744314e-01	-4.42820438966985141515664e-01	-7.51769001564202454801489e-01
 5.71735905761958096427122e-01	-3.64825275345467103793595e-01	-7.34860920536435813232856e-01
 6.50421624092492600688331e-01	-2.84024842462325399772283e-01	-7.04472568505783436343393e-01
 7.21054944179077894617080e-01	-2.00398320784941852412686e-01	-6.63264864516041163788884e-01
 6.33244168940102492015853e-01	-5.23093473411337522849252e-02	-7.72182332538179583281135e-01
 6.15137806999215830394689e-01	 6.41455784054902056201541e-02	-7.85805843177066698501676e-01
 5.89251915541896265082755e-01	 1.78703772297548940661827e-01	-7.87938539352424305306499e-01
 5.54360382863689160615195e-01	 2.90853829899497096089789e-01	-7.79800369033009976860171e-01
 5.08342967671946310836972e-01	 4.00633569542373613181496e-01	-7.62286147174546679927687e-01
 4.25491144508961749437503e-01	 5.06265517699596045986254e-01	-7.50101667464360466475171e-01
 2.91751747251010329353704e-01	 5.53049409655643420258286e-01	-7.80395584595099389702000e-01
 1.76422815851305897494328e-01	 5.94815984716843493274041e-01	-7.84263306786966873929146e-01
 6.26574978224040124441530e-02	 6.27917496236685690469415e-01	-7.75753605139213986419122e-01
-5.07800432542123425516678e-02	 6.52645318342569780156737e-01	-7.55959969609916848654052e-01
-1.63281304066717480871773e-01	 6.69446353815454475721936e-01	-7.24693587045908471644395e-01
-2.50061655225268686386642e-01	 5.95288134961868387051709e-01	-7.63610637013143911389079e-01
-3.34959838360389505762527e-01	 5.15285610693580475860642e-01	-7.88848937438420882983792e-01
-4.15933138549857306376367e-01	 4.30966004592886031687726e-01	-8.00792062361578294016340e-01
-4.90728219313215696661956e-01	 3.40948736855030243297904e-01	-8.01835253407231829392288e-01
-5.58685614451203682584435e-01	 2.45669986138279089482594e-01	-7.92159480228633583465125e-01
-6.21616865461384171531734e-01	 1.46277755485147237246579e-01	-7.69542260583647941274421e-01
-6.92815061346413907372721e-01	 4.89538802273850326418625e-02	-7.19451741524230192759148e-01
-6.70590375726577425652408e-01	-5.75060399879082848051404e-02	-7.39595567420327948404690e-01
-6.39289599197774949246309e-01	-1.64474649549908841228429e-01	-7.51170352192485735187688e-01
-5.97384161642932731695055e-01	-2.70176333965906900758114e-01	-7.55074110258663999672990e-01
-5.45122922088859818146034e-01	-3.73192536947905439959072e-01	-7.50711882268883190505449e-01
-4.83725237164113919252628e-01	-4.73081855230986558780160e-01	-7.36344656517401441320203e-01
-3.76866228366066535748757e-01	-4.92850925783212934216948e-01	-7.84263865591017794720585e-01
-2.65416920933716327102303e-01	-5.06736916277579774181561e-01	-8.20226527103064761980988e-01
-1.49628778318133398572698e-01	-5.14357210849910373440252e-01	-8.44421629487144276282606e-01
-7.42097583280829087293284e-02	-5.96273329660899076287706e-01	-7.99344123706424936059989e-01
 4.96554038937695868538569e-02	-5.84006977785961112203950e-01	-8.10228480591403732447020e-01
 2.08862236731935185796161e-01	-6.30165964262403455187211e-01	-7.47841843943335748967627e-01
 3.03069458823005843939313e-01	-5.76621948920703175645031e-01	-7.58719995223284260355001e-01
 3.01917913866799447752953e-01	-4.83746079944706364184270e-01	-8.21483598999060760093016e-01
 3.97712518356116651041532e-01	-4.10686484126665973803938e-01	-8.20464115302134033846926e-01
 4.85698411680050734506864e-01	-3.32813660298655278335644e-01	-8.08289626563453489360711e-01
 5.68432344807944800457733e-01	-2.52126481137455116243729e-01	-7.83145520887009949362323e-01
 6.44443321890422082809380e-01	-1.68969889171066173227942e-01	-7.45749275175212944510861e-01
 5.43024644788392629735085e-01	-1.86660443710164880570801e-02	-8.39509269716528838678471e-01
 5.20219791028922351472374e-01	 9.62525508090820575146651e-02	-8.48591076717502224013856e-01
 4.90515410887167602194125e-01	 2.08211674601707669163275e-01	-8.46192962770162759866821e-01
 4.53226903551295523531195e-01	 3.15532248869600406848690e-01	-8.33681458244452944228442e-01
 4.09669937061091116170530e-01	 4.18266061197961003248480e-01	-8.10693557836933309523886e-01
 3.10856678444615508460913e-01	 4.59538760602772378138781e-01	-8.31980921037284937291645e-01
 2.00681603654359025368237e-01	 4.97782247115026499351131e-01	-8.43765209292152151832056e-01
 8.83719244399104458809191e-02	 5.32521379459297450331690e-01	-8.41790581670734838759529e-01
-2.49607300429260034468903e-02	 5.60745768296628921412150e-01	-8.27611711669879346331413e-01
-1.38211259129349922636365e-01	 5.81765947478621314736813e-01	-8.01527310953395910608776e-01
-2.24215051640063278703963e-01	 5.03644570287184567547456e-01	-8.34307951201641695426758e-01
-3.07940258269094435661373e-01	 4.19784705562579851800820e-01	-8.53787794661473142809882e-01
-3.87445436761857942009613e-01	 3.30776150303642768601975e-01	-8.60507508347669869408492e-01
-4.61239977022727565270088e-01	 2.36191459823151733710134e-01	-8.55260941410679986773857e-01
-5.30731467867049500064525e-01	 1.37088223916884799358229e-01	-8.36379655347379347141157e-01
-6.04227443290110133311543e-01	 3.69852532965500926942504e-02	-7.95953068851227518720748e-01
-5.78157490691992292930479e-01	-7.21548733691935451073363e-02	-8.12728484923356586655530e-01
-5.42997569266590707215414e-01	-1.80613509408958650137578e-01	-8.20080727727187985820478e-01
-4.96639212219297243589011e-01	-2.87220882785143294402275e-01	-8.19056565432644045898769e-01
-4.40502659178353406232986e-01	-3.91182394494337892787428e-01	-8.08043155712908411913986e-01
-3.32297554478233170272006e-01	-4.06841947480146126636669e-01	-8.50915956518825566945452e-01
-2.20292774508754868323379e-01	-4.18518764225424111380391e-01	-8.81086339407471941242989e-01
-1.04855704494839108154025e-01	-4.24435383161782586736166e-01	-8.99366380712111057604830e-01
-2.86158650541607703643443e-02	-5.09161566976026880304573e-01	-8.60195112158700370130759e-01
 9.28466295211416298149842e-02	-4.95615848653044865912420e-01	-8.63564956416415840934064e-01
 1.82899009334600765042111e-01	-5.48399200431764599628082e-01	-8.15969527219137624740597e-01
 2.09522153281870598950931e-01	-4.46999152877642802472735e-01	-8.69650633651697035908512e-01
 3.03835947990663102213915e-01	-3.73136249818151410906353e-01	-8.76614542304804178485256e-01
 3.93549426711512051468844e-01	-2.96634305202389925160134e-01	-8.70130414197857970926009e-01
 4.78674726203196898577374e-01	-2.17249733833993929899009e-01	-8.50689755224167121205880e-01
 5.58696114681982991534426e-01	-1.35720030420704851348290e-01	-8.18192351945347673414233e-01
 4.43434279529022090660106e-01	 1.73624018569958453450663e-02	-8.96138709542408706809624e-01
 4.16021988045659374400032e-01	 1.32139763941896998256098e-01	-8.99702611004279173556597e-01
 3.80920084506389866607634e-01	 2.42618981323049071052722e-01	-8.92208450487558812902478e-01
 3.40642769948257206902298e-01	 3.49652914622169519454076e-01	-8.72757321698420907019056e-01
 2.30947210441130729163817e-01	 3.92119299138639187951583e-01	-8.90452604708685591106132e-01
 1.17685757785877587178192e-01	 4.28997161924129455368160e-01	-8.95606776144199479006147e-01
 3.40463868809497355663596e-03	 4.60655919663534640928759e-01	-8.87572268671316000343552e-01
-1.10995871844184426646684e-01	 4.85681463498943255530094e-01	-8.67060224233054288589528e-01
-1.95978043112279037840651e-01	 4.04493095254094381374443e-01	-8.93296111325714958795174e-01
-2.78680520170430379156556e-01	 3.17325225465949545267108e-01	-9.06444630940314244327283e-01
-3.57339380304554588008159e-01	 2.24354720788131789532827e-01	-9.06627556686667390728473e-01
-4.32318350558438868613820e-01	 1.26427171701491036781562e-01	-8.92814098245537701714625e-01
-5.08545865084665593691682e-01	 2.63680070150366305248291e-02	-8.60631065736848777092405e-01
-4.79178344811832301886056e-01	-8.41552193114802338236302e-02	-8.73673859587220102973504e-01
-4.40961312384313297574323e-01	-1.93787878391785572951278e-01	-8.76355737796424061336609e-01
-3.90892554488974863780015e-01	-3.01627250550805414697209e-01	-8.69611414696383588918138e-01
-2.81247332443289865810954e-01	-3.14850795263736715767777e-01	-9.06514707390523422070316e-01
-1.67829411118885052367489e-01	-3.25477385174888056429410e-01	-9.30536275758879760644504e-01
-4.97820987539998732751556e-02	-3.31047421373738604000181e-01	-9.42300030481505235258055e-01
 1.40463571352290785693162e-02	-4.13215268788085843265634e-01	-9.10525036169582691059077e-01
 1.20540881876776445613686e-01	-3.94647406932626620967852e-01	-9.10891497379201053874453e-01
 2.09015194507248230904040e-01	-3.27078679914040992837698e-01	-9.21592201361744245424745e-01
 2.97268493305945569193938e-01	-2.54219664640097653407480e-01	-9.20328096386223148961392e-01
 3.82719369162265399264555e-01	-1.77682995156956957671923e-01	-9.06617139535808025385677e-01
 4.64850754303588353799626e-01	-9.89979094678743454238656e-02	-8.79837024763322594900217e-01
 3.36709759288649379538327e-01	 5.67119520416541622598317e-02	-9.39899086336083766646254e-01
 3.02809663276298379752660e-01	 1.69883323649852119308079e-01	-9.37787803382073459346202e-01
 2.64490657957104025044259e-01	 2.80308069867200193581169e-01	-9.22752446662019609746608e-01
 1.50267881648994572341138e-01	 3.19833270482870857254198e-01	-9.35481823894486419490590e-01
 3.45302008937334592442170e-02	 3.54221592432976295494740e-01	-9.34523797813883949636704e-01
-8.12911069412534520450819e-02	 3.82785642745494758543146e-01	-9.20253719166722161659777e-01
-1.65645473314322527746967e-01	 2.99652492829970085175262e-01	-9.39558386004434864524626e-01
-2.47955484916852347820893e-01	 2.09934767358983170870701e-01	-9.45751273302647188501169e-01
-3.27450570142285124486392e-01	 1.14141889508666799502024e-01	-9.37948694318022857530082e-01
-4.06389057055815072772020e-01	 1.50736652803571315878406e-02	-9.13575787179313092423172e-01
-3.74426515834981266106496e-01	-9.60518147744944400523437e-02	-9.22268308638111378172653e-01
-3.34341303826710845026327e-01	-2.06312039521585444123986e-01	-9.19592972408934228312205e-01
-2.24569325173974654319409e-01	-2.18229058211097698416481e-01	-9.49707689946334698838371e-01
-1.12624595363422536076214e-01	-2.28545949439221657284449e-01	-9.66996612979668213050388e-01
 1.15848842086172833243385e-03	-2.40246354534053241369662e-01	-9.70711258324367443073299e-01
 9.24979033885097584599677e-02	-2.95910144663570073841896e-01	-9.50726734742383894349871e-01
 1.88198947690751877681592e-01	-2.17672258705660037758634e-01	-9.57705562204830163075542e-01
 2.77108682535857686612957e-01	-1.39286743124025613749239e-01	-9.50689213809193800486241e-01
 3.62045239874781932254422e-01	-6.08616771344709858726496e-02	-9.30171543609237261307499e-01
 2.21563605487446996233913e-01	 9.48575968613873388157742e-02	-9.70521305815119972315586e-01
 1.84715169969113274239803e-01	 2.07072191903789726286078e-01	-9.60729625505241657812405e-01
 6.76760531467045650666492e-02	 2.43570484974638040709394e-01	-9.67519183623613887590409e-01
-4.95754236094289660319312e-02	 2.74892197263253035277586e-01	-9.60196103542253709406396e-01
-1.34070270646637235145704e-01	 1.91078047002322309877442e-01	-9.72375618000840158394738e-01
-2.17174439454837969742940e-01	 9.98045829948088075722623e-02	-9.71017151270104794669180e-01
-2.98708756581248957573393e-01	 2.78678184636560509826464e-03	-9.54340249904940929326358e-01
-2.65031132981167261153388e-01	-1.08185174386492277687211e-01	-9.58151588525366637583147e-01
-1.51932403984351455106250e-01	-1.20420875930947426923900e-01	-9.81027704634053310250863e-01
-3.49796807121174196941737e-02	-1.35368903122636691227498e-01	-9.90177601243662053320804e-01
 8.64775820390015631522473e-02	-1.70473690802488225815026e-01	-9.81560160432800699048528e-01
 1.70952856830945659760701e-01	-9.56886491241065034740743e-02	-9.80621641189986181785798e-01
 2.54704743170975467236872e-01	-1.95200105394906300859681e-02	-9.66821836221516961451528e-01
 1.02113906938424620074457e-01	 1.30683492629650316319001e-01	-9.86151395458064072840898e-01
-1.65929366952739971996511e-02	 1.63947707722398028362676e-01	-9.86329470098302407699009e-01
-1.02181517113784287031919e-01	 8.10022070191676463180031e-02	-9.91462344226118230672284e-01
-1.86386420642050465446005e-01	-1.07748230027140401432462e-02	-9.82417429298516275970599e-01
-6.96540050677847827342859e-02	-2.83054159204735207577830e-02	-9.97169555796598827690502e-01
 5.23944736270108707421045e-02	-5.89821295343363402596815e-02	-9.96883106251150841181641e-01
 1.37923724188710933313828e-01	 1.82267400426852355099783e-02	-9.90275129574267776177976e-01
 1.72486416139894342680616e-02	 5.20014758450977193637854e-02	-9.98498037490512024838551e-01
