-4.80916546772335376513929e-02	-3.41589881956967031384487e-02	 9.98258662008926545006204e-01
 2.20082652600053690905568e-01	 7.48831731852561549578340e-02	 9.72602763926892710522054e-01
 5.45126692586745398294568e-02	 1.13345037500818590636698e-01	 9.92059106789626943267990e-01
-1.06247127034599916917124e-01	 1.24915082360459117616358e-01	 9.86462249757066755861956e-01
-2.13028786404149239608330e-01	-7.10342758529848398996176e-03	 9.77020100857559636864380e-01
-1.39297843197144388671660e-01	-1.58187966792956741235443e-01	 9.77533977947843246703030e-01
 6.76723230630058431023244e-02	-1.88334934202864734409388e-01	 9.79770590112837957974534e-01
 1.06296606685306924133805e-01	-3.94283605036913620267569e-02	 9.93552432333181023693669e-01
 3.66376810485852577592425e-01	 1.57861953870523825937955e-02	 9.30332644151228183027058e-01
 3.28847742319222202667106e-01	 1.86800884033512998305682e-01	 9.25723820637585514958801e-01
 1.67768379429431652161142e-01	 2.33232464544590234467591e-01	 9.57839437664830484209233e-01
 5.55030716085873603721224e-03	 2.66536976012321458195942e-01	 9.63808712612947759978965e-01
-1.53164921920483754202991e-01	 2.79117825040171352313223e-01	 9.47962945709343918210266e-01
-2.67136026255735570256178e-01	 1.48132928989477774539552e-01	 9.52205323879935838782274e-01
-3.71029093247967955981892e-01	 1.21497358358014367896160e-02	 9.28541757748519769322115e-01
-3.05486358010862657508255e-01	-1.43661623930938869841967e-01	 9.41296671022895270475317e-01
-2.29055763242214743824476e-01	-2.92174887270839678254930e-01	 9.28529640115919319143245e-01
-5.81290350929962451598243e-02	-2.88062027618604221679277e-01	 9.55845847154977112936081e-01
 1.22270583263950446961665e-01	-3.34331977762220289296380e-01	 9.34490253086620370481796e-01
 2.45132391828916246234726e-01	-9.93056586995093026892789e-02	 9.64390220101018824649941e-01
 5.04810351768878784461947e-01	-3.99528786773992866665495e-02	 8.62305210602585914259066e-01
 4.75276460151750512750368e-01	 1.29489587695451047189010e-01	 8.70255556204086233584860e-01
 4.26452291562202157049200e-01	 2.95574531294069131615032e-01	 8.54853285348800673304481e-01
 2.68679997952181170983721e-01	 3.46309434906095725548170e-01	 8.98821914505558039465427e-01
 1.91619602314535203424484e-01	 5.05444123075630247221568e-01	 8.41313358064120220269899e-01
 1.11049152578795246038013e-01	 3.90592349114085968242449e-01	 9.13841180142956455156877e-01
-4.53970167051217302067734e-02	 4.16748669116835501746721e-01	 9.07887469713962613759861e-01
-1.93873098074148320080212e-01	 4.28729731067937047672700e-01	 8.82385425730471850691572e-01
-3.06813988180982766262872e-01	 3.02859283625534658757061e-01	 9.02297861561418002018797e-01
-4.18576988080767597999454e-01	 1.70238702604056435507829e-01	 8.92083005770719195126617e-01
-5.17628194322780621483560e-01	 3.27406019463744382691495e-02	 8.54979008763564252149081e-01
-4.59710849872840776608740e-01	-1.25357992093160591773326e-01	 8.79176494412562070657202e-01
-3.87939414904603763201152e-01	-2.78940640030303610430451e-01	 8.78461797520506015857222e-01
-3.08560064777488596288180e-01	-4.26926313158817682946733e-01	 8.50014476086808246080295e-01
-1.54872626315581074507577e-01	-4.31882397618208291323327e-01	 8.88533659601965952745672e-01
-3.97797449076554496261160e-02	-5.58676946863706280765882e-01	 8.28430830509179982890089e-01
-6.13559574632497033847001e-04	-4.24523774648309037971217e-01	 9.05416582741336850581604e-01
 2.53364930637906493604561e-01	-2.52218604603671570085766e-01	 9.33912194702813391877783e-01
 3.89732884476691132658033e-01	-1.53505325905828660104646e-01	 9.08044268566254308971963e-01
 6.27629242245970941915800e-01	-9.71064538476338889871897e-02	 7.72432437756782608317963e-01
 6.10201987170561732654051e-01	 7.11010295668974695582065e-02	 7.89048907513105302058420e-01
 5.72432506502660309877228e-01	 2.35197112526163681911484e-01	 7.85495603907772954599409e-01
 5.15849332073007205146098e-01	 3.91347206612027542771415e-01	 7.62067471079034941539021e-01
 3.54437491013306293918816e-01	 4.50563341945365514185085e-01	 8.19369721102272574597691e-01
 2.90763144323528788248723e-01	 5.96838729678451973548192e-01	 7.47823725659267024568067e-01
 1.28589302713875447414793e-01	 6.39448616926408530680703e-01	 7.58004127652655235181101e-01
 1.91331175675396383817350e-02	 5.41515929843142340693873e-01	 8.40472736939315456794475e-01
-1.61190819434760407302676e-01	 5.65323858272879453679138e-01	 8.08966287923925664316016e-01
-3.31123665309266956846557e-01	 4.58989522016696571693473e-01	 8.24430553140190869321202e-01
-4.45986471544634555108644e-01	 3.28598428703806899608963e-01	 8.32537770826378809019275e-01
-5.56224941618206236704225e-01	 1.91240337521449921265315e-01	 8.08727981231331494171855e-01
-6.50221706289483836194165e-01	 5.29194019282206301602045e-02	 7.57899247637541573219266e-01
-6.00609910124357937455386e-01	-1.04290838601071508828788e-01	 7.92711269532795248515811e-01
-5.35865485469383395766840e-01	-2.59004599753599684675009e-01	 8.03594922077746742772320e-01
-4.56671394799537444519899e-01	-4.08561984643664666272400e-01	 7.90271055952244227960080e-01
-3.53729219693954599623709e-01	-5.53743652987137680021590e-01	 7.53819345673196750112766e-01
-1.99695103315650712705320e-01	-5.65046531396620532738950e-01	 8.00527503005611595909841e-01
 8.97160555122591824028788e-02	-6.40206159652100481594061e-01	 7.62946330043490550387730e-01
 1.24885884199889440893116e-01	-5.03685796148789610704455e-01	 8.54812338870685639591329e-01
 2.58688510692364426191148e-01	-4.14650519177414245142188e-01	 8.72436359502323455217265e-01
 3.92232085909531680290030e-01	-3.18935656131407618829599e-01	 8.62805909826240391424790e-01
 5.18412464748333690067739e-01	-2.12532941780008532983715e-01	 8.28298415459001846627984e-01
 7.34303942438661594316329e-01	-1.49318601320034327617492e-01	 6.62194590297193186323454e-01
 7.28479971027928385751693e-01	 1.34553265033181216475677e-02	 6.84934950195883796020269e-01
 7.02416895961103238121837e-01	 1.74855016143716596177526e-01	 6.89953786566716020800527e-01
 6.58701084897588162725413e-01	 3.29485230422003783079532e-01	 6.76426170168259677240030e-01
 5.98034629956024299524131e-01	 4.73672127392708752768868e-01	 6.46520917762624880431588e-01
 4.43837721021004494303952e-01	 5.34081880970458167112724e-01	 7.19558629868295440701331e-01
 3.83903411176277964411696e-01	 6.74176913382636633365053e-01	 6.30954562824518117025718e-01
 2.34371622555636205387231e-01	 7.24542631758011368425798e-01	 6.48157324502171561242392e-01
 7.82695903560192002279550e-02	 7.56446956928357061578083e-01	 6.49354966547056822179229e-01
-3.90803232712814557769931e-02	 6.62946286137713225450341e-01	 7.47646273333336219835132e-01
-2.03499691455816089646902e-01	 6.86626181118261125213564e-01	 6.97948682196865011206910e-01
-3.27961952060512762496813e-01	 5.91999362619976876587202e-01	 7.36191356006167363368320e-01
-4.65399779848974848306398e-01	 4.79228729521306184846452e-01	 7.44139012361212270896260e-01
-5.73404922470226785513603e-01	 3.45770032888769507373183e-01	 7.42731364116941517039550e-01
-6.80192041567867056173213e-01	 2.06643975850629074697551e-01	 7.03304382065391031630952e-01
-7.67493617702760588805688e-01	 7.45299359507853309558811e-02	 6.36709380669627789117726e-01
-7.25565486846283635991028e-01	-8.01735584401161854861684e-02	 6.83466842520224160395514e-01
-6.69666118913685215474629e-01	-2.34865008703870947748271e-01	 7.04546461821796698998810e-01
-5.95855621106823774013606e-01	-3.84973341184113637680753e-01	 7.04806076430205985516864e-01
-4.99649013929163665626021e-01	-5.28779568698640844992553e-01	 6.86107156795856432118796e-01
-3.85610383143434376496117e-01	-6.65287950593359767026413e-01	 6.39293809767669474197760e-01
-2.33293478012300131707590e-01	-6.82635875992193219552462e-01	 6.92518890663132546947622e-01
-7.40664591129149285642086e-02	-6.80032377161946977039975e-01	 7.29431371443500786710956e-01
 5.58627822856513703286829e-02	-7.58622688808250011938128e-01	 6.49130930999784472312797e-01
 2.14281796407172292484589e-01	-7.04030508353803763377243e-01	 6.77070421031372493558820e-01
 2.48176543972815077943039e-01	-5.72088050027608652214894e-01	 7.81743990087111373377127e-01
 3.85533217224630686548181e-01	-4.79268982932642140237789e-01	 7.88457595825632573394159e-01
 5.15731275636857389166323e-01	-3.77390887677581665649029e-01	 7.69153670749809670326158e-01
 6.33375049785715349415227e-01	-2.66176934814532473172477e-01	 7.26626372822844257548525e-01
 8.27400355426642697409534e-01	-4.22711066885000097403946e-02	 5.60019468750145077429181e-01
 8.10612941767000716453140e-01	 1.18362418221309773080918e-01	 5.73495419853247923036577e-01
 7.76062878064786465515112e-01	 2.76594587591318719077549e-01	 5.66764363210134125559136e-01
 7.21112145161242557023229e-01	 4.28623231259143477878126e-01	 5.44315533239611126781199e-01
 6.42509130146277751549633e-01	 5.73188401086492937963612e-01	 5.08563736948067557364084e-01
 5.21830543995644435817383e-01	 6.04964885831834942031549e-01	 6.01423619642332485391023e-01
 5.04547631261152207393650e-01	 7.10218386488796649125277e-01	 4.90939437488995156222416e-01
 3.53079588777662156662274e-01	 7.81477344909704330078171e-01	 5.14420026225142157372261e-01
 1.99496489929261916485004e-01	 8.27850903739291044125537e-01	 5.24274767353859139085159e-01
 4.52770241745340876193815e-02	 8.53807778652386883955216e-01	 5.18615723049904886465811e-01
-7.98009803462422923070463e-02	 7.71764412447435099728921e-01	 6.30881522328435417890091e-01
-2.34491532007242570179173e-01	 7.93472703812944213375147e-01	 5.61618010502398345984432e-01
-3.54348279524763054570968e-01	 7.07961984044783498859488e-01	 6.10923175158066822376668e-01
-4.73460408688412381916777e-01	 6.08050481379174168061752e-01	 6.37267489755406035811802e-01
-5.89774660895950875172389e-01	 4.90086722358144821765080e-01	 6.41857347027606439660019e-01
-6.86424372202529831099582e-01	 3.54641041618048713512934e-01	 6.34863223731244374903326e-01
-7.89432905917576088761223e-01	 2.15626670214448701301535e-01	 5.74718040561422616185894e-01
-8.31342722239196474376399e-01	-4.23882454885725831750243e-02	 5.54141240862221717833336e-01
-7.86381583443660048260426e-01	-2.02081535428234981832674e-01	 5.83752565955481861337262e-01
-7.21320090544243286423409e-01	-3.54143371983831667382248e-01	 5.95214078342545582778200e-01
-6.34638755038361757065957e-01	-4.98863367817922453983925e-01	 5.90227914328624980733196e-01
-5.28533095118384421695623e-01	-6.32974489759709713077029e-01	 5.65681944804689806893805e-01
-4.09714335584489774966244e-01	-7.58175170280030785718850e-01	 5.07251983128116035182131e-01
-2.61253730218656554651346e-01	-7.82113858102282177853226e-01	 5.65724669261647994389364e-01
-1.04842599290720178695224e-01	-7.85524018073715968313309e-01	 6.09885273148393025621772e-01
 2.14622700138274689896090e-02	-8.56632819527900823963762e-01	 5.15479954482744862076515e-01
 1.79072918863057373162206e-01	-8.15726923996809683004017e-01	 5.50020431617379013111702e-01
 3.31633291387072981493134e-01	-7.49148260651263608878025e-01	 5.73407571982584740588607e-01
 3.67007699511918084045448e-01	-6.25750972815476314004002e-01	 6.88288506746592809726337e-01
 5.03432683687035198438764e-01	-5.28624668248006357451629e-01	 6.83455553138135663004959e-01
 6.28160876435068238343717e-01	-4.21889166789947811508910e-01	 6.53776295273551966147352e-01
 7.35750402466860631278678e-01	-3.08702578107401703899626e-01	 6.02805162170743424887576e-01
 8.24000741739829956067354e-01	-1.93528863974052584007168e-01	 5.32512306356504039328570e-01
 8.95391717722277546975818e-01	 3.76423891618235390010838e-02	 4.43685386701589634661502e-01
 8.72869026918098200873430e-01	 2.04766677317009038183926e-01	 4.42911130710896050466374e-01
 8.28546988228343161964062e-01	 3.61494188982895647832549e-01	 4.27588399783413564136936e-01
 7.62281905638365731014972e-01	 5.07445557635002431062787e-01	 4.01777677793133891626098e-01
 6.71943757747373582311923e-01	 6.39789366798150682669188e-01	 3.73043097451702276856622e-01
 5.63874409877076043784427e-01	 7.46345750705245891687412e-01	 3.53572722774258108024981e-01
 4.27248545265138945925543e-01	 8.23359836313425796916476e-01	 3.73546865218745249848098e-01
 2.78340588128984933735666e-01	 8.79878209061260574408436e-01	 3.85150430636082008462040e-01
 1.20431083746508529874752e-01	 9.14892253097686514173859e-01	 3.85316129028464737782400e-01
-4.51912642394347030538881e-02	 9.28677285180985356838335e-01	 3.68125317827117937152792e-01
-1.06793714409844933688198e-01	 8.60523849060166767799274e-01	 4.98090160273442827953971e-01
-2.20541524758957580010232e-01	 8.91014439193205443068280e-01	 3.96805626228021290913262e-01
-3.54883894156349855020238e-01	 8.17438767528462451039672e-01	 4.53708367798052847330581e-01
-4.76945383978937653690622e-01	 7.24705172258519714212355e-01	 4.97318322609305252246514e-01
-5.92453501420908246188901e-01	 6.16748334791003216537320e-01	 5.18285963717550757223762e-01
-6.96293657537017884884278e-01	 4.94449957809539430986234e-01	 5.20282982323914677813548e-01
-7.80103212067895124270933e-01	 3.59437811739288570755946e-01	 5.12097098227889402366486e-01
-8.72926685766418852807647e-01	 1.22143731412086758991720e-01	 4.72313360126079884171446e-01
-9.08434680469281996550990e-01	-1.56628783044125835521854e-02	 4.17733294775380181729219e-01
-8.78591602881428013205323e-01	-1.70917527083172787749632e-01	 4.45941693814355222258428e-01
-8.26401325435529132690249e-01	-3.20090704986309038115877e-01	 4.63252404094968817105382e-01
-7.51981192940388343259883e-01	-4.62477219667494388044560e-01	 4.69722371994963472374707e-01
-6.58054570937682159481596e-01	-5.96659412543471545653517e-01	 4.59305701130850785318671e-01
-5.47350437040332038485246e-01	-7.17881032975113297922576e-01	 4.30179406255508878231808e-01
-4.32763062781141349955050e-01	-8.27777737989957573816469e-01	 3.57071628641250859992340e-01
-2.90137282113160699381638e-01	-8.59607017957809027564053e-01	 4.20590218865906528833420e-01
-1.37197300812049255425151e-01	-8.71093343460625613161596e-01	 4.71564722629329635683604e-01
-1.91957384821948122410884e-02	-9.30557763673077520394372e-01	 3.65641589663818267208484e-01
 1.39557374531693645369756e-01	-9.03848754266903364751329e-01	 4.04451688862820568637346e-01
 2.93048607353857626378613e-01	-8.51529533071146205180924e-01	 4.34764267201894705205945e-01
 4.38932599884212570895414e-01	-7.74589066354346988951818e-01	 4.55356949044578851459875e-01
 4.79861135474228150954445e-01	-6.61240829097291760163557e-01	 5.76622802702174253042244e-01
 6.14102053755801291501371e-01	-5.56864894506357788195317e-01	 5.59267518133612195896376e-01
 7.33901960075911796721471e-01	-4.42924827286527600378463e-01	 5.14981077681437415805021e-01
 8.32515298987858032297993e-01	-3.23617471860627003987787e-01	 4.49655433479563104715027e-01
 9.01663067284893759989473e-01	-1.48884099683675552583395e-01	 4.06001524573219529923307e-01
 9.50353478290979158948915e-01	-2.27335180462918708121922e-02	 3.10340866560426309472831e-01
 9.41004137781079941227347e-01	 1.42048030841933708989799e-01	 3.07137704642096276419494e-01
 9.07045100804863335675066e-01	 3.00624366220351435519120e-01	 2.94778180231352104900822e-01
 8.49474894785047673906320e-01	 4.51184556595975227999418e-01	 2.73541402751440509977243e-01
 7.67211719961127691647107e-01	 5.91596855112410335841844e-01	 2.47788897603169050443128e-01
 6.59828633941298203779979e-01	 7.17777616784717853448683e-01	 2.22309394030057116964372e-01
 5.25171877761214545010660e-01	 8.22440244373017104173584e-01	 2.18601334040787520507365e-01
 3.81936847605933160743064e-01	 8.94509715715058439933216e-01	 2.32328674365020637626600e-01
 2.32294591549746576308877e-01	 9.42906687243961538769099e-01	 2.38675934872694617272515e-01
 7.95101548609133818024119e-02	 9.68674073818197256535711e-01	 2.35262988985627946592061e-01
-7.28734213503323263738665e-02	 9.72952573406607346129249e-01	 2.19209384749279340143246e-01
-2.18326148235000266906169e-01	 9.43779007189019303325495e-01	 2.48223444876139037740259e-01
-3.58516408307506584396407e-01	 8.86406945128499379471521e-01	 2.92828811086353002490767e-01
-4.83886147395801602399956e-01	 8.06257866359665231748011e-01	 3.40297589312074100220684e-01
-6.00443428028527126372182e-01	 7.06893093285087648069975e-01	 3.73858053816139623837245e-01
-7.09266256034027375854123e-01	 5.89174978862826770331651e-01	 3.87058422377632105337852e-01
-8.03358984539749854114632e-01	 4.51341548047450358271959e-01	 3.88465119367740530087474e-01
-8.66418623500093132427935e-01	 2.74215712870530148315140e-01	 4.17282292539608079540159e-01
-9.32681261819890861097804e-01	 2.00144663987612270172889e-01	 3.00079618313776941285198e-01
-9.56753456813970726280161e-01	 5.00118420495798063352133e-02	 2.86568732644239099194294e-01
-9.48536955814402005238151e-01	-1.17348074460167997590254e-01	 2.94120847399225504581466e-01
-9.10732749541590891340093e-01	-2.70380316840160339619814e-01	 3.12186391724285139392947e-01
-8.49667487812563737570315e-01	-4.14580218274390455146516e-01	 3.25865620724012094999722e-01
-7.67580568432368326448056e-01	-5.49786063615819053929101e-01	 3.29477397128945415083479e-01
-6.68610986560705500281188e-01	-6.74391606728943382442765e-01	 3.13297477525553091926014e-01
-5.62549128025827016585936e-01	-7.77919832279792222706760e-01	 2.79962878080579680162288e-01
-4.74765409322548959103472e-01	-8.60833513567202168736969e-01	 1.83203351580527057373970e-01
-3.31841786719864140220437e-01	-9.08032411193704258600690e-01	 2.55652437516867614419880e-01
-1.78829068227033899374234e-01	-9.31721138723336617104565e-01	 3.16094738983646927898974e-01
-6.12218079701792941560434e-02	-9.76594714999037050162656e-01	 2.06190816635495210995543e-01
 9.78211516270137693140896e-02	-9.64110256551032551719516e-01	 2.46824706031359392133240e-01
 2.52096005429883307513705e-01	-9.26329345204246812350846e-01	 2.79931327756948178375751e-01
 3.98747979102036520515639e-01	-8.64143076354582762022005e-01	 3.07012691513688984468189e-01
 5.35817387000226852400431e-01	-7.78586731663551523396904e-01	 3.26653377551370249776141e-01
 5.82093319306207335195325e-01	-6.77726093413294927714219e-01	 4.49282438924376081867962e-01
 7.08898669883258558677142e-01	-5.68005853530549775776137e-01	 4.18129197967301358129788e-01
 8.13233153961677501797567e-01	-4.60114193487263845039337e-01	 3.56295897042202047710902e-01
 9.48050269213059570994062e-01	-1.90158614238931850115577e-01	 2.55030171696947471904338e-01
 9.84018611707424994961002e-01	-7.04226958443505829388087e-02	 1.63548206114913163844449e-01
 9.83478772599074790861096e-01	 8.43183703816934998487298e-02	 1.60187128893656965944459e-01
 9.59418163745544005927002e-01	 2.38237796479801616778005e-01	 1.50862650790635544062468e-01
 9.11438882417269446989394e-01	 3.88830795724851130401589e-01	 1.34498237586735569504270e-01
 8.38607149552094255362533e-01	 5.32641697757194831908123e-01	 1.14152838468627046419890e-01
 7.39478898390052652445092e-01	 6.66794098714145078155013e-01	 9.25018310944444310806034e-02
 6.11480914447423029578488e-01	 7.87184793139800498273928e-01	 8.01947175067848350149546e-02
 4.65920394466525278343028e-01	 8.81301772868359312163022e-01	 7.89010212813779504559264e-02
 3.14350305108503369488915e-01	 9.45477396387506718866689e-01	 8.51843800147204094352915e-02
 1.57321183145741200215539e-01	 9.83895221056149682503644e-01	 8.48542239166346357048809e-02
-2.76158201365435526306036e-03	 9.97193473648075201509755e-01	 7.48167747130798893584469e-02
-1.70149420741277201951647e-01	 9.81700810527209699607454e-01	 8.55142867106298554258359e-02
-3.24643957114144343645279e-01	 9.37905271878903934457128e-01	 1.22229301278494198457203e-01
-4.64116719483238460153274e-01	 8.70020011024861261716978e-01	 1.66315516751797481953545e-01
-5.88314210159829431567857e-01	 7.80804662018244610699469e-01	 2.10310413186297312515549e-01
-7.01595977519932412214132e-01	 6.70604015163140609878667e-01	 2.40942605561832251526155e-01
-8.04688244589988332933217e-01	 5.36228299981605038837529e-01	 2.54825507588076427545332e-01
-8.86124072462919243342583e-01	 3.69090010531079870670368e-01	 2.80279668060133324569705e-01
-9.45590126090451232876433e-01	 2.86098539965015274955107e-01	 1.54941727336864176756137e-01
-9.81173970898773228910272e-01	 1.28200365097060287045139e-01	 1.44437893988086180074859e-01
-9.87695259194361963039910e-01	-4.30815352128553000210509e-02	 1.50339802742606221119814e-01
-9.65899809503080630790350e-01	-2.07607613684636954642926e-01	 1.54714694654655232630702e-01
-9.17486455751762020049966e-01	-3.60190231035870223053053e-01	 1.68764928164582939107419e-01
-8.44957787711896335380857e-01	-5.03037995180487196300589e-01	 1.81656578162790766084456e-01
-7.48329815572871703821534e-01	-6.37438100263396312250563e-01	 1.83507916606516302548968e-01
-6.24538350566880562375616e-01	-7.68959246462639356423097e-01	 1.36577911650494487894036e-01
-5.26854791365062635755123e-01	-8.49537089916989729410091e-01	 2.66601138603959932071863e-02
-3.72826747438599448436491e-01	-9.24143791325227392796648e-01	 8.34174403190924979023535e-02
-2.20472479771716717289465e-01	-9.63710872211793634356525e-01	 1.50509934702312636600752e-01
-9.92981209364661027150234e-02	-9.94119301614140638001516e-01	 4.32052929245957811899004e-02
 5.90880210161653790512659e-02	-9.94768711693856722000362e-01	 8.33295626253836851926593e-02
 2.13292500059948902935147e-01	-9.70045025416607642476663e-01	 1.16271054362941161919309e-01
 3.60201719944741149959100e-01	-9.21496193709626765233622e-01	 1.45256620942111724925638e-01
 4.96966810450712115354577e-01	-8.51001651248263879523392e-01	 1.69765069679173069561173e-01
 6.20491609221507145477403e-01	-7.60613267126085124125723e-01	 1.90938787985802993496520e-01
 6.73058557257934286788270e-01	-6.72893318839981380286019e-01	 3.06931197440702574485982e-01
 7.81380394278536782870503e-01	-5.74685295734176704307572e-01	 2.43272461047361970853942e-01
 8.94911522245822377286117e-01	-3.25190064252125488053480e-01	 3.05589249587356115434034e-01
 9.40807167831850699180052e-01	-3.09491983212547339121556e-01	 1.38190395047472602829686e-01
 9.82007623359378745142578e-01	-1.80444598175423659425221e-01	 5.56845997864285763290226e-02
 9.99811672955829844333664e-01	-1.50537215850708554210069e-02	 1.22476155926020454506320e-02
 9.89396473172435397813729e-01	 1.45211035025796353359340e-01	 2.89381766584060912822496e-03
 9.53388994331900163636817e-01	 3.01648994904504252900779e-01	-7.57029457225163928540956e-03
 8.91186516934027839198507e-01	 4.53007467394903495794267e-01	-2.38919760474317378895481e-02
 8.02586052424509754921189e-01	 5.95206261643737355448991e-01	-3.98137483004186928936541e-02
 6.84877884618773968838923e-01	 7.26753342221577613990746e-01	-5.26484826930441185410814e-02
 5.43710662931180754853244e-01	 8.37045307084757994608992e-01	-6.11053917614433825256093e-02
 3.90483608434551987542704e-01	 9.18343166230683349837705e-01	-6.45629969977788847890210e-02
 2.32126852870107813764378e-01	 9.70509080613971897300019e-01	-6.50326734991157756615721e-02
 6.95389137246491401134207e-02	 9.95049067844182899555960e-01	-7.10048734976595485868245e-02
-1.00404964342564281820636e-01	 9.92847285788302613696032e-01	-6.45996148453601565231352e-02
-2.68757813598185124615014e-01	 9.62265311104485654425389e-01	-4.25993975885904652134428e-02
-4.21716459877012284085396e-01	 9.06707034203064088373480e-01	-6.13038298020864794862783e-03
-5.58236387138022704945683e-01	 8.28896501873111590796839e-01	 3.60932854919919707259446e-02
-6.78580792764209128620223e-01	 7.30432568938130466484893e-01	 7.74362313516150230219282e-02
-7.85086546348365499348176e-01	 6.09251723461369465439930e-01	 1.11586075305778784083621e-01
-8.80499461787467518902872e-01	 4.53122927600522362734381e-01	 1.39284996588692117081010e-01
-9.32003065246685080680322e-01	 3.62198939714278245194379e-01	 1.34986829222825451685130e-02
-9.78006998972007046688759e-01	 2.08564630100096320974856e-01	-1.76211037649983098644924e-03
-9.99356471549952329880284e-01	 3.50177285540435936916914e-02	 7.77183750118846591870003e-03
-9.91438888277916374747178e-01	-1.30514656503663090125755e-01	 3.85425063794830663130297e-03
-9.57515477993790220523351e-01	-2.88288587582435973377670e-01	 7.33482597256762507142991e-03
-9.00231520141114849309361e-01	-4.34952577860313160940109e-01	 1.99866244545119503550623e-02
-8.20928221618047793128881e-01	-5.70045688115376814053548e-01	 3.35375671761708044060768e-02
-7.19536832010785110114170e-01	-6.93276761438398669845640e-01	 4.04237483339805192539274e-02
-6.34237321607882154061997e-01	-7.70624583982748134758367e-01	-6.22958300456498345609724e-02
-4.18163830584011853019888e-01	-9.05010015210183982325987e-01	-7.80761369470104882317685e-02
-2.59116523451232483310491e-01	-9.65685659640325599895050e-01	-1.76021032713783824596998e-02
-1.33358673324625948142241e-01	-9.84245774430000275323493e-01	-1.16084967871748184764513e-01
 2.66824322713835951348393e-02	-9.96454989059270435092230e-01	-7.97840998380772020714957e-02
 1.84325335340457724386809e-01	-9.81706295403524387133132e-01	-4.77170862135971388107158e-02
 3.37548763992243150422468e-01	-9.41143622838599203106469e-01	-1.75929848958475791576017e-02
 4.83407183295445186388406e-01	-8.75330773307942067162912e-01	 1.06551601810652481899799e-02
 6.19735452503144434999172e-01	-7.83963908496558503635754e-01	 3.64494044604682584931332e-02
 7.26410172025999112399575e-01	-6.85826471995552799931772e-01	-4.43881998654105935919745e-02
 7.29030504769523690633548e-01	-6.73922947661679816455660e-01	 1.19759691593150627286768e-01
 8.24324533088261590663137e-01	-5.61300059481208979406119e-01	 7.36974041280351044314045e-02
 8.72562701177103550165270e-01	-4.49121319402192464842472e-01	 1.92157156965205494492110e-01
 9.55827440680209083900820e-01	-2.89169565639208647755964e-01	-5.26769964097519513557266e-02
 9.85724287410113753082896e-01	-1.30161970204379057181043e-01	-1.06796492088166466993826e-01
 9.89294417216366683831552e-01	 3.59656443557815203027062e-02	-1.41432063163212773382327e-01
 9.68321899060267887726638e-01	 1.97683339560378201760216e-01	-1.52558175987301730680556e-01
 9.20937060481522240529273e-01	 3.54763352002822163200335e-01	-1.61300634553541155646883e-01
 8.44468978734767894422930e-01	 5.06054947716753522612976e-01	-1.75443819629111125157905e-01
 7.41558719743585892381077e-01	 6.45341024367201643308078e-01	-1.83372919050073412972068e-01
 6.10453062073062158177095e-01	 7.68167080413051484022446e-01	-1.93045060996935968766763e-01
 4.61721444462823427112852e-01	 8.63408941083567027519052e-01	-2.03318243598840625585566e-01
 3.03544003155783725933503e-01	 9.29363477406882521059117e-01	-2.10106080374530129750710e-01
 1.41900167560134543576211e-01	 9.66042216776410112011320e-01	-2.15932345543981524249588e-01
-2.70678717405581151234095e-02	 9.76985631868023451929162e-01	-2.11580730320309662317868e-01
-1.98372713733333150276650e-01	 9.60421350315944111208921e-01	-1.95548194323987289955369e-01
-3.62355760396704085213315e-01	 9.16490593430191569090937e-01	-1.69538476639675417256825e-01
-5.10465354421655970185157e-01	 8.49348356380493108019891e-01	-1.34285112536453088427635e-01
-6.40921281641409046336832e-01	 7.61801705230629067067127e-01	-9.42235249119845047482968e-02
-7.54406949006077631736389e-01	 6.54393056527948324685440e-01	-5.13797903786216772492601e-02
-8.51265670876693802959778e-01	 5.24707743274055116167176e-01	-5.34244654639471662493921e-03
-8.95042326274959609833104e-01	 4.28680419500600928817136e-01	-1.23013544429455431994391e-01
-9.45935838491793856697143e-01	 2.85705722604803702413534e-01	-1.53550088009399121613541e-01
-9.85171669843465602767196e-01	 1.10220376156855523475109e-01	-1.31484788541029601338650e-01
-9.88146309140443546148447e-01	-5.46856487505428187634315e-02	-1.43444594017521770412671e-01
-9.65373756255271220361180e-01	-2.15251153436606751379045e-01	-1.47378599795895515178756e-01
-9.18725963881727336612926e-01	-3.68841634072753998818683e-01	-1.41061873885653138449570e-01
-8.49545194732494790557098e-01	-5.12140726048121774915955e-01	-1.26431162415879982940936e-01
-7.57233953631073486434389e-01	-6.44232518964357514512642e-01	-1.07523025334539168440529e-01
-6.64950912720015274715024e-01	-7.14697372119957319291927e-01	-2.16905394026165598830858e-01
-5.32897353960451236609686e-01	-8.29706584936864111057275e-01	-1.66154726247423251139779e-01
-2.99860271733501049240544e-01	-9.37436005050487075607180e-01	-1.76911146824880266548163e-01
-1.73946003927098996610923e-01	-9.48054184516177622654709e-01	-2.66338226582589987501137e-01
-1.60743189233178256081214e-02	-9.70484404651283605325318e-01	-2.40627589024606958201247e-01
 1.40327851988277296779728e-01	-9.67332548000082392825050e-01	-2.11129902041431866122068e-01
 2.94957661461486386755837e-01	-9.38318865938247648195158e-01	-1.80437478838328280161818e-01
 4.44537830835826319741955e-01	-8.83250706467028412482989e-01	-1.49178773561366523336957e-01
 5.86861293744702527952484e-01	-8.01677403086836992684994e-01	-1.13609697139984935909673e-01
 6.57732600753082596867216e-01	-7.18599940374244017249339e-01	-2.25836116688006904862362e-01
 7.64575397136368573036691e-01	-6.18799775662694173661293e-01	-1.80308900871708865931708e-01
 8.42409064705163079800343e-01	-5.32910312480417203140348e-01	-7.97092626649922308956775e-02
 9.05943791409075105391935e-01	-4.22675380216158413926308e-01	 2.47258926325451440508818e-02
 9.44771418875789859015413e-01	-2.44417086082125450952063e-01	-2.18328317234732227625216e-01
 9.61036380030631409709940e-01	-8.12266116122317555214849e-02	-2.64218307131840968171588e-01
 9.52517244910781490929708e-01	 8.41218835376320306362885e-02	-2.92633570968293843517216e-01
 9.21136902475665597656018e-01	 2.45147453877428367352564e-01	-3.02340094520971769398443e-01
 8.63443599254186122671229e-01	 4.00725973567733484426157e-01	-3.06404707886756499934933e-01
 7.72741889747480814598646e-01	 5.49534062411507151502121e-01	-3.17619719285497481564562e-01
 6.60826968692411864658709e-01	 6.78788888540350132672074e-01	-3.20239538850146610027281e-01
 5.22760162266872385750105e-01	 7.84747686353845841367161e-01	-3.33005828040590257099751e-01
 3.69135518463647949172213e-01	 8.62933854040658809836373e-01	-3.45085688719641292543372e-01
 2.10628845248976098725180e-01	 9.09982426829852752980798e-01	-3.57165889202671171798187e-01
 4.64683108775229974929388e-02	 9.33829057179372146180185e-01	-3.54688578969882872815589e-01
-1.23498841026241493179505e-01	 9.31662079841598989027318e-01	-3.41692559547908891737222e-01
-2.91413201308565072977785e-01	 9.01065184897818394205160e-01	-3.21185115888258543304090e-01
-4.48051057096906013565984e-01	 8.44179868189364746022818e-01	-2.94296789615741849477359e-01
-5.86886921950733220221252e-01	 7.66136676771698388321852e-01	-2.61912835402185240063488e-01
-7.08416934256836494654408e-01	 6.70353753824046161291506e-01	-2.20842233262017156869561e-01
-8.11629782308841973836877e-01	 5.57993722939957748074846e-01	-1.72916458525230215537150e-01
-8.62997622650433449109642e-01	 4.25151369001222800836359e-01	-2.72912837250442463776778e-01
-8.90591484916890774314879e-01	 2.92477419115602876864557e-01	-3.48286902281729982000513e-01
-9.47415391391557837330595e-01	 1.77938797022525962976403e-01	-2.65973420981416630581862e-01
-9.57983063219741692861930e-01	 2.01714180521016701874704e-02	-2.86114600252919404343999e-01
-9.45155456474719990467293e-01	-1.38400237593142988457018e-01	-2.95848842029549807808309e-01
-9.09032919907052039398820e-01	-2.94450846931954390850450e-01	-2.94886163233058495869443e-01
-8.50076045973994665061468e-01	-4.43906671266545815868199e-01	-2.83403569607501015781281e-01
-7.68733423356923295521881e-01	-5.83690332077756890427622e-01	-2.61446973692378792364366e-01
-6.67320366499374872937267e-01	-6.43635108980262105049519e-01	-3.74723064332990352109931e-01
-5.58473684411983972708526e-01	-7.65656966803566985113605e-01	-3.19181066174773875321335e-01
-4.14971452367641491232320e-01	-8.69824619134935361763894e-01	-2.66840449832207671221340e-01
-2.79774734437857108826364e-01	-8.88545267314686082471553e-01	-3.63611614092426149724702e-01
-9.02782349367267783479818e-02	-9.15287508218929679593145e-01	-3.92553967748502208312544e-01
 7.20253231275538585709484e-02	-9.25331634602910124698383e-01	-3.72254911091147278057178e-01
 2.30455797805868223271375e-01	-9.10989227478739116428130e-01	-3.42036186207470060960389e-01
 3.83401538128958330187146e-01	-8.69883507629515828618594e-01	-3.10331989512069417180840e-01
 5.27158806289258929922426e-01	-8.04205359405559150332010e-01	-2.74512901072169912541909e-01
 6.05776459516858323262056e-01	-6.96706606152282414967658e-01	-3.84232723800288278326320e-01
 7.25900257718914310167690e-01	-5.98583661190773885785177e-01	-3.38771923864807367188234e-01
 8.30021183038442855739447e-01	-4.94021582053994823269250e-01	-2.58858092731001188102624e-01
 9.04127386231882157474615e-01	-3.98008989547546598863903e-01	-1.55378614052404800949247e-01
 9.05604916089031930503950e-01	-1.94830155990115883035685e-01	-3.76723965619715384089972e-01
 9.09135789667559479632075e-01	-3.25513627837429597722263e-02	-4.15225871937749457796230e-01
 8.89838250121699148031951e-01	 1.29898665458437423403382e-01	-4.37394816307268563537747e-01
 8.48995739698114371130089e-01	 2.87697577506900614707774e-01	-4.43211391856203007488801e-01
 7.83396062574608254003294e-01	 4.38682573496540439972335e-01	-4.40281965168973221658177e-01
 6.78290327398179182516458e-01	 5.77574821488959000426178e-01	-4.54235134418362884733966e-01
 5.68706690973333262029143e-01	 6.84388340915929482832780e-01	-4.56273271691979509512294e-01
 4.24891534044285146265452e-01	 7.74172474092686524471674e-01	-4.69173917278766727800843e-01
 2.73094364862177585440151e-01	 8.28328343253011745161984e-01	-4.89174430693433470729303e-01
 1.14695238644682451223389e-01	 8.61955681700126263855566e-01	-4.93839452673751067024455e-01
-4.75948665949760194027185e-02	 8.75480709004931578753883e-01	-4.80903583719261673579126e-01
-2.15492703723528661319264e-01	 8.60003561378643643919872e-01	-4.62554611973519436141089e-01
-3.77641401177215951801003e-01	 8.14320952274169118645375e-01	-4.40758844272238492489890e-01
-5.23097087118859160881357e-01	 7.43091651821459864279973e-01	-4.17353848000733274048457e-01
-6.53794951274885405290149e-01	 6.54023469022210868217826e-01	-3.80533130825192966728565e-01
-7.67146589765912434444317e-01	 5.47918516426682211672983e-01	-3.33573693757937661530377e-01
-8.05913462330852925497027e-01	 4.09149857340321332355160e-01	-4.27901724081934276000538e-01
-8.31848036508714638870288e-01	 2.48543951739691126867626e-01	-4.96240615236413495914292e-01
-9.02599540895584917521433e-01	 1.26422451139287794763533e-01	-4.11499006831139158002486e-01
-9.01001280915757707390412e-01	-3.84744813280134823063605e-02	-4.32106938239487592401389e-01
-8.76137954031670718180180e-01	-2.00901591157693626410463e-01	-4.38201821282734216289612e-01
-8.27920768176319099573846e-01	-3.57846425060546424745667e-01	-4.31848512436618925391940e-01
-7.57412772274890455648233e-01	-5.05815656555292925133926e-01	-4.12887895170593655080893e-01
-6.44567611843943732985451e-01	-5.56442416877999002089439e-01	-5.24313294186563916277066e-01
-5.49522884194695970805356e-01	-6.86239907581693397986555e-01	-4.76549461219516690135833e-01
-4.39330303670937172277888e-01	-7.98350006783425159007095e-01	-4.11856954470004699153662e-01
-3.11953873056520170070627e-01	-8.10547303411044195442514e-01	-4.95679180537292207731070e-01
-1.63176778330103605663126e-01	-8.43945089115311852800971e-01	-5.11008831207403591001537e-01
 1.10743065012278087307085e-03	-8.54592332702774570840631e-01	-5.19298294319349484915449e-01
 1.59092231557219493387478e-01	-8.54836737418555592249447e-01	-4.93906685739060991036098e-01
 3.16070705427916764929108e-01	-8.27938823465497297782179e-01	-4.63267324305165650866201e-01
 4.66629739977794999461480e-01	-7.73763521951504995577409e-01	-4.28423502933089006550205e-01
 5.41028443352378540787129e-01	-6.54137496906847082378533e-01	-5.28575783236563845335354e-01
 6.69618748903376137526777e-01	-5.61176806803368677378785e-01	-4.86509324291993339173246e-01
 7.85305214477754254254194e-01	-4.59027166508533535083103e-01	-4.15439262132499598223490e-01
 8.78640029068226136033104e-01	-3.50955356619284064567665e-01	-3.23762315563776048588096e-01
 8.39210277611256660890149e-01	-1.46310046788061948186410e-01	-5.23755171965406884915240e-01
 8.31010244927841590367734e-01	 1.56224081386594007558877e-02	-5.56037690439162735067669e-01
 8.01603544540175683152938e-01	 1.75161105356173379954399e-01	-5.71620804861955877917978e-01
 7.51939133936658121726282e-01	 3.27519184190228240804998e-01	-5.72117752601643991816616e-01
 6.81515441455160631001320e-01	 4.69250714560646764450524e-01	-5.61551840832616444565417e-01
 4.78716896823051407672267e-01	 6.61820020822104226887461e-01	-5.76909345335241963148576e-01
 3.33809944868587893385126e-01	 7.21083717710989668958632e-01	-6.07131940157103033861574e-01
 1.81303434617026026920428e-01	 7.62922344897870918778437e-01	-6.20546984725253714110238e-01
 2.39273572233356518479397e-02	 7.86774403416145462486497e-01	-6.16776717869177981690143e-01
-1.34482352656686149350307e-01	 7.93350090423362352964887e-01	-5.93725636004683199331566e-01
-2.98771437623839009045668e-01	 7.62804834185952906899786e-01	-5.73467011259344627838175e-01
-4.46074723990417087993166e-01	 6.98435379399167333147602e-01	-5.59647533203189162520630e-01
-5.82415392782608343225093e-01	 6.17695236809849168579944e-01	-5.28436282509352595049279e-01
-7.02069928990191605144844e-01	 5.19629766643655233160359e-01	-4.86911409216879864647609e-01
-7.37910417988801969890744e-01	 3.65307898956391541300803e-01	-5.67484232365674245990306e-01
-7.52531992837925600703386e-01	 1.98266305970088846377664e-01	-6.28001649418499008348249e-01
-8.34028253072083503028011e-01	 7.61479137050325716185029e-02	-5.46441550685798027586770e-01
-8.20184527192936996264905e-01	-9.30595056074492998909875e-02	-5.64479645132927476680607e-01
-7.83253425810026215891924e-01	-2.57302116965271387982739e-01	-5.65959090007438270220064e-01
-7.23448060324468178450275e-01	-4.12235906772625115834785e-01	-5.53790990519091419486131e-01
-5.98009762129568578359340e-01	-4.56683025393642749723000e-01	-6.58653883853307586804249e-01
-5.13482279717853540290662e-01	-5.91992005004951304947269e-01	-6.21193540232007013202065e-01
-4.16853254943489459627415e-01	-7.10700859215804170432307e-01	-5.66690085102021234852998e-01
-2.55369915973808259135325e-01	-7.37862136482136277138011e-01	-6.24776498887039899443607e-01
-9.30214651518543184094412e-02	-7.65366036184025544386600e-01	-6.36837371451264067090392e-01
 7.42930109801897553545302e-02	-7.67393321934164762687658e-01	-6.36857941750234135547259e-01
 2.32535893852763936306971e-01	-7.61849362419585673933398e-01	-6.04576386448368641168827e-01
 3.91517303669660421405752e-01	-7.22150728123027163540826e-01	-5.70274080419775564188001e-01
 4.61307619016367798092659e-01	-5.96285156226838863879891e-01	-6.56992612668501729800141e-01
 5.94942511749748215166278e-01	-5.08705443313206773225943e-01	-6.22303928684701856965944e-01
 7.19581791336583176388331e-01	-4.12713676369636017771114e-01	-5.58452743671560503102569e-01
 8.24109546145803117944695e-01	-3.06434282418733050512571e-01	-4.76383759704164022608097e-01
 7.48088515324208613854751e-01	-9.05023708986293778933074e-02	-6.57398580848596369996528e-01
 7.27534995054080035892241e-01	 7.40132349839635744759292e-02	-6.82066618461032891929108e-01
 6.85080257460691011139886e-01	 2.35121294931084051649250e-01	-6.89480251716844683151919e-01
 6.20546230123139697099077e-01	 3.86953831087037070091128e-01	-6.82047732117792571138182e-01
 5.61717901765951821424494e-01	 5.42432299187649236138498e-01	-6.24692083857044666572733e-01
 4.07828550751934471030324e-01	 5.87139450742479640510396e-01	-6.99244691487462266543673e-01
 2.54052193086555688772421e-01	 6.37975400530326197667819e-01	-7.26942137660268716814471e-01
 9.65669185988892453398336e-02	 6.71983476670671597830165e-01	-7.34243173147638095166201e-01
-6.10479523166947563028728e-02	 6.87855165652823452582254e-01	-7.23276170354495540060213e-01
-2.12584928291878721973163e-01	 6.90256628004638828066675e-01	-6.91630996817524601461002e-01
-3.53883759326961921942711e-01	 6.34736222757058321519708e-01	-6.86932465679646830913896e-01
-4.96625426494712363112427e-01	 5.62697063044847234358770e-01	-6.60859441182198970032857e-01
-6.22457866828984629492538e-01	 4.69939518351425278286371e-01	-6.25861848265526043988416e-01
-6.49111966673223017565419e-01	 3.16114510310590568487044e-01	-6.91899755089359969062457e-01
-6.54215842419746396174673e-01	 1.44116560370153745651578e-01	-7.42450031014948108598617e-01
-7.44029104078268388455797e-01	 2.31220834516677291314846e-02	-6.67747004142544842153484e-01
-7.17353535158095412249679e-01	-1.47937658273146588339131e-01	-6.80821823137919945878593e-01
-6.67185669108760093237720e-01	-3.07874246678123686393747e-01	-6.78289562921525313043958e-01
-5.28876761482204971187571e-01	-3.52168780913172052571269e-01	-7.72182958186869994321455e-01
-4.50472859844048778565906e-01	-4.95013428205694605566123e-01	-7.42991190015043101446679e-01
-3.58208517334400844411846e-01	-6.24193355777435177067503e-01	-6.94312114767123178538100e-01
-1.89699839361834515782945e-01	-6.48899741979221511556375e-01	-7.36846724770758410016924e-01
-2.30134186667567859629902e-02	-6.67864469280309402954288e-01	-7.43927034885948579301385e-01
 1.46506385315070902786161e-01	-6.59181452395300238045195e-01	-7.37574194152652462541653e-01
 3.01677420217323077888949e-01	-6.50518116024767056870814e-01	-6.97005677777884691259658e-01
 3.68237887998276613998883e-01	-5.25024590754904707523565e-01	-7.67300486735941977833875e-01
 4.99279527314037629981414e-01	-4.43650655585838549210820e-01	-7.44240585700166712435077e-01
 6.33554345013331521307975e-01	-3.56243423138848380737898e-01	-6.86803840543312671407250e-01
 7.46397919890889993688177e-01	-2.53742531833316575795578e-01	-6.15227496720823552323054e-01
 6.35248472793276341974433e-01	-2.91829541435257577841611e-02	-7.71756265281511755205202e-01
 6.01850916810075409202341e-01	 1.37595340384813080714110e-01	-7.86665746196730686357057e-01
 5.43683568733838162856387e-01	 2.94614534889043100385209e-01	-7.85881958643249833862399e-01
 4.82934837950336925960215e-01	 4.51730620674215488374870e-01	-7.50142245603572233036971e-01
 3.20789381015038010946938e-01	 4.99363887576245057964286e-01	-8.04816675282469473629021e-01
 1.56314477099883497590582e-01	 5.42274935106276778640222e-01	-8.25532360967438649801409e-01
-1.33037548514283628098287e-02	 5.68122036833438648351091e-01	-8.22836776870770503222730e-01
-1.89111236297689971896929e-01	 5.75570619286797424685176e-01	-7.95584943623100393494951e-01
-3.79590721130052710652336e-01	 5.07103157487834410588334e-01	-7.73794076029168831354355e-01
-5.14497734126946548727233e-01	 4.15688712618967337597553e-01	-7.49996650512136375787975e-01
-5.45017570580288324144647e-01	 2.61956585401801111956388e-01	-7.96451250939685162499870e-01
-5.40415582100877256443994e-01	 8.32294227256818869298272e-02	-8.37271677423355731306742e-01
-6.34619697744473798550757e-01	-3.39676377759794353994316e-02	-7.72077741434522124563955e-01
-5.91099499506340775312196e-01	-1.98174639327247575915081e-01	-7.81874794331463784935465e-01
-4.44699999206753737723830e-01	-2.38417351966484974967742e-01	-8.63364973222102816130530e-01
-3.73219230458673001393777e-01	-3.86713715611259667426225e-01	-8.43302975314311309418258e-01
-2.87284937217547553522934e-01	-5.24231421355633164793630e-01	-8.01653779203567840028199e-01
-1.17403198864062308093281e-01	-5.43428147489178670070942e-01	-8.31205352132049823943305e-01
 5.05686280778730526397347e-02	-5.54371095161516835858606e-01	-8.30731907840153938060723e-01
 2.21982339342297413375960e-01	-5.29949106166649586135975e-01	-8.18460619634989061665920e-01
 3.49522225500352223814815e-01	-3.94507298841131115452185e-01	-8.49822455011842836647418e-01
 5.23437419399582326562381e-01	-2.98909016126409854408053e-01	-7.97913947772970977290186e-01
 6.45731258548011943787515e-01	-1.95788527973278836391557e-01	-7.38036580426781774200151e-01
 5.04674423546615180669050e-01	 3.64093272106986790004335e-02	-8.62541643696091986370789e-01
 4.51925951602871245338378e-01	 1.96188739515391563639213e-01	-8.70214291284164720430283e-01
 3.92786576215199911832343e-01	 3.54377486913055650408211e-01	-8.48607861331915680480620e-01
 2.26412166434583644880618e-01	 3.97853548522442368451379e-01	-8.89072598170981165388582e-01
 5.98560526347432161897721e-02	 4.31343984749408437817664e-01	-9.00199766598219652813384e-01
-1.04256579267466939486830e-01	 4.49002646654569237405497e-01	-8.87427286585576458044500e-01
-2.62124603712419357304242e-01	 4.48630980471537987863684e-01	-8.54412626012603815262025e-01
-3.88335609230526013213591e-01	 3.47696535015913021915424e-01	-8.53406453069980197589928e-01
-4.32669611668348386146477e-01	 1.98455756807610878000858e-01	-8.79438638978683351332677e-01
-3.99088027048545235242472e-01	 4.08097912058535128299042e-02	-9.16003988860438544961085e-01
-5.01159922511627664576395e-01	-8.13322733712702333752631e-02	-8.61524110734226855612405e-01
-3.49723671580647266221575e-01	-1.14558047560956707822122e-01	-9.29822460083199686664557e-01
-2.84532777002594050586026e-01	-2.66258038621975723359014e-01	-9.20949377371183541818311e-01
-2.07320237661135498008491e-01	-4.09752403870224379822673e-01	-8.88324989279657195595519e-01
-3.85411841948401778790156e-02	-4.23192026079201311095090e-01	-9.05219910399589156035915e-01
 1.29525087517333964415300e-01	-4.29051183364320409818760e-01	-8.93945375152924714967639e-01
 2.27830846215518051378623e-01	-3.15985623057802755830892e-01	-9.21002818417779534065915e-01
 4.03430148812089994780905e-01	-2.46570130979087337452782e-01	-8.81162462624464404292723e-01
 5.26914674290699602821064e-01	-1.34865807084026845252822e-01	-8.39149652980146321112898e-01
 3.49563629017579480251499e-01	 9.03721103659901048299474e-02	-9.32543913677022384689508e-01
 2.92266842704022311583145e-01	 2.48402504437855914387612e-01	-9.23513014767427753426432e-01
 1.22196126858757081468099e-01	 2.84655757201382586529803e-01	-9.50809763555689468894627e-01
-4.62305535764285374655813e-02	 3.06198267157747727740258e-01	-9.50844549390492899121341e-01
-2.14588045401450711047175e-01	 3.15974023094405753742109e-01	-9.24182009941938220620727e-01
-2.94143738578075186751448e-01	 1.81550264900607660756293e-01	-9.38359719068243225414960e-01
-2.45890845102363336804885e-01	 2.46994628384831563239210e-02	-9.68982780461209225464358e-01
-1.91354271465971892407509e-01	-1.31430183992477078724903e-01	-9.72681679444735269868261e-01
-1.17966636347010739305219e-01	-2.82266817182277751641095e-01	-9.52055311747567967195494e-01
 5.26914458822876768939736e-02	-2.94654011697204065711730e-01	-9.54150210879596283319870e-01
 2.81602767633533646041144e-01	-1.72734927114004566117700e-01	-9.43855140482931287415624e-01
 3.97230463938308631099972e-01	-6.89910906917165223095623e-02	-9.15121952487494283445812e-01
 1.85224533063941571020550e-01	 1.33133702874008441607856e-01	-9.73636117607754036917811e-01
 2.13509425487292750500679e-02	 1.53667974413289831758789e-01	-9.87891841697256634091673e-01
-1.39197281850160892169299e-01	 1.67676751721621997148759e-01	-9.75965482820787433304588e-01
-8.65715827361416834229146e-02	 1.13591753610626476633794e-02	-9.96180872230377878473462e-01
-2.95987534430117854578057e-02	-1.44550767827370363338702e-01	-9.89054593698010853231040e-01
 1.30594516585148451293108e-01	-1.58978143378724900980359e-01	-9.78606673881669886227996e-01
 2.36739865139320826425973e-01	-2.06403086189698888042177e-02	-9.71353804704511492040808e-01
 7.53906352069111523883649e-02	-2.49813947885596260994889e-03	-9.97150947160079015318956e-01
