 1.11773346192610232435749e-02	-7.24723677722919346066988e-02	-1.64950443196405401036220e-02	 9.97171367726320090341119e-01
-1.73651544924615292009307e-01	 1.99482076168955302364338e-01	 4.44850331612825389271393e-01	 8.55663616555347505965301e-01
 2.23497911232856588670259e-01	 1.45792875012131034617724e-01	 1.99039659678795971542442e-01	 9.42961470657839861964078e-01
 1.33408431201599616405806e-02	 4.27970231169543247062848e-01	 2.17960918418151267106353e-01	 8.77015701786374557435977e-01
-2.05978736895372549486893e-01	 1.88882931851976160197992e-01	 1.11387012975358273836335e-01	 9.53671291033978851814368e-01
-4.30932367152783823982531e-01	-4.03343761708988765568584e-02	 2.89779344152751749952301e-01	 8.53638310258744037462009e-01
-6.55603342504709196703061e-02	-1.08048973012803598003906e-01	 3.07609356506677034115427e-01	 9.43082046162152742851958e-01
 2.01574113044718089549079e-02	-4.26246925221460737365220e-01	 1.00859210018778663875416e-01	 8.98740595090229965613560e-01
 2.82091649303922331615269e-01	-1.02481001317751771462206e-01	 4.48623711054475904358441e-01	 8.41818692855898609295195e-01
 9.50520305009401045293060e-02	 2.94086301183562603966948e-01	-1.22672010312234291973255e-01	 9.43095931938938258909388e-01
-6.88379912231973922764894e-02	 5.84524065631442546475682e-01	-1.44547655363217425472655e-01	 7.95423738010779146634377e-01
-2.54281756613975451486453e-01	 2.45258233649299522971532e-01	-2.25728370373536629811539e-01	 9.07874380015783799535711e-01
-3.45908756529567151805082e-01	-1.07873697881869484715978e-01	-6.56335613648482835147391e-02	 9.29732559978420192159376e-01
-1.56602312071143473515278e-01	-3.51344936105841942897143e-01	-2.22860693802581999456436e-01	 8.95748604734936781923693e-01
 2.02310531284831396359181e-01	-2.85816201190996821424051e-01	-2.21192626597769365082158e-01	 9.10194138635696092798355e-01
 3.45328961700079817287445e-01	 4.90253704433211909274881e-02	-1.46590041320171088345958e-01	 9.25665047978906030401447e-01
-2.82065731242380386689650e-02	 1.36362963267538401385126e-02	-3.57654854742833261393997e-01	 9.33328155331209718958974e-01
-3.62866818184534242752726e-02	-6.21735862235648847895497e-02	 6.34686263687649909748245e-01	 7.69409558417958661102887e-01
 1.66652087738608872813373e-01	 2.27972242426144611204819e-01	 5.36968505224236114514724e-01	 7.94934313470495257369919e-01
-1.41403840092460958421938e-01	 3.26336297570750721863675e-01	 6.94128467955443806403082e-01	 6.25855610239892778956516e-01
-4.26924091835595986843543e-01	 9.37646892425347266986080e-02	 5.93556796794217023105489e-01	 6.75747239610337668835882e-01
-3.15085045884951286954134e-01	-2.55203310941807981482299e-01	 5.19763918552860526567372e-01	 7.51956217418669026208988e-01
 6.50169603907469750847525e-02	-3.82585891508325448562289e-01	 4.36599481718536686081222e-01	 8.11653696500812316116935e-01
 2.69688040469651668651352e-01	-2.68882622581053831734010e-01	 6.84202334691267788358005e-01	 6.21962749129393199787330e-01
 5.17174608040105066031344e-01	 1.47464213026626600466784e-01	 3.52423238168664831881927e-01	 7.65886800952800039787860e-01
 3.47450847157451059299405e-01	 4.55940211800818229193055e-01	 3.28921925515193613875908e-01	 7.50471051399034250195541e-01
 6.32989861800440090089381e-02	 5.59677156910214912421964e-01	 5.09923972354130228268332e-01	 6.50178637606667053638887e-01
-2.64005874961432629444147e-01	 5.14895068982613168806495e-01	 4.07415465195067105774740e-01	 7.06538466499259776298913e-01
-5.31199304411312800411338e-01	 2.91991336188366035209185e-01	 3.01192412974281786830488e-01	 7.36105623501545736075968e-01
-6.33023003409347029268872e-01	-1.77456468937104955285733e-01	 4.71723426178508542516710e-01	 5.87595173551819782709060e-01
-6.14896219871979288207342e-01	-2.62199545569983871740050e-01	 1.09788412993561623753891e-01	 7.35595365307856963177358e-01
-3.03449209576302558755145e-01	-3.77653378686572227529439e-01	 1.71781157016608593268714e-01	 8.57780704415860184575138e-01
 8.42169200948072738110994e-02	-7.05437071536297199969567e-01	 1.90229488074431934974129e-01	 6.77553533190535128838405e-01
 3.69722105872315964791852e-01	-4.87609159198303443449873e-01	 3.31328481399243923721798e-01	 7.18167327096502328132033e-01
 5.80936698932510653392569e-01	-2.12721279372720922795637e-01	 4.21464091026190756927861e-01	 6.63046174192188142448856e-01
 6.19245146631989817898045e-01	-5.38983114259444368032703e-02	 8.77241037440333049080010e-02	 7.78418205093164283780993e-01
 5.31928226147156402170424e-01	 2.68119586263118658830962e-01	-4.25641407100896436432880e-03	 8.03209893259096863182833e-01
 3.00693649491183601085709e-01	 5.19094751060184100843742e-01	-8.24789152504405188859327e-03	 8.00034962275293137778931e-01
 4.48811762985594775443587e-02	 7.12132896089274325390761e-01	 1.80282363900619080343546e-01	 6.77016017231472200244013e-01
-3.27138008095475107950278e-01	 4.96151796902860486859765e-01	 6.77494310170810437599087e-02	 8.01388877316280945350968e-01
-5.48715805532457912008226e-01	 1.64691102813439821384023e-01	-1.64026223782596514144672e-02	 8.19462481991747426768313e-01
-6.35207959450170611681585e-01	-1.39447041194315113354918e-01	-2.13596598566383133466218e-01	 7.29000592615789644312940e-01
-4.53875930657824333547268e-01	-4.47045960620421511944045e-01	-1.81719239626377981888794e-01	 7.49082549931627594830275e-01
-1.03542124631189447203639e-01	-6.48364373023640805371315e-01	-1.22538812082387704727182e-01	 7.44235787740658127908944e-01
 2.22373153626986758135686e-01	-7.86141715493170467610184e-01	-1.35531870134182913512078e-01	 5.60502003462409303935488e-01
 3.16921232174442291107397e-01	-5.37918997405743337658635e-01	-1.90564079479714904019616e-02	 7.80923132032310562955502e-01
 3.31418156856875145699348e-01	-2.15258778435205383461337e-01	 1.37481013543460650616623e-01	 9.08253617954389413924332e-01
 5.89854443900314828752585e-01	 5.70285786487132531630273e-02	-3.65464847423521754787856e-01	 7.17812594989848062887461e-01
 4.07925872036574210799387e-01	 3.63519328236786454233709e-01	-3.33016473052838046786661e-01	 7.68472647266592367998328e-01
 2.06361311405196173884846e-01	 6.75792848273564894512333e-01	-2.53774475017118694708529e-01	 6.60543375719729430883831e-01
-2.65190009186436703725320e-01	 7.64208760011707122217217e-01	-2.60001392352220694892395e-01	 5.27312531734239309244572e-01
-3.73057955067548574490388e-01	 4.97183444484423087139646e-01	-3.11972519116957502927079e-01	 7.18546819634770406182156e-01
-5.61733223139083470698552e-01	 1.97859993260527500247292e-01	-3.56231664103958345357626e-01	 7.20004312888780750867568e-01
-5.23599900338637458396818e-01	-3.26750430151122261968055e-01	-5.09262510132037382604153e-01	 5.99774121261864578968925e-01
-2.47812839941572243818158e-01	-5.24513921139335037580054e-01	-4.72012671028798402872440e-01	 6.63835808976430130634583e-01
 1.38376243718820846062556e-01	-5.70984079506560493477707e-01	-3.56328296510038833311285e-01	 7.26539290906258572455556e-01
 3.65692285613773038210894e-01	-3.48979710104159901451482e-01	-4.98536537786545108641434e-01	 7.04232656634152354158118e-01
 5.33393423017615275760761e-01	-2.48056240748072892587928e-01	-2.05817756763170600642354e-01	 7.82047702322858140355777e-01
 3.50643862572440401237372e-01	 2.41356241936335730313701e-01	-6.51282736764899006232099e-01	 6.28193316512259625206127e-01
 8.70201396606041371883933e-02	 3.44091531623026469777216e-01	-4.47370327580013715795815e-01	 8.20907000311070444986683e-01
-2.36516039094945201837206e-01	 2.08687690055469554639700e-01	-5.59327255183749150191375e-01	 7.66591568489220942517193e-01
-3.54049239406282856279518e-01	-1.05966110566324420161344e-01	-4.18443420029607660026727e-01	 8.29653797509059431902756e-01
-1.68284212906010996989303e-03	-2.74475865651083672513977e-01	-5.28849032680929087568700e-01	 8.03105763800697980414611e-01
 2.85013805563828270805971e-01	-6.31823337418719460645278e-03	-4.84554185650959812203808e-01	 8.27003296083630323742852e-01
 3.63856077510305644939770e-02	 6.70511011066020484738814e-02	-7.02580242474729943502609e-01	 7.07503526686001915635416e-01
 1.27965642804227786033522e-01	 8.58265146612291612848722e-02	 8.14353748305292057807492e-01	 5.59541398168113879307839e-01
 4.41712601249176606277302e-01	 5.57864218568861619518273e-02	 6.59285895227066487400691e-01	 6.05904251007316152488613e-01
-2.45741802160495924345351e-02	 3.41334073991984066065442e-01	 8.68966916955110080245106e-01	 3.57468399773007206032815e-01
-3.94300771400663885302151e-01	 2.34728768224688300048086e-01	 7.98164171730934901560772e-01	 3.90337369471119022268368e-01
-2.22083718503023663792817e-01	-4.33416354211020940501164e-02	 8.18301501855944191099468e-01	 5.28377683740712367210790e-01
-8.00684848568586349237819e-02	-3.63243669597140605986851e-01	 7.32326500054188089805507e-01	 5.70386685984791919068471e-01
 4.87252603224719749164251e-01	-1.65756659275408751996750e-01	 7.74946472762740312667518e-01	 3.66834560679848542541492e-01
 5.45662969324217872468807e-01	 2.04241128071034477864387e-01	 7.56285435864147204121366e-01	 2.97606829579439680077968e-01
 3.02421057999783415848327e-01	 3.83339384061506693868182e-01	 6.93655362586961588000634e-01	 5.29560816394101130377692e-01
 8.88117422291996583272322e-02	 6.49662909358162510287116e-01	 6.61931293794066566427148e-01	 3.63177010481961992649502e-01
-1.96867396941261596499118e-01	 7.59543167708890298861490e-01	 4.07986120164551657740759e-01	 4.66781244440468590095605e-01
-5.12638988913166171457192e-01	 4.30867219863723338590944e-01	 5.46590288322317041647125e-01	 5.02786000804237853678558e-01
-7.20743143515798267983996e-01	 1.57798340319497243378066e-01	 5.06195817249809221216594e-01	 4.46536448082545112114872e-01
-5.56155316582813252779260e-01	-8.62545494043982369225532e-02	 7.30697678164058839200834e-01	 3.86435401677134748865683e-01
-4.07849136351478902540180e-01	-4.07684099560297164011047e-01	 6.70240601751771136740388e-01	 4.67151252493757385142459e-01
-1.81793890383808109945107e-01	-5.74335140680353850584083e-01	 4.24346506248337029809647e-01	 6.76032669501724914340457e-01
 1.25406964455029329430502e-01	-6.08027965953661819753506e-01	 5.64342032670718696252266e-01	 5.44144425723087965529601e-01
 4.79963564178540136317963e-01	-4.82146968275650456003945e-01	 5.69203719499057680941689e-01	 4.61710302843752418144874e-01
 7.37050977319026467959873e-01	 4.69418023113329294093710e-02	 4.90010538741586565425479e-01	 4.63078822611239171447295e-01
 7.83779525345536076663677e-01	 1.82922563405985755258243e-01	 1.73117983259305052712307e-01	 5.67678743056616919027135e-01
 6.02890463083836314339692e-01	 3.71006107037191668052145e-01	 4.76884384799808269672639e-01	 5.21017122173325186729187e-01
 3.85126494454269496792165e-01	 6.59827598088227662564975e-01	 4.32354988557283881345228e-01	 4.78930358131656352949079e-01
 1.30421734320857296562934e-01	 8.55205175874111267475541e-01	 3.31610603164095574246772e-01	 3.76362440001675235823342e-01
-2.61647003331249683455439e-01	 7.74772127796394149967796e-01	 6.99117668704290068371066e-02	 5.71297943712980149655323e-01
-5.29115554351366257357370e-01	 6.27618493627319917749219e-01	 2.43675328979094052428422e-01	 5.16482420463030278412475e-01
-7.66386829836687710759691e-01	 3.83181475451231989826084e-01	 2.11374709035450220051544e-01	 4.70259413838859552381422e-01
-7.46522712521153319897849e-01	 3.02439602604901505711332e-02	 2.08338429340618025431553e-01	 6.31176870154242619648244e-01
-8.23312601024956403072963e-01	-3.04943134116248570908425e-01	 2.34871922597271881594239e-01	 4.17134541754027032833818e-01
-5.40013635381750400910050e-01	-4.94162013067896366269593e-01	 3.45409414887230759028114e-01	 5.87266136048837039673742e-01
-3.51776003765251810140313e-01	-7.02642427356545584693492e-01	 4.69464569244540830261769e-01	 4.02678880346969525483303e-01
-4.59160279121197945073618e-02	-8.36410291641958902886245e-01	 3.49720667658594608351308e-01	 4.19529494825588433748464e-01
 3.39124254861478124922769e-01	-7.49218793562068774427587e-01	 3.45621782683878608910533e-01	 4.51897690271219898416888e-01
 6.98788123033469821265840e-01	-5.18049149554806298567655e-01	 2.76667245481499290971072e-01	 4.08381528757829403986079e-01
 7.37356711399515418747797e-01	-2.73685909003253180493687e-01	 5.16318461178465804017890e-01	 3.38845613832399583653654e-01
 7.55765603352801407233130e-01	 2.49170100843412262170418e-01	-1.79120235517077341924619e-01	 5.78488163113789699565359e-01
 8.22617652439171620493141e-01	 4.52093126141376477900025e-01	-3.52852976302548207443444e-02	 3.43026166585477798598447e-01
 6.11332047456000116092412e-01	 5.10162697115330243669007e-01	 1.32733576825236371243832e-01	 5.90244820230085398549136e-01
 3.55874956929628949442446e-01	 7.58349668796509890356106e-01	 8.70251749034052640707770e-02	 5.39152495866976777527668e-01
 4.56996934404061000423170e-02	 8.77964151002216253161237e-01	-7.63381941052152790394558e-02	 4.70385977358131868175661e-01
-5.47943768087029381419484e-01	 7.50154905869390487005433e-01	-7.21265042868381861529414e-02	 3.63074388512924783878333e-01
-6.04413942321691211034818e-01	 4.81056156378009858176625e-01	-6.66419277072965027253204e-02	 6.31527999545089424593414e-01
-8.00119476187886036200325e-01	 1.71397377371249937105802e-01	-1.14386543476187679813094e-01	 5.63336028961977874907063e-01
-8.60478977927730537267337e-01	-1.82551966292650330592195e-01	-6.89319615334322705058057e-02	 4.70636901258590811814031e-01
-6.51409643013054262539185e-01	-5.36916954399931256602940e-01	 3.26777990317374039327958e-03	 5.36073672811873791488324e-01
-3.19771806287533655321909e-01	-6.69700948474636015284034e-01	 1.23090895460294877383767e-01	 6.58859061537870882574452e-01
-1.16772466996581572584724e-01	-8.77772596283106776304805e-01	-1.69079330463162667841370e-02	 4.64320559491013307162888e-01
 1.97166926896662597634702e-01	-9.21027761136390621388159e-01	 7.53551997644295173950368e-02	 3.27344864054221196258965e-01
 5.05271998798623500626093e-01	-7.09162786337960704408090e-01	 6.64288166195316914786062e-02	 4.87212029845274174899572e-01
 6.22627795811944717563335e-01	-3.92842982221656811248067e-01	 9.53118633850085078540459e-02	 6.70018408627428452284391e-01
 8.41222938628497285407093e-01	-1.68497579721517298789735e-01	 1.91507879825828009057176e-01	 4.76736053931148096030057e-01
 7.77166092257623564165669e-01	 2.71398412675645760161469e-02	-4.66252004554576993111681e-01	 4.21764581620866829680949e-01
 5.69319388966440520505330e-01	 5.69620064341349485736998e-01	-2.33507305207598520047085e-01	 5.44869483510795671321603e-01
 3.65033386760572897689059e-01	 8.18411397656601757866213e-01	-2.64664332827558967942139e-01	 3.56238967078022938927973e-01
 4.17720754092439083837718e-02	 8.18085710330103910159494e-01	-4.18899070935211836896883e-01	 3.91809178860462681281973e-01
-2.70401594365935860064809e-01	 6.88245914945655012928682e-01	-5.69436812757671217966049e-01	 3.59085302680802131991555e-01
-5.84267862847553498539810e-01	 5.81245090248493689877307e-01	-3.70102438358138718932366e-01	 4.28729978689306678862891e-01
-7.27334433923164325186406e-01	 2.81150963015134980338416e-01	-4.58579030245628516126999e-01	 4.26197172966118142944936e-01
-7.75666009731581951314183e-01	-6.79551115840226482855968e-02	-4.06690394305245117578806e-01	 4.77836025574184308783998e-01
-7.33569559110870961227135e-01	-4.34755647157559932391990e-01	-2.85052973998790870613362e-01	 4.37730546369496431591273e-01
-4.00803620456940568050896e-01	-7.18898025036923349340157e-01	-2.26146485214566678179082e-01	 5.20960511604975473609613e-01
-6.74380949615782793182817e-02	-7.76801137495896409923546e-01	-3.94122686881919370716076e-01	 4.86517629503814441616072e-01
 1.66764208042435385648261e-01	-8.99160669475374429993053e-01	-3.01832262627915792752020e-01	 2.69438443102480940094523e-01
 3.42958587032897110891128e-01	-6.83443554566678157513593e-01	-4.70397021096581768873079e-01	 4.40466749988151662353886e-01
 5.24338705935645243982890e-01	-5.65012758546184601371465e-01	-2.52400666203972889878315e-01	 5.84913162646861772842044e-01
 8.04240519206633974746978e-01	-1.22894063760900049131486e-01	-1.39307390243581824540442e-01	 5.64524301852540100199462e-01
 6.18048253549295933950702e-01	 3.56222744445622740983026e-01	-5.09633006269054389392181e-01	 4.81036289218869261841149e-01
 2.76472583693812834493286e-01	 5.74710343655860045330996e-01	-5.45272944790438307549607e-01	 5.44011348264164862342795e-01
 6.05464156854551641129270e-02	 6.49047460548700105853470e-01	-7.10581092270760827922516e-01	 2.64850970944454144895275e-01
-8.81833175011937503429138e-02	 5.70039229579948125703481e-01	-5.02870297904160379331984e-01	 6.43739421458841332146505e-01
-4.13452007201208782127821e-01	 3.96129233722014084673191e-01	-6.21636720125343655851680e-01	 5.34515534034238126714911e-01
-5.28754777632480355009648e-01	 2.11335901277215215676719e-02	-6.27807067772711335784663e-01	 5.70815243449025455646506e-01
-5.00345850114214063530937e-01	-6.06219960538144198025634e-01	-4.96837062276199281640743e-01	 3.67837359803720176376629e-01
-2.17621501955387736115810e-01	-7.48473280675543417572726e-01	-5.80659411735336750126635e-01	 2.35081427519578972651360e-01
 4.39971831874183330612915e-02	-5.32489152775165397457613e-01	-6.53267822677525922259179e-01	 5.36433315429349355518696e-01
 1.29663122113166356941250e-01	-7.04269551686105721444164e-01	-6.57239238597721375789718e-01	 2.35007354308764182526659e-01
 6.78734511217588099007969e-01	-3.07305288074833704570210e-01	-4.31230235153578833617871e-01	 5.08845170452520312309730e-01
 5.00082523908665588230349e-01	-8.38332299237498634880694e-02	-6.60446317651930514536218e-01	 5.53805128489883058406917e-01
 1.39243168217011419746099e-02	 3.87849802022119827249469e-01	-7.48314046381748254610500e-01	 5.37963504766100553133867e-01
-2.37316477497095029702834e-01	 1.33963219348131351571496e-01	-8.22066804450350407940107e-01	 4.99940910899522972243858e-01
-2.35710719090239467776726e-01	-1.96541473045913461792367e-01	-6.96860058995794839908910e-01	 6.48226784740712380639138e-01
-2.53280154102254351222712e-01	-4.68935713230841599852283e-01	-7.46639900901384878650902e-01	 3.98092098359902668569532e-01
 1.75096301500151013685880e-01	-2.23526233946942404218206e-01	-7.64079604375161980378550e-01	 5.79275121264810288757019e-01
 2.30384506786465353966875e-01	 6.00123527711740947787611e-02	-8.75496263013804343344759e-01	 4.20508965417491442639886e-01
-9.05596834888904855809244e-02	-1.55435556678979902578419e-01	-9.03490369385802960522369e-01	 3.89029412607058588946529e-01
-1.13556994352987369878427e-01	 3.74006533115757294760684e-02	 9.69004409060316262980450e-01	 2.16186159101479008493030e-01
 2.58574918151383614794980e-01	 8.25847880587267518803785e-02	 9.28999899890896929655071e-01	 2.51551089218479961839847e-01
 2.19363981412403104276354e-02	 3.02166579416340397301610e-01	 9.52912025660437533858271e-01	-1.31462569630637661488581e-02
-2.85125515686046104857354e-01	 4.03921599497955252644488e-01	 8.65439481901738472124919e-01	 8.10264458644848473145572e-02
-4.30737706787979457434545e-01	 6.99770710426751291199921e-02	 8.95141178411035132178597e-01	 9.10522278268058177230770e-02
-2.92023516880437705722784e-01	-2.68450530109766993813736e-01	 8.83158536517409276100921e-01	 2.50374874636001776284644e-01
 9.98688488977564625681538e-02	-2.15065845471840710878553e-01	 8.96994738177009476309820e-01	 3.73059425311943637648682e-01
 3.11653205288736134814798e-01	-2.67770831948705101410724e-01	 9.08980066007780251879922e-01	 7.01876113801193357577546e-02
 7.67066606839772680004330e-01	-2.92892528769915748421138e-02	 6.33153067606764818897602e-01	 9.93385791994678135630181e-02
 6.48936614149739687817942e-01	 3.37990580288292374877557e-01	 6.78492054874328398561545e-01	-6.55146542741911891427620e-02
 2.78879377125372862611385e-01	 4.45564127610871163476247e-01	 8.26207550357419995279429e-01	 2.02681979793267880163299e-01
-2.44482952022838839669511e-04	 6.16605270038585007164045e-01	 7.87026824705211014432393e-01	 1.96636309760707291005577e-02
-2.53101487165402483370258e-01	 5.82598572823669558218285e-01	 6.90157914282777174008743e-01	 3.46699572384120302537269e-01
-5.90171182934245641682480e-01	 4.13760549403320299077791e-01	 6.73802741639178082166950e-01	 1.62757635614993123596150e-01
-7.25476758088993034512271e-01	 9.87837194411073787891908e-02	 6.71918928656853209346878e-01	 1.11580480186689354193952e-01
-5.99103063404466507080315e-01	-2.55150985271411334665004e-01	 7.55197609138219982938267e-01	 7.51669161688036380208899e-02
-3.82937312465194024113657e-01	-5.51227730524795567212948e-01	 7.35233091678593631002059e-01	 9.45478964501831053990344e-02
-1.07105634059090057408348e-01	-6.11719612001003332224514e-01	 7.16875004872402299405110e-01	 3.16887561818597618401583e-01
 2.57679388136857145941150e-01	-5.12127653749210542954984e-01	 7.68170336862862401794416e-01	 2.85027950837702936937035e-01
 6.00311566695646003921638e-01	-3.94160408865380507137388e-01	 6.88582138345474881191421e-01	 1.00589431482977317844352e-01
 9.26579133593510517741265e-01	-9.53238437882200501105601e-02	 3.29117087789018269994301e-01	 1.55069070158474570098051e-01
 7.84457864051515518788449e-01	 2.91239804078016584210076e-01	 5.12157018340788749988235e-01	 1.93650263652300591576960e-01
 5.23249825858085770846628e-01	 5.55044332615113100715121e-01	 6.10017646801782387200319e-01	 2.14508459417670827029667e-01
 2.38524051838143347215038e-01	 7.86775551848185927816814e-01	 5.60682139642770693832574e-01	 9.86207178756150354415055e-02
-1.38722679796235232041468e-01	 8.35799539524889723018930e-01	 5.11003363763902207494993e-01	 1.45157535326660674934729e-01
-3.88622254849379844543478e-01	 8.64409809457028721624283e-01	 2.13581337701865048295247e-01	 2.36962943380877338883650e-01
-5.21636795077759951588803e-01	 6.71417597691193912545771e-01	 4.74671149929975055847819e-01	 2.27553868250452512311810e-01
-8.17348637056912186160673e-01	 3.62704648751038805087887e-01	 4.10049279524851650879924e-01	 1.79572079223757508081860e-01
-8.36997060430987205315034e-01	-1.26354187276129098504995e-01	 4.72765419476165626999631e-01	 2.44874250045202884740192e-01
-6.62839459712661449586335e-01	-4.42519216090176414901691e-01	 5.40020719631366108437476e-01	 2.70551688975663895408985e-01
-5.09653520663681969260494e-01	-7.38678401001390483315845e-01	 4.26579426373856596121925e-01	 1.12416643624040107907192e-01
-1.70672788494480087706506e-01	-8.31492405859814653901196e-01	 5.19209143777176418410590e-01	 9.95642670999341977688957e-02
 1.99712082567678000932787e-01	-7.85675596210053339696344e-01	 5.51455816267336973446334e-01	 1.96787764613004345637393e-01
 5.44827564073143033596125e-01	-6.72094618363017204387688e-01	 4.73954919046196354592837e-01	 1.63763500528990496585280e-01
 8.21740525739016236528300e-01	-4.52263550349141230100258e-01	 3.39002959295875205825155e-01	 7.26442218789224575248298e-02
 9.34817966235128250396258e-01	-2.96954251616091180476786e-01	 4.61351251833613321129413e-02	 1.89222336618754760628747e-01
 9.16015966324101538198477e-01	 2.20456782854805050098079e-01	 2.08543174340618087114763e-01	 2.62341953885706247184828e-01
 7.19055255293191364351912e-01	 5.59952791807688643466179e-01	 2.95799931148554573479004e-01	 2.86207637065347020310924e-01
 4.77637943362915207146102e-01	 7.99176978031250651035577e-01	 3.17655319273634717536225e-01	 1.79647574383980324075338e-01
 2.89792893615748226032736e-01	 9.36254554765963975526688e-01	 4.15030158517695410558268e-02	 1.94229212954710378502554e-01
-8.06786862491004758135560e-02	 9.62224649456454805829253e-01	 1.19305052886412799040272e-01	 2.31043238202921219492936e-01
-5.10724873538976553710711e-01	 8.59629128841010947681411e-01	-1.40602078136331347379961e-02	-4.18273688372162750093858e-04
-7.22628503755975426514624e-01	 6.40117387359984579831007e-01	 1.82340908167702736575322e-01	 1.86573227359675075653911e-01
-9.23809182783923765747147e-01	 3.64457782502620952769234e-01	 7.79120150918619081004124e-02	 8.76175580674137255421385e-02
-9.22827288710516002723239e-01	 9.16772767119673065439045e-02	 1.70985859800962619603482e-01	 3.32789585014316213751329e-01
-8.67007693552526603752995e-01	-3.87403699880622232054606e-01	 3.11305118800400237866199e-01	 3.61269379854035482813046e-02
-7.10037142351277017482403e-01	-6.13706723257769315438281e-01	 2.16325502288115728566353e-01	 2.69099593774569711968070e-01
-4.47544436606503948095082e-01	-8.07452863228161454856036e-01	 1.23692860164569054526318e-01	 3.63900985532492504681557e-01
-2.19352658504821579343869e-01	-9.43964271581298364210966e-01	 1.82793165540918567391060e-01	 1.65537076863118998160118e-01
 1.04134950246947716179235e-01	-9.50320706612964527515430e-01	 2.88025138986631457083121e-01	 5.55696502727239041719010e-02
 4.46728670868875465949088e-01	-8.59874140346224113962137e-01	 2.02672018284858562742201e-01	 1.41329439225916481115419e-01
 7.30442697577884492154965e-01	-6.61977283171515273885177e-01	 8.25508523922278136808472e-02	 1.46372466295130482238918e-01
 7.76380679505247583982452e-01	-4.68945667450146486121554e-01	-1.03159654936532216296108e-01	 4.08265951389633230395049e-01
 9.47300773429235021261263e-01	 4.85752379615316462468932e-02	-9.19421259341954566490784e-02	 3.02998904942004987361770e-01
 8.48974698942020378211737e-01	 3.02441066770478717007364e-01	-3.52936704509447585209614e-01	 2.51410111763730237388614e-01
 7.18105291242258303441304e-01	 6.10355956065783633590627e-01	-2.95822958622701581710146e-01	 1.55817761300198753815494e-01
 5.96034638493905477574231e-01	 7.43270921177687560188474e-01	-7.61114846428955892781998e-03	 3.03699058059398674380702e-01
 4.89487937956196716982049e-01	 8.46762962647053196718616e-01	-2.08255886644140270069769e-01	 4.85070743694671676488062e-03
 1.09284757230589654741770e-01	 9.65039314293412942014072e-01	-2.24013918833427055909979e-01	 8.10785290569642491664837e-02
-2.54851394953243548524568e-01	 9.23187948958710591362831e-01	-1.81161506416628231841415e-01	 2.23506791799831683320576e-01
-7.36437438103074937245651e-01	 6.43143889393354872829889e-01	-1.99015742324681749186865e-01	 6.64723371269869689470511e-02
-8.14769525224618207381866e-01	 4.54147908180279058498741e-01	-1.23409287356871191776442e-01	 3.38630249763361090842295e-01
-9.40727175408973104175914e-01	 1.32250772529689253342866e-01	-2.00561373957072464069284e-01	 2.39410212582518433510614e-01
-9.73069603883811140576654e-01	-1.75319930855636990640889e-01	 6.03593662320566007317701e-02	 1.36949679628110332352264e-01
-8.61276510717270404882129e-01	-4.82913824324029183898688e-01	-5.68543826245106950767472e-02	 1.47528266917937855851051e-01
-6.31892049816937806383521e-01	-7.20327638290911398399885e-01	-1.59296694605146532675022e-01	 2.37623849771568834698954e-01
-2.70094104868062956370522e-01	-8.99328901597765462128109e-01	-2.50113853825793930329979e-01	 2.36007968913944904398861e-01
-1.15445422021336323997742e-02	-9.93027347549971461937446e-01	-8.65598243237041958808575e-02	 7.91884295605162491504814e-02
 3.48537707986855127550996e-01	-9.30034894932165845382599e-01	-1.16432547157428498141307e-01	 1.49272296069366929363587e-04
 5.37805569886179335448162e-01	-7.82053499751695802011398e-01	-1.80368465359165647265982e-01	 2.58117626731507010529043e-01
 8.22080428156088505176058e-01	-5.27737339019280660146194e-01	-2.07501242906654531639177e-01	 5.11889132502777871591704e-02
 8.88566378697470460323871e-01	-2.32565948074443806792289e-01	-3.18073851455393630249802e-01	 2.34929554260486811445574e-01
 8.03833301911066611111778e-01	 4.72264031871517733773835e-02	-5.86109409809022263715406e-01	 8.99858284069019881412643e-02
 6.31166667884822563117098e-01	 3.88408312871000860333481e-01	-6.59863907667153415381733e-01	 1.23883990903213045409181e-01
 4.96690606545930335435912e-01	 6.34191332360910409171595e-01	-5.22452705621376800593225e-01	 2.79540633390267634350579e-01
 2.63432342057860147122028e-01	 8.08987494317890409867289e-01	-5.17213828288794141840867e-01	 9.29111996587164562511063e-02
-1.20913603645886144621890e-01	 8.67380901639505541567132e-01	-4.77063417560964042607452e-01	 7.37615587515447063138296e-02
-4.88743116142958344827463e-01	 7.65755955766451945621043e-01	-3.96716127705574128636812e-01	 1.31773656887001267001835e-01
-8.23239162578654037893955e-01	 3.70176897927945725008669e-01	-4.19284333527620289849835e-01	 9.71956433979363210173830e-02
-7.93858789892591953929468e-01	 3.00852029734063226851237e-02	-5.79992041138393865651324e-01	 1.80256302215589608861634e-01
-9.15659466940880406582437e-01	-2.00786452304440921068363e-01	-3.04404134735881959361592e-01	 1.69087740325070651215000e-01
-7.64774327512648066651479e-01	-5.03838389419047683048802e-01	-3.96346311969959785859174e-01	 6.46274424142614933863626e-02
-4.91424131767030647477412e-01	-7.59687563179326952322867e-01	-4.24405791594028136692884e-01	 3.54521244655698827830115e-02
-2.98862142088699616129799e-03	-8.87554496236116596818988e-01	-4.60657145820816016357213e-01	 5.75137872823098823121812e-03
 4.01906803198093631745991e-01	-7.86018664100640918057650e-01	-4.63791252204346082788078e-01	 7.44530429684199940298939e-02
 6.54156089983935151721539e-01	-5.57408695984697777348060e-01	-4.45825756764652081365341e-01	 2.50229395121344899699523e-01
 6.75186160870246188103749e-01	-2.53909188727488688286371e-01	-6.60698809379500207050739e-01	 2.07679694080950799639496e-01
 5.60938390701401501381440e-01	 1.19381261603156388351188e-01	-7.57780724858060694693052e-01	 3.11230797397932412717836e-01
 3.24411547704489655608029e-01	 4.20292856797380653954832e-01	-7.82889412491293179563456e-01	 3.24338141528423440362872e-01
 1.69618620060549701866748e-02	 4.84722807815127110231401e-01	-8.74498028636062962881681e-01	 3.04839839032855323963656e-03
-2.49114629609774734797512e-01	 4.44603336768875589957162e-01	-8.14179353486351620183825e-01	 2.78175762073033738808192e-01
-5.69201213950848772249458e-01	 4.93447021090370419038607e-01	-6.33237818275560027103666e-01	 1.77566553493411632969057e-01
-5.48450874536370647227557e-01	 1.77948192373727637205505e-01	-7.69392830009299699689507e-01	 2.74901349908460546078715e-01
-6.91634503658167698603165e-01	-3.03196536227737289959094e-01	-5.95963795472351565152280e-01	 2.73021479475904438327660e-01
-4.80924499096989310764627e-01	-4.89141274536729175892447e-01	-7.21036224381219059686998e-01	 9.77711759312041434055729e-02
-1.19810834731848073198002e-01	-5.47587640298380473602435e-01	-8.25779297377912779865028e-01	 6.23032270059094006597888e-02
 1.34835899438273815187372e-01	-6.93273428574579519967358e-01	-6.96806555798458626682645e-01	-1.25107382881301326671419e-01
 4.23723267148906734824720e-01	-4.21880116516150593941603e-01	-6.90597541819182092481810e-01	 4.06879337639893479128261e-01
 5.58673877839170884840314e-01	-2.58974887056974578669610e-01	-7.78223189247870705820276e-01	-1.23224079671318084705511e-01
 3.16376177443337847083882e-01	 2.34534743140141777040242e-01	-9.17290681329541390809368e-01	 5.89692678648393378559867e-02
 9.88429512155309872301068e-03	 2.41618309204908843224047e-01	-9.37419535529436132037517e-01	 2.50534444287981050702996e-01
-3.55215582508068394851364e-01	 3.67633111262210487968360e-01	-8.57525392892134918909619e-01	-5.76019617054001134559549e-02
-4.49043771376586020593891e-01	-1.84631857125813286790716e-01	-8.03171936328091917722816e-01	 3.45232688801552112245474e-01
-2.38328142117092078855478e-01	-2.59405251962980365476596e-01	-9.34328510323557792638383e-01	 5.42111310119895786763244e-02
 1.25096313527309793700582e-01	-3.99581977556738410228832e-01	-8.67366459866544703416480e-01	 2.68999219055187754889857e-01
 4.00561024094062800848803e-01	-1.61548998411644328943026e-01	-8.81429063310985361212602e-01	 1.91142861335780234188775e-01
 6.97462652516594866503041e-02	-7.85242856838882785641687e-02	-9.90333110428358698307250e-01	 9.06075351754607183352164e-02
 8.20187374197099000605604e-02	-4.84481278905561016379089e-02	 9.93362125304742993314733e-01	-6.44778537640708637734832e-02
 5.33987783169298957375304e-01	-3.10646209168504439102065e-02	 8.44844040918151129027081e-01	 1.14273040704893861368996e-02
 1.19772474626519437324035e-01	 2.62124501337194726335866e-01	 8.94575052540952930790752e-01	-3.41585678112999890920776e-01
-1.98486235024970342211148e-01	 4.83952286765510997224027e-01	 8.05047614934725208613031e-01	-2.79806605225743854070686e-01
-2.37866147870287147902957e-01	 1.56958100972596714672846e-01	 9.30422679179369938040622e-01	-2.30428922457902474185687e-01
-2.59266953527155119552106e-01	-1.77290552098283482607144e-01	 9.43940684642390337444340e-01	-1.01610485789061774641873e-01
-2.58608680602929741354501e-02	-4.03251903299593816853985e-01	 9.10026274500408738354906e-01	 9.25813032276498748540661e-02
 3.50274140895615260227203e-01	-3.35700922546054714157293e-02	 8.81455440829161607219078e-01	-3.14987906051207189328522e-01
 6.62808700259774563612325e-01	 4.67521595660380373526976e-02	 6.89695057153428714435961e-01	-2.87783930360936968106955e-01
 4.46463017268443507212794e-01	 3.28018042523740560589829e-01	 7.38762489603196237375471e-01	-3.83803233370614393926701e-01
 3.65181197399159551686409e-01	 2.48899877945247177679633e-01	 8.94399089274907743707388e-01	-6.88608228906145564129915e-02
 1.20949429255830548379791e-01	 5.69211097117996001060192e-01	 7.29312650760217562329046e-01	-3.59823595559715270209011e-01
-3.58907983019525755885581e-01	 6.73508521418276662195979e-01	 6.44564518562759536379758e-01	-4.59120105395175726048507e-02
-5.36319963657815090840586e-01	 3.43308439453081093439835e-01	 7.53205406260634591220082e-01	-1.64869123737959782927121e-01
-5.74081173368247710264711e-01	 1.71135295916321106442226e-03	 7.90436301573122057639864e-01	-2.13631296421169653010352e-01
-5.17010088245391852268540e-01	-3.49765467971758059473331e-01	 7.40505819680323584819348e-01	-2.49029751408463950745897e-01
-2.02858855942516319581514e-01	-4.68738149884724730753760e-01	 8.31552641929125035957782e-01	-2.18295751468119886284924e-01
 4.71635132125164217853364e-03	-6.87729861540663844898802e-01	 7.24886920102524756615026e-01	-3.92981760359121246040104e-02
 1.45339486787383842525401e-01	-3.70919305170940127869272e-01	 8.86600430192728716782824e-01	-2.35021232687506881342543e-01
 5.09981076583271519808704e-01	-3.17074467627693035165493e-01	 7.61733574027319559895943e-01	-2.43197544611676114145737e-01
 8.91919759213276819309613e-01	 1.17490862707022220012831e-01	 4.15182767776136774084961e-01	-1.35271244716075211833584e-01
 8.52365027602348224178286e-01	 4.39341042965799344344191e-01	 2.81786207918995723620270e-01	-3.24012455440306559872887e-02
 3.61051776280271463637206e-01	 5.76624197092426071797888e-01	 7.23402248466554653738569e-01	-1.17623709709858567662444e-01
-3.64142232832300044576002e-02	 7.92781940706019039311059e-01	 5.74736591441922017864385e-01	-1.99621264625786332125301e-01
-2.73799303528698578791278e-01	 7.71268925787701120633244e-01	 4.23443837376958731599785e-01	-3.88424384004095513134303e-01
-5.35200312423849022813727e-01	 7.65780940063245263438318e-01	 3.42214043239016496578131e-01	-1.00148519845634664804379e-01
-7.28225753428174416015395e-01	 5.00365031526787906734910e-01	 4.53106437759529356856802e-01	-1.18391905677854097911350e-01
-8.03174794998807284329700e-01	 1.70056160197025296731965e-01	 5.33789574917309495027951e-01	-2.02632279677413873475444e-01
-8.09841071188652450452139e-01	-1.81047266442294491062270e-01	 5.41058832296360536773250e-01	-1.36508852181415868409786e-01
-6.59589371787783207423672e-01	-5.30210558677817300754498e-01	 5.22201410918553321494073e-01	-1.05471847076963901046476e-01
-3.43011906455975845720019e-01	-6.88330737597405706296172e-01	 6.00716115208311030038146e-01	-2.18366152681873593177642e-01
-3.38746389042657164436534e-02	-8.67895344302709426109743e-01	 4.34289992874486163731973e-01	-2.38751716780980866028372e-01
 3.30434046095001265896940e-01	-8.05523739558941631599964e-01	 4.68582382048658985240763e-01	-1.49584081445419153633125e-01
 3.47088893004375231843284e-01	-5.91129184190031686796374e-01	 7.25627483325257505164529e-01	-5.96686131469320937825707e-02
 7.74664619804712017980819e-01	-2.52444763484906187223089e-01	 5.53644684785936203041956e-01	-1.72174130519517937232266e-01
 9.94143903388773009233148e-01	 7.07645734919725433176296e-02	 7.49187518681914688123413e-02	-3.25185348985087691042750e-02
 9.22012183744036706301017e-01	 3.79457496806792804466824e-01	-7.55967662125565931230398e-02	 1.38083338198129023516314e-02
 6.13477624932230014564993e-01	 6.39427500138470383816980e-01	 4.53065869225477813042602e-01	-9.75140703546875653451309e-02
 3.05631215497623676125016e-01	 8.04265836038105308425372e-01	 4.51108626275673385563891e-01	-2.37164568169546896569955e-01
 1.22609173031209911508554e-01	 9.53923020234477614387458e-01	 2.73269000114088445041460e-01	-1.79420102547554680127995e-02
-2.34785229054635086187730e-01	 9.25421135783969672772287e-01	 2.81655760512674768758501e-01	-9.56119774510335307393660e-02
-4.16119145810729562651176e-01	 8.41586046133158238724548e-01	 6.30897950851561917229304e-02	-3.38522467791754433363849e-01
-7.68195938871026662297936e-01	 6.12514787815296779527330e-01	 9.66442968092147136616177e-02	-1.59249848049837217089930e-01
-8.92993225178601357505670e-01	 3.09945338635123246451286e-01	 2.01551176329290010480477e-01	-2.56659521864586792627705e-01
-9.43535062571492888494618e-01	 7.46668546910324304466400e-02	 3.22634019273615069156591e-01	 8.58697362926817871209284e-03
-9.48381436118134302226679e-01	-1.49843607930902317226796e-01	 1.69356618521225771312189e-01	-2.22346307708968071725764e-01
-6.85950372364405702718670e-01	-7.05258100636815155048964e-01	 1.64708784603069952057197e-01	-7.03854701899793433472752e-02
-3.68297157716445500152957e-01	-8.68554274933796333080238e-01	 2.95089862442506734030445e-01	-1.51303166509751479962276e-01
 2.46614678005511789304904e-01	-9.30168616427893835130192e-01	 1.49088462274148431108145e-01	-2.27464669831570320823744e-01
 5.87762637030749934829998e-01	-7.80643830584307418796186e-01	 1.51829096643871813698823e-01	-1.48587407587667447161905e-01
 6.42733507342968857223298e-01	-5.86517244168115792213314e-01	 4.62902095683050518459822e-01	-1.69153216476319895322789e-01
 8.11056056440280337405113e-01	-5.33733881075640459457077e-01	 9.24162970403743649905337e-02	-2.20851636953000390883872e-01
 9.21660294957364234491592e-01	-2.42848605254471411329931e-01	 2.38750317593057037601767e-01	-1.85917028467745854003468e-01
 9.57029725530248120968224e-01	 3.82470252762608931007549e-02	-2.87371840954076640528569e-01	-6.97814700903088766525961e-03
 8.08667412804906282630668e-01	 3.57912306887391062915071e-01	-4.56656812800871392266089e-01	-9.70584945716512215163618e-02
 7.30588254782459367575598e-01	 6.80477799314247677742173e-01	 5.63178734048577420145953e-02	-4.36620539063349751007781e-03
 4.60555189381471274945312e-01	 8.65184719469114349443828e-01	 1.55800946720351080054812e-01	-1.22761491242120865385878e-01
 2.05768001568517350241549e-01	 9.51848339203932525265373e-01	-5.50787863446701997371946e-02	-2.20478107711428422677002e-01
-1.46784923605306927285596e-01	 9.82632443586546777680724e-01	-4.84469818706959112764032e-02	-1.02667214635133008382439e-01
-3.63876333384780148438864e-01	 8.61742895172682543680764e-01	-3.13984705213538828338926e-01	-1.62501696956735192101107e-01
-6.23821200995814173495546e-01	 6.99699076026129795913278e-01	-1.97207746467868316742056e-01	-2.87014663265459657459644e-01
-8.84946871388083922127521e-01	 3.91643218188416630809456e-01	-1.96947444364983237363731e-01	-1.57150655822889645518714e-01
-9.91299762994358846235343e-01	 8.32514762808357622336786e-02	-5.86609888737321810703307e-02	-8.33838111910536611270928e-02
-9.30660311012041718825571e-01	-2.54012652545662964698181e-01	-2.05294741884923054309198e-01	-1.64933401129331136392153e-01
-6.92843724039012065496479e-01	-6.76947077444045142158302e-01	-1.95370118539900911036611e-01	-1.53429935740794803900044e-01
-4.59555317305502086799862e-01	-8.87619141369729081070261e-01	-2.53969641662930949166377e-02	 1.72094282717484697853294e-02
-1.24015590592135155345588e-01	-9.66862666103320944621657e-01	 7.07243177747255702403351e-02	-2.11647794840772840441190e-01
 1.05355046558946716106497e-01	-9.39103501327631096096127e-01	-2.19094240430880576875339e-01	-2.42863422047787463897706e-01
 4.22534720303821276221612e-01	-8.06789718654326470925753e-01	-9.42507726197021750147442e-02	-4.02084010962924898180404e-01
 6.17324767439761612486393e-01	-7.48768073096099828767080e-01	-2.02762600988556473957658e-01	-1.30934456342681609930523e-01
 7.87235535869552749410616e-01	-4.65889032782522083397936e-01	-2.38088877459377207257418e-01	-3.26376020300630620418758e-01
 9.53989106660008912008664e-01	-2.51849135684636404874936e-01	-1.08837807257539262439927e-01	-1.20959203619693603237728e-01
 7.66848998648612445450112e-01	 4.07446225792608210380941e-02	-5.78569300934965169425084e-01	-2.74845507545820488815025e-01
 5.58481616027375116217968e-01	 3.61729688047370323555896e-01	-7.03051274211797805335777e-01	-2.50935894550323335128184e-01
 5.73197318146111411962806e-01	 6.45261629095580935278065e-01	-4.90457393813646502778170e-01	-1.20556249695101841412637e-01
 3.00181342254949523606911e-01	 8.26602586327449095904285e-01	-4.10133080385951587221172e-01	-2.41681986113816971162294e-01
-3.63609885503951985041837e-02	 8.90446629877657214180431e-01	-3.64735887943012593304104e-01	-2.69722839035894446091390e-01
-3.23812182151915650685226e-01	 6.73133366534754085108716e-01	-5.82920500631071480945877e-01	-3.19751202486595997864782e-01
-6.31042894152796352003065e-01	 5.71431328236289060029662e-01	-5.03461367299991913171198e-01	-1.47572878557667264143305e-01
-9.06061942822297017308131e-01	 6.29395503781757376104977e-02	-4.04828824707931078652479e-01	-1.05848908605013891648383e-01
-7.85397890287054978308845e-01	-2.43771025311110611788479e-01	-5.55590571498906671266127e-01	-1.22657890137288033693963e-01
-5.96161320340595546340978e-01	-5.25016845372194396190935e-01	-5.70041952691182740586839e-01	-2.09764545090943110849935e-01
-2.68369771927532196897914e-01	-9.10517702077023094453523e-01	-2.77201446543239804487513e-01	-1.48642314817407278360051e-01
-6.70545286491547321006124e-02	-7.77663689546756020654072e-01	-5.09902960572963137586555e-01	-3.61582420683160099539322e-01
 3.25048612793333191461898e-01	-7.98134056246795231537305e-01	-4.39467327937466678555722e-01	-2.53365142147988553489313e-01
 6.43496997413099403040349e-01	-5.61165555365625734474122e-01	-5.09404865978586363084446e-01	-1.07291734578451453119285e-01
 8.26906882251608910117113e-01	-2.70713247075740792713106e-01	-4.87257726866790530362294e-01	-7.42916788829076357725256e-02
 5.80862240611940472412300e-01	 8.17303667041216763688993e-02	-8.07540699178518006640104e-01	-6.16216176350161751185119e-02
 3.45541733656184513190368e-01	 5.63319541495497233540846e-01	-7.50212876730790290125128e-01	-2.12754332151733754896483e-02
 3.80750329236763315754466e-02	 7.31121593712731221437195e-01	-6.64041008516960129526296e-01	-1.51858638485255631467297e-01
-2.98813759374462195594901e-01	 6.60299910588474925354774e-01	-6.88980971948302101104389e-01	-4.42555968503549959636167e-03
-4.90748379330056661018489e-01	 3.65835707886900896035343e-01	-7.13575263599827369631612e-01	-3.40794081812242799500723e-01
-6.71825559830598439958749e-01	 2.40368969107763369441599e-01	-6.98087456696443009462882e-01	-5.95573559811517494466671e-02
-5.92296509679699267891806e-01	-1.29799530129896090180353e-01	-7.94944134032757876440201e-01	 2.00187503659082222107202e-02
-4.11356158329876597790076e-01	-3.44204520502680078042346e-01	-8.14281193058110419613627e-01	-2.21935796349903763369227e-01
-2.78843854489436659971346e-01	-7.02468087031731136526957e-01	-6.39579395756713631193691e-01	-1.40438200070107072070513e-01
-6.61796987032680222862169e-02	-4.85719829236301636754547e-01	-8.15945026498973158268768e-01	-3.06480356136886178397560e-01
 4.23959316310089817658735e-01	-5.30224655005679945674046e-01	-7.29581714048176843689930e-01	 8.26488709209845934244854e-02
 4.83292074007951655278958e-01	 9.32539778040041705819974e-04	-7.66476086785772836584840e-01	-4.23015732516207498825622e-01
 2.44343353410280378357200e-01	 3.20927701435072931790415e-01	-8.67852545526240359841097e-01	-2.90058089560426834996321e-01
-9.81041093966419086580544e-02	 4.84891582275636445764633e-01	-8.04579051651364673958255e-01	-3.28493967679030496320536e-01
-3.91946725808285434400347e-01	 3.45552177831695422893787e-02	-8.98213517532289618117147e-01	-1.95949427083606547705941e-01
-2.93470144553166722989346e-01	 8.06408544807951377375588e-02	-9.42212386929587419892584e-01	 1.40029085410853681992194e-01
-8.35187714700117572741433e-02	-1.65454096300819863962772e-01	-9.45865762068072379875616e-01	-2.66434826884181685802133e-01
 1.90087929242349629177511e-01	-3.75833991513051968169634e-01	-9.03545391632325611830368e-01	-7.88740466801975542709968e-02
 2.85151585325097434164832e-01	-3.29383800579832117239043e-02	-9.41280487094250051249844e-01	-1.77748927201687528798502e-01
-5.07385057301383696204411e-02	 1.79008693405298069389886e-01	-9.71242448035772309999913e-01	-1.48558402169250786117871e-01
-7.89961505268745381447282e-03	-8.97150339842440608384422e-02	 9.10152376633666659877520e-01	-4.04365503062901421316155e-01
 2.86605702097774195369340e-01	 6.84900874724073821520065e-02	 7.31704338280318555831627e-01	-6.14634070634572760027936e-01
 7.80102294644099414355765e-02	 1.75094569356363083389994e-01	 5.14539267271744704679293e-01	-8.35766497483762527132001e-01
-7.60497177984228445168924e-02	 2.12392585374195336234138e-01	 7.81901190462289008564767e-01	-5.81150891296314253686717e-01
-3.32520598761897268058618e-01	-1.10340160306521647970435e-01	 8.13768616224015861604357e-01	-4.63719462252136449542661e-01
-1.35656523583785659781142e-01	-3.92092141988218401138511e-01	 7.39302210631453404765523e-01	-5.30370909039795335182532e-01
 2.38460902694475340712899e-01	-2.91462957564461722093085e-01	 7.50208678833060083057660e-01	-5.43481996442814363490470e-01
 5.73152759475634487884577e-01	 1.77813862659592564208211e-01	 5.32850862850201001386097e-01	-5.96613863827633039704779e-01
 2.20775712986863242859314e-01	 4.05690426668131209897439e-01	 6.11223813263831239339652e-01	-6.42712075788368086826097e-01
 8.59163860494485676078114e-02	 7.06329078872623750129378e-01	 4.41931139889100488282736e-01	-5.46273259956473800080801e-01
-1.76297803252030510501314e-01	 5.14385571338124791829216e-01	 6.12473192681226685785134e-01	-5.73762282495567932372182e-01
-4.72660815724181948560556e-01	 5.56460613790416669388605e-01	 5.74714743546187123435232e-01	-3.69657006060461312824117e-01
-4.23917393127934694074810e-01	 2.19221116955692324479443e-01	 7.21746099528241535914219e-01	-5.01316979066223633587640e-01
-6.57585406333665023481672e-01	-8.72945166487101020802442e-02	 5.80772833808233968078127e-01	-4.71872881452632397802915e-01
-4.78298228567320182769151e-01	-4.30098131611913736538355e-01	 5.65755746156564764959285e-01	-5.15913594920828888490405e-01
-1.93240057245099461358251e-01	-6.61376641242046536817156e-01	 5.10908588150030595897988e-01	-5.14015207216520497723877e-01
 9.76149055192096354316433e-02	-6.34722688944065915883641e-01	 6.74761872060524514616020e-01	-3.63723596118627479079066e-01
 4.24597953032975816700656e-01	-5.42467474740528254883998e-01	 5.88333970593716615304913e-01	-4.23448646442839526926605e-01
 5.54768776562968524146413e-01	-1.87922550792504139405281e-01	 6.01716227134410641674833e-01	-5.43004881614885692719952e-01
 7.36945491740677360859024e-01	 1.61288482508776614965385e-01	 1.67584962931698666643854e-01	-6.34675230186501404539001e-01
 7.31246556083056553632105e-01	 3.63912083328052193831326e-01	 4.64007494414783006053682e-01	-3.42846197224675464099164e-01
 4.50205802000472776747131e-01	 5.85606738736349496932121e-01	 5.01033611921223753782328e-01	-4.50937693164876918228146e-01
 2.91278923766124485383866e-02	 9.05636715609493214707015e-01	 2.21452283365165258910423e-01	-3.60461636541394847554898e-01
-2.37643401734446063633399e-01	 7.21647190640448465970280e-01	 1.95986973660711577549520e-01	-6.19951652960248678070343e-01
-6.14870195519495288394296e-01	 6.13604634567791573651618e-01	 2.49199035412549063650545e-01	-4.28163328471974413691470e-01
-6.65282793720007092908020e-01	 3.01895108803224732074710e-01	 4.89766811483962338780174e-01	-4.75801027772770390722457e-01
-8.39543338929262916714436e-01	 9.87640432313239592654330e-03	 2.89349315003764540055187e-01	-4.59724278893341831153663e-01
-7.71931151496092260444470e-01	-3.78901857938528374702969e-01	 3.53446006526386857782285e-01	-3.68281957026403650168334e-01
-5.62143407514661852530935e-01	-6.60832751299048171134132e-01	 3.25274882911384011219269e-01	-3.76153046970671700588440e-01
-2.46452013504302736013329e-01	-8.12787227141503643146336e-01	 2.04975392221936503212021e-01	-4.86439530690880306273982e-01
 1.74203803805626888934199e-01	-7.62186762554523666857165e-01	 3.72905138001730529495603e-01	-4.99666020235731977994220e-01
 4.92819769219893066836136e-01	-7.00600583195167714301022e-01	 2.66906091886936980284162e-01	-4.41643109315977389073282e-01
 7.19717095160127495745428e-01	-3.97886902387933227842609e-01	 3.46613187874048322978382e-01	-4.51168054979730281939254e-01
 8.05404241868736603393586e-01	-2.87712261852649010818173e-02	 3.90723706675152493428271e-01	-4.44782203742091319931262e-01
 9.05080707566090270077552e-01	 2.23043712730291804335891e-01	-2.09673281083712331751556e-01	-2.95156789186261592217164e-01
 8.74447429154327049438677e-01	 3.32027043179442260534273e-01	 1.34410632463002416292497e-01	-3.27159774611428033619376e-01
 6.71511549058809720236241e-01	 6.35000595355707964095870e-01	 1.80675981509914068690037e-01	-3.36456049260469569617271e-01
 3.55374485376950322024214e-01	 7.80633448885668213002020e-01	 1.78580762535967108028956e-01	-4.82109225047610223668926e-01
-1.11955689073118244691862e-01	 8.77020612958882339604827e-01	-7.10213258806702552039525e-02	-4.61797292542454329566937e-01
-4.90857290322640194002446e-01	 6.03957376536297441127488e-01	-2.13625295224022723750146e-02	-6.27565335400954937838947e-01
-7.58090751121552886004906e-01	 4.45394705875424734564660e-01	-1.19250228568828872677265e-01	-4.61195568092740537657903e-01
-8.98578605224421234076715e-01	 1.03103124299113876882750e-01	-8.38556885508868060652432e-02	-4.18203849205566025037939e-01
-8.24476284649178881025477e-01	-2.44120555575623371380445e-01	-3.19922399306188029455278e-02	-5.09529691952055774351038e-01
-8.51641683130948345947786e-01	-4.75804533468665913353846e-01	 4.79394971089701499300517e-02	-2.14518749999829672070462e-01
-4.77166469569309081855124e-01	-8.07779705887849752699026e-01	-2.72349236243375376897990e-02	-3.45054149387711395213785e-01
 8.20366487952829542829036e-02	-8.52212597869576260478652e-01	 3.94271042313210848262450e-02	-5.15217604259365247187930e-01
 3.05811664981202602220378e-01	-6.44447255735328350390034e-01	 7.16378473359964712541270e-02	-6.97162089449572142108025e-01
 6.31277357025324503680963e-01	-5.63228113423253295977133e-01	-1.10708565697264487565077e-02	-5.33048240679599549807222e-01
 7.89873510604404027724001e-01	-2.57892394080352083118868e-01	 4.83834471656609393930282e-02	-5.54301716000722977106818e-01
 9.25079660064702991029151e-01	-9.48571213013304700978345e-03	 5.46193938501022407949748e-02	-3.75705157823798319149944e-01
 7.04190320928902546704364e-01	 3.04931358910022320962696e-01	-4.46635935323097199578513e-01	-4.60053474654195493354081e-01
 7.63545705788103878930428e-01	 5.72154054845006809770780e-01	-1.95629931714157517808061e-01	-2.26642058132371287948459e-01
 5.16413615258476066394167e-01	 7.74156466806118270795878e-01	-1.22019125998822738909944e-01	-3.45123276190438699195795e-01
 2.02298577118012773423672e-01	 7.95271230133545392604333e-01	-2.21744869690345680623977e-01	-5.26733489521898912144593e-01
-3.35663591271978478669524e-01	 7.34899594602784089758529e-01	-2.90289286145129388216901e-01	-5.12820309364218629433196e-01
-5.65053079516756984190806e-01	 4.91675809026075771868136e-01	-4.22712282858664467610765e-01	-5.10180597502099875129034e-01
-7.73146908932433318817345e-01	 2.69615140452086399225351e-01	-4.57586225526875778335523e-01	-3.46650226388636295560275e-01
-8.15618502807944900645509e-01	-7.33117408351570409852371e-02	-3.68850591877616762470637e-01	-4.39705682706713452123637e-01
-7.50328010613594220679090e-01	-4.38236606013440055384933e-01	-3.05807450240576761402167e-01	-3.89150815257817694892140e-01
-4.50874178939696335088883e-01	-7.14668905624382899688385e-01	-3.72386429409522101696695e-01	-3.83782721459328513002873e-01
-1.72748961765145647717645e-01	-8.30406204434221417720607e-01	-1.95143452488657553889340e-01	-4.92445291171538512831063e-01
 1.78758931810930693506734e-01	-7.41853964791123865474276e-01	-3.05618996676166765347205e-01	-5.69469022943441816053678e-01
 5.27140777375218583244987e-01	-6.01562219176537738007937e-01	-3.80095175406190366462766e-01	-4.64513890987758026884791e-01
 6.56287275482570153783968e-01	-2.88961550793456201091658e-01	-5.73533919765583544148058e-01	-3.96039236794829441201671e-01
 8.64540434992926210000519e-01	-1.25695485896315822804681e-01	-3.04708578068379143388711e-01	-3.79372064784793572300714e-01
 4.11985509796901849810524e-01	 2.84277205616917716390901e-01	-6.48310027385187948034684e-01	-5.73714666429088748778042e-01
 2.81390584168672353015950e-01	 5.93561638390044388202682e-01	-6.50978993551887374913179e-01	-3.80434318282553585177652e-01
-2.14577013690129894674108e-02	 6.74767142939698860715225e-01	-5.25829034266433237299054e-01	-5.17428929016714556077261e-01
-2.76886832181403974573186e-01	 4.24312794827582162593416e-01	-5.94452718991519302171866e-01	-6.24434383417299510021792e-01
-5.19971940411501520884485e-01	 1.19082663942860073058583e-01	-5.96749597099060391514058e-01	-5.99448428720168458028184e-01
-6.56737438753873914443204e-01	-2.60950501353501146395431e-03	-6.86252064205729706003467e-01	-3.12645536344213492707667e-01
-5.89776329543766908436453e-01	-2.76610090588518986454147e-01	-5.83588098240408692518599e-01	-4.84846027607359730815517e-01
-3.07187643148937816750532e-01	-5.13477289498016742363973e-01	-6.39108075840069456141634e-01	-4.83236683688619328425062e-01
 1.40160533654183794283199e-01	-5.71060404868760085328461e-01	-6.08920583557530981089201e-01	-5.32410332090633264812141e-01
 3.99392113951229088542050e-01	-5.32023695786115302652775e-01	-6.85011675248577978081244e-01	-2.96977661127547754027489e-01
 4.01434334413884374992421e-01	-3.41036695216308027855945e-01	-5.73218072030398317906474e-01	-6.27666702611644033993343e-01
 5.92084389391032694938133e-01	-1.58949774862253076501695e-03	-4.96469343125535145233584e-01	-6.34784798709652986481444e-01
 7.78178261894375278284741e-02	 3.59020109837274337127866e-01	-7.05442324786708652162304e-01	-6.06135358694001480373004e-01
-2.29326416720809556082372e-01	 1.92790675012310425140427e-01	-8.32525846412529135776026e-01	-4.65984833741821646846404e-01
-3.30816853496402940582044e-01	-1.31366575941255503412464e-01	-7.86255349321613561386357e-01	-5.05079753931354291651701e-01
-3.82306765452109995062635e-02	-2.82201704837074129894603e-01	-7.38324962429097508831433e-01	-6.11372932842153549160003e-01
 2.54893229521811093274408e-01	-2.76891919280118969926008e-01	-8.26762799843265616672738e-01	-4.18119097120231542064062e-01
 2.32764923289279723750411e-01	-5.51701207470089438622551e-02	-6.65137465515885151212672e-01	-7.07367584944349148123877e-01
 9.68769180105455984808316e-02	 5.61488858158596879088797e-02	-8.68490654455305044479019e-01	-4.82893516732427474646983e-01
-3.53183983280085309064411e-02	-1.09963563414546119934023e-01	 6.82905859540421600328841e-01	-7.21318384949446000931061e-01
 4.00516656564802620010823e-01	 1.74704647251046590872292e-01	 3.72798105309496141668291e-01	-8.18587971277790815705089e-01
-2.47124978913628057242136e-01	 1.81067767368136262051692e-01	 2.32418511442743669359601e-01	-9.23106355712058013196497e-01
-2.72185051993933169178774e-01	 1.94095184154156497058352e-01	 5.47180942320496743747071e-01	-7.67356092906335995884604e-01
-3.87832767471008643678232e-01	-1.31988564814370185063197e-01	 5.71442940258205189785201e-01	-7.11068020138073020319780e-01
-1.82350761503127956064674e-01	-3.80089784454118451151317e-01	 4.57131493144129263939135e-01	-7.83141592247959872352681e-01
 2.90558932515087464665271e-01	-1.60078039152708351267052e-01	 5.02332081190472568010819e-01	-7.98506736554905560687700e-01
 6.02834286320306556028470e-01	-1.25297220802427444752425e-01	 2.89437857929399799949977e-01	-7.32882771043988245907030e-01
 5.87431424452215633635888e-01	 4.58040176523581143985808e-01	 2.62938830510969445697356e-01	-6.13177535193365486065886e-01
 2.80744346726525595414614e-01	 5.12754549906432322003980e-01	 2.83186914117723176342878e-01	-7.60309512635367279465015e-01
-6.47381853424641023897479e-02	 4.77858276819450200623152e-01	 3.70105184465039815933096e-01	-7.94029336401249841159711e-01
-4.26899977025896104620983e-01	 4.61438613393461649625493e-01	 3.53086177185467975370159e-01	-6.92936481335310383578019e-01
-5.68450186823216130349579e-01	 1.06256211419901394621412e-01	 3.64697697900957906735897e-01	-7.29773657911192197289552e-01
-6.52363537539078830462813e-01	-2.59259169905524666788210e-01	 2.89379437863390098772953e-01	-6.50742682364746527490240e-01
-4.26537498966823303003792e-01	-5.31087042972153700048921e-01	 2.64517535106974233105603e-01	-6.82673266199249617613987e-01
-4.61261949595260442591460e-02	-6.46258399032150543384034e-01	 2.23690401351392897932868e-01	-7.28138077676349859679306e-01
 1.34569514040445592506501e-01	-4.86277459458936356373471e-01	 5.19223215632319434753583e-01	-6.89806154409711269615002e-01
 4.52256408021503242267158e-01	-4.43736024395007533360769e-01	 3.55417951234814843974874e-01	-6.87197614953404478654875e-01
 7.62245031777125436889264e-01	 8.26407081622797662356916e-02	-1.82643888932255499257806e-01	-6.15462618459665433690020e-01
 7.11878893198901963046410e-01	 4.37999809927775596296584e-01	-9.03964383467220355949934e-02	-5.41491543660070684396146e-01
 4.33435234307343986159822e-01	 6.01346897210166431158029e-01	-6.95229806338952538435905e-02	-6.67594459264321815616938e-01
 9.19297463407127285472953e-02	 7.10706115337699562140017e-01	 7.71268929365213490312314e-02	-6.93179040180303518425831e-01
-1.87049334469867684083155e-01	 4.96398426198064346426264e-01	 4.34728838222690761039502e-02	-8.46588009196114210652695e-01
-7.30479021983587828437123e-01	 3.19968783814160884215738e-01	 1.55381601595197954557293e-01	-5.82989651462269886650347e-01
-6.97045193008515640009648e-01	-1.67110959714811767827525e-03	 2.22414735067902429033193e-02	-7.16680209823518321599067e-01
-6.54494777884870426731823e-01	-5.60843991819460541137232e-01	 1.21064526926264667827660e-02	-5.06896474997260204631289e-01
-3.30666815368349242820756e-01	-6.43057791354013419393709e-01	-6.34146044690363647200471e-02	-6.87833353460769236775718e-01
 1.44676466929941800743098e-02	-5.89821926366805415753447e-01	-1.30235508193608712224076e-01	-7.96830907270589028357222e-01
 4.85044024262801298785774e-01	-3.49323853115643678801661e-01	 2.79779307395428555871320e-02	-8.01200583850835923449552e-01
 5.59796388158526614375887e-01	-2.91013378921120176301418e-02	-6.34044879161233115860696e-02	-8.25688189845083964080175e-01
 5.10078155132077326605611e-01	 2.96035950174759865394236e-01	-2.97774409070708789837312e-01	-7.50675291430171975903818e-01
 5.24187855364936283741883e-01	 5.86820198947078486284568e-01	-4.00880192920128886058251e-01	-4.69216599578425153094230e-01
 2.53726855167981657501741e-01	 5.38566601913693543401962e-01	-4.15580741048737878351460e-01	-6.87649144505455667264471e-01
-8.86909293643329543765930e-02	 6.42157451936094081368367e-01	-2.40702716042269032614698e-01	-7.22377967868143566754213e-01
-3.88620939434099810227963e-01	 4.19710547648362741757211e-01	-2.76294175738671210496022e-01	-7.72320108555356377166845e-01
-6.68657038314287244240575e-01	 1.98754039877103882982823e-01	-2.70665555994103634862569e-01	-6.63426524600651656982109e-01
-6.07107565976601981638794e-01	-1.46427324744348469343080e-01	-3.26202954272935885526863e-01	-7.09627419513781276805275e-01
-4.97898403534397404612832e-01	-4.87140842035679144661486e-01	-3.28134956484579187740991e-01	-6.38058328142130815052724e-01
-1.53302428827330694538489e-01	-5.83523518099414828519400e-01	-4.18127920625428917134059e-01	-6.79093300757692475144722e-01
 3.56939382972309759978202e-01	-5.03799880048031889501203e-01	-2.66602212751210099206389e-01	-7.40069738540290344985806e-01
 6.55210743221388502988134e-01	-2.90541767566896258490061e-01	-2.71998691699576133906646e-01	-6.42106747340423500425288e-01
 2.40525691100155425417029e-01	 1.87566594181071383262704e-01	-4.66691059505207894719803e-01	-8.30159996413951772886719e-01
-5.25616331234655329018857e-02	 3.55524719107954967345364e-01	-4.32356094594953499488099e-01	-8.26987095602587762854796e-01
-3.54898053185569217760076e-01	 9.78256862087935746830070e-02	-4.14252311391365923842756e-01	-8.32389650025624927565104e-01
-3.09711466940150226268003e-01	-2.35961429464706246017514e-01	-5.36832084849305779528095e-01	-7.48473328667829451710247e-01
 7.83734810746658100422124e-02	-3.51686534589297550290610e-01	-4.70330123133531785573069e-01	-8.05582866082693360709754e-01
 3.79001305990469827822409e-01	-1.36228694574541842055027e-01	-3.48237742805668770706973e-01	-8.46481085032410707214012e-01
-1.15351354114251319904483e-01	 6.28882166530875530430222e-02	-6.60316721191262501200470e-01	-7.39405818901517242203170e-01
-3.99030955471161782877054e-02	-1.02714873349437976757237e-01	 3.67251973336969184114054e-01	-9.23570996642201214044121e-01
 4.66054288102195402032635e-01	 2.90485805356392845499869e-01	 4.23536619659448249075595e-02	-8.34636187057617440210322e-01
 1.02551128149217768426027e-01	 2.55266342880321128738785e-01	 1.69708344982706982317922e-01	-9.46319944813095226265887e-01
-4.95227777308307692827327e-01	 2.85443696941712843351269e-01	 3.08327966706614629843752e-02	-8.19951634615107338710516e-01
-3.93321924781970588824720e-01	-1.42019079482999605046345e-01	 2.41037860939185555331221e-01	-8.75802029081041211178160e-01
-1.90748531452565567301249e-01	-3.88422784425334011171316e-01	 9.10654579452554596707969e-02	-8.96911266880498603271121e-01
 1.58460813854986143356385e-01	-3.86129141562708055879227e-01	 2.22586239734156948744115e-01	-8.81050408540549834235378e-01
 2.93156619706347154608039e-01	-6.89110525750267627342893e-02	 1.67762916403509432239360e-01	-9.38704462030057307231345e-01
 1.69894726558011910366730e-01	 4.52650024275062567991057e-01	-1.19113562877761508529417e-01	-8.67211448581099664245642e-01
-1.34370527172436915464004e-01	 2.24134378138240109024082e-01	-1.46499883126837926461405e-01	-9.54068197880952539868815e-01
-3.99777632285473027984324e-01	-2.53455576458401395101294e-02	-1.04494460733185273726420e-01	-9.10283667385020978102261e-01
-5.39269810976582664174828e-01	-3.36492720368969211452992e-01	-3.46711326654397106183936e-02	-7.71205959953414010854544e-01
-2.33382308571124685858678e-01	-3.19144419714845750668530e-01	-2.45971560300744046534405e-01	-8.84973179782361563106008e-01
 1.60370043820250968158447e-01	-2.93056299378130102883944e-01	-1.27654928261963063196305e-01	-9.33864911928015350994770e-01
 2.29522976266666206557332e-01	 1.02336169456303943681164e-01	-1.49182133179184689408814e-01	-9.56342617960116880837518e-01
-2.52619195101190414931569e-02	-5.27483904620011101460619e-02	-3.80657753169581336560867e-01	-9.22864625867856225305275e-01
-6.42326069925102660640448e-02	-7.64615711460692737411193e-02	 1.68856046661906462891256e-02	-9.94858118875187824592388e-01
