-8.10480473913375992767172e-02	 7.77741036848798722447285e-02	 1.03878468221272071692063e-01	 9.88226525979781222908116e-01
 9.67810458893237912647578e-02	 1.73797367633773847117595e-01	 3.81816810210096502231636e-01	 9.02576217059327556846426e-01
 3.18889988848792771403140e-01	 4.57547975602709433573523e-01	 1.96685292225729224657726e-01	 8.06395635439552060930168e-01
-1.48139472015271500549005e-02	 4.53798603206504780338548e-01	 7.67913964577660729249331e-02	 8.87665734455375887712592e-01
-2.82241936933857573421847e-01	 3.21508899442942142066215e-01	 2.69590012904381282066169e-01	 8.62724023982772703078581e-01
-4.52714460288380915464757e-01	-3.17965140562223927411800e-02	 1.29354781529297135911349e-01	 8.81649556022788716269645e-01
-1.46190628804247158001317e-01	-2.46601715787404585089604e-01	 2.00274795026233132233529e-01	 9.36859594762057823480461e-01
 7.49757374705429663341860e-02	-4.84039845854120853729796e-01	 2.58681975306944422765554e-01	 8.32566935487810799720876e-01
 2.34474519700835021263075e-01	-1.18066442040554955839049e-01	 2.29849689223761949330438e-01	 9.37150540328866910044781e-01
 2.09676126854955846567918e-01	 2.14766621210460029178790e-01	-2.62894348671351939239482e-02	 9.53530327706105906848677e-01
-6.89843227586765944669978e-02	 3.93176592412897984996079e-01	-2.83062120157076047011202e-01	 8.72083233713554117905176e-01
-3.30352118579004983001113e-01	 2.00346049839214390697606e-01	-9.76688880339972032018636e-02	 9.17163958283571223439878e-01
-2.99978811298476810698332e-01	-1.94823313504189660205768e-01	-1.34633988723443148716186e-01	 9.24083480194087591996777e-01
-7.75243865679696303461199e-02	-4.99551100562812100402965e-01	-9.51228573393672199864923e-02	 8.57549012841445579269362e-01
 9.76655000210990553721757e-02	-2.13466094068983286424768e-01	-9.05406181940298926402733e-02	 9.67830601523636202543344e-01
 4.12079975230984829615011e-01	-2.57468732832908352159418e-02	-1.11674841228245710911260e-01	 9.03911457149654262721583e-01
-2.00623909072824464783213e-02	 6.08045643945485173031962e-02	-2.75528081753396270059397e-01	 9.59158267224531901895546e-01
 4.86367796482947700731359e-02	 6.57827535744984065457786e-02	 6.88973536375694250999402e-01	 7.20154538395454402177620e-01
 3.13952829609360495322079e-01	 3.15529143217689267419956e-01	 5.35071878725948746335916e-01	 7.18034167123870359361604e-01
 1.82085602188045495020141e-02	 4.93181224654062499990204e-01	 4.20776345872647228318897e-01	 7.61175403397626682000521e-01
-2.42241097150190903830591e-01	 2.78136126706819031273454e-01	 5.90006720027651088145149e-01	 7.18228108746944760021336e-01
-2.19005617435588634256405e-01	-1.38493584457571577289725e-02	 4.45807969581622998145320e-01	 8.67813337682596275257652e-01
 7.96890376122750820897522e-02	-2.06831946674329719693120e-01	 5.14293404037438950382466e-01	 8.28476009117294798222986e-01
 4.15874093488699636544936e-01	-4.29227909148874597899948e-02	 5.17947350868970035620009e-01	 7.46282060693438720200277e-01
 4.72160587150711408277459e-01	 1.48155252902467032827261e-01	 2.33940234101757404960864e-01	 8.36890893633881360891280e-01
 6.22221096030598608273010e-01	 4.25025752697324621376396e-01	 2.34824899217665916673070e-01	 6.14045017817070548638014e-01
 1.62323994733693632852578e-01	 7.31476184748853452965989e-01	 1.72922044031384863904677e-01	 6.39289823606605467354314e-01
-1.94889612248886123779812e-01	 6.93177296988901625596213e-01	 1.98623830760060265943068e-01	 6.64884838021470914171118e-01
-5.16134868509463662356040e-01	 4.99430746116537038759020e-01	 2.86349085222014909657418e-01	 6.34174998509648868427746e-01
-5.56132018876855260813841e-01	 1.59859769712744181902053e-01	 3.50231828458725968911125e-01	 7.36545788082315411315903e-01
-5.23852440499552041153208e-01	-2.39090213084254238351534e-01	 3.53646210154941187386868e-01	 7.37122003899650324321158e-01
-2.37974555591001252219385e-01	-3.95747627657325296013369e-01	 4.83498358900938562943139e-01	 7.43627099449020723120896e-01
 2.50996934702722551691068e-01	-7.07923446723604854469158e-01	 3.36297844438804727218439e-01	 5.68109753634473579886333e-01
 3.78572975336447514749239e-01	-3.97793363747858452761363e-01	 4.12076650436275448985413e-01	 7.27073432514414474958642e-01
 5.68793735171303938003007e-01	-1.88267152275063992528104e-01	 1.69182252061957055788710e-01	 7.82564075198548092515693e-01
 7.12008048280349026271097e-01	 2.49267963171565277991082e-02	-1.06488224204532758165875e-01	 6.93601796505124656988528e-01
 5.40285931314896661348257e-01	 3.12161587270150531203683e-01	-1.06236124283455427019796e-01	 7.74183532344498548383172e-01
 2.73472550127923763607640e-01	 5.24572489432278299403833e-01	-1.68936169023983090431429e-01	 7.88350834624314100729237e-01
 6.58405288482590347887147e-03	 7.13222155208268149273465e-01	-1.34007267977153926574729e-01	 6.87977368593605809188318e-01
-3.38972539685538143405807e-01	 5.13774466317711953067260e-01	-3.47446841234775941065216e-02	 7.87353936945924259838137e-01
-6.47764165232200150867925e-01	 3.22835660482951092298265e-01	-2.45962089019221424868178e-03	 6.90052659459148953757790e-01
-7.57056811754120317914385e-01	-3.53872978053756184757539e-02	 1.17266405658795855315724e-01	 6.41764219191586549051465e-01
-3.48083082180548508688389e-01	-4.85303928144286134127583e-01	 1.33647852056392318909062e-01	 7.90858088956626792409565e-01
-1.37891695499077121533915e-01	-6.97208648973026923201246e-01	 2.88408367809887100641220e-01	 6.41643665508226712645978e-01
 1.61947347479325681751661e-01	-6.93796909572474640448547e-01	 1.08411561653905790664210e-02	 7.01641913118858373543674e-01
 5.61414211326252576839124e-01	-5.34270399780104598974617e-01	 1.71953760522338183758251e-01	 6.08112758854766344285281e-01
 3.40661904497274348191382e-01	-4.13104849558568132383840e-01	 2.75452823790497923484022e-02	 8.44117946447142553090259e-01
 5.46475977964793635521801e-01	 6.06543216564504744647834e-02	-4.33274132573861714412544e-01	 7.14113845835652294447016e-01
 4.88208921237777648816092e-01	 4.49840982035110081849183e-01	-4.14077482264279650436833e-01	 6.22763983212908933673191e-01
 1.16063119932085234697894e-01	 5.50640854511089572476124e-01	-4.78688150006985835283047e-01	 6.73930008663968571624991e-01
-2.65998222123972283270632e-01	 6.27636882049025013330379e-01	-3.48442866963014297176926e-01	 6.43354069374912129752886e-01
-4.63177883043455695943891e-01	 3.58663326977833041286914e-01	-3.52426578677014268325962e-01	 7.29809819872676790453170e-01
-6.10197350661720316900016e-01	 3.80418576484127107795175e-02	-1.85852630041522942638821e-01	 7.69201410697305298924675e-01
-4.85906143255650069257001e-01	-2.13004115674969962679342e-01	-3.98553774873748711815580e-01	 7.48117206850523297489985e-01
-3.86779451719452882496597e-01	-5.14814474679901490361544e-01	-2.46629553078117152997706e-01	 7.24252425564557378301345e-01
-7.40856988877868910536861e-02	-6.29615746676499998812915e-01	-3.96380020207642957963401e-01	 6.64061894959716902953062e-01
 2.12975479655153926428213e-01	-4.83273432908972067068021e-01	-3.16325497605315530957881e-01	 7.88052291205846189292572e-01
 5.57632462667480899298766e-01	-2.89000309987002268474754e-01	-2.26663534529897542357801e-01	 7.44411512217020288062486e-01
 2.65909466095869073676283e-01	 2.35910443843730444068996e-01	-4.00361789148259927806350e-01	 8.44599820101844422914894e-01
-1.41993824759368225674194e-01	 3.33328727777242206364861e-01	-5.92631128876678792138932e-01	 7.19387279603249996107195e-01
-3.18517513748365899139969e-01	 7.31030452784400958110567e-02	-4.42380380176899068445096e-01	 8.35165934076049332190905e-01
-1.01437261907472570099387e-01	-2.66782819106211543935814e-01	-4.11374708076543194046337e-01	 8.65625934732431767670846e-01
 1.06191644259208989309329e-01	-3.31335454521000771777040e-01	-6.34841307041962621404707e-01	 6.89867136585110896085382e-01
 2.69108130256174915562184e-01	-1.47783346749736976821765e-01	-4.06645994974702384983090e-01	 8.60453329021688917421784e-01
 3.39667723718038092051152e-02	 3.69778037074327409206020e-02	-6.08101494244998486138343e-01	 7.92269823421677843455768e-01
 8.49739673081102431240197e-02	-9.92539441356282692296986e-02	 9.01193724384440342234370e-01	 4.13252889383175059379028e-01
 3.22451327406995835733738e-01	 1.23913861630461044627260e-01	 7.80882207109551695900507e-01	 5.20474278873613971363454e-01
 3.64454595724677046786333e-02	 4.01136915528882087578211e-01	 7.21918606312258792634395e-01	 5.62667245658295067656240e-01
-1.99533027237308063783772e-01	 1.12257162211532729445551e-01	 8.39643045143925403905882e-01	 4.92528636035678091253942e-01
-2.97368197002468470646619e-01	-2.07982253570615005511257e-01	 8.79309519049973120630170e-01	 3.08432014095966322564379e-01
-1.40862307343699005857118e-01	-2.43909972803022151444097e-01	 7.42916520265377022802511e-01	 6.07240297949519836073762e-01
 2.83042129079582371886659e-01	-2.59233206525665060837582e-01	 7.13169472894709777222033e-01	 5.86578725092890440606652e-01
 6.11736805829557916958095e-01	 2.06038217100885490129514e-01	 5.20256392966756520124250e-01	 5.59159743780395901424640e-01
 4.05390466745319255625901e-01	 6.04014129959120738000422e-01	 4.17747985538324539955823e-01	 5.44345589548046571160000e-01
 8.36311730099850159092512e-02	 7.03783742174593718310405e-01	 5.20091985935009493147163e-01	 4.76653540129386765755726e-01
-2.60476734271060827996536e-01	 5.93730001220413416973543e-01	 5.10869911551294464402417e-01	 5.64489583629196545189188e-01
-5.50037121758052194309130e-01	 5.83787300952653964714045e-01	 5.12400282368373205521550e-01	 3.06753162271140356054389e-01
-5.49444243525871955924345e-01	 3.02374177965707702231413e-01	 5.86099824391601575968025e-01	 5.12998904096274244146514e-01
-4.10388711628836666545084e-01	-4.59263026415300604221592e-02	 6.39900979345698117661811e-01	 6.48073002620629723402601e-01
-5.12620390072834775097022e-01	-3.22589742830258985328840e-01	 6.56765193892559495658645e-01	 4.49238993847985990104377e-01
-2.42191056844287572191732e-01	-5.86588608853595872005826e-01	 6.34737579028748166720675e-01	 4.40869030117306048843773e-01
 7.12690888619162271622187e-02	-5.29521254278549458049952e-01	 5.76583954913484908466614e-01	 6.18125311871621008208422e-01
 5.56672128960167933442449e-01	-4.37725660016165474264227e-01	 5.45337567837870906828357e-01	 4.48463292262635648821600e-01
 5.82096541984023940763393e-01	-1.01184835411699966534194e-01	 6.91377490059666977018082e-01	 4.15839405458096778023247e-01
 7.61382250601532972744678e-01	 9.79430712586591978308093e-02	 2.10849799979014373985109e-01	 6.05183100482965752320297e-01
 6.75974955312790504180498e-01	 4.73157647168530648418283e-01	 4.79872051594439685828775e-01	 2.98165247496005758609527e-01
 3.11317105746071298710831e-01	 8.47317734083316453919110e-01	 2.49918527941506818379480e-01	 3.50249977258177747074797e-01
-7.17542470074157417991856e-02	 8.86096001392964405241059e-01	 2.53111452463492925257782e-01	 3.81601620782222983319087e-01
-4.21360738271288726153330e-01	 7.82884798031883488711458e-01	 2.49543650949261147653502e-01	 3.83763582854033447055997e-01
-7.27056234690776848061944e-01	 5.52257222649755186161258e-01	 2.00733049003519348207902e-01	 3.55116086183376922225108e-01
-7.97141375437605770315486e-01	 2.50309312512373538517352e-01	 2.56531768396698056644567e-01	 4.85903619494944427614769e-01
-7.11492340675845991171400e-01	-6.26613559188969049262852e-02	 4.84221657364605484463738e-01	 5.05352936246625472627159e-01
-7.46654761679004574936869e-01	-3.60516409417652283764255e-01	 2.33142812436308327628254e-01	 5.08113190551043314435731e-01
-4.94315732014801001437121e-01	-5.46110907382331367543316e-01	 4.06187798590442017410140e-01	 5.40764557082810903843040e-01
-3.15090204289556974348585e-01	-8.12154575592049510213144e-01	 3.25297458031293729163735e-01	 3.67837834247704720258554e-01
-1.92807362591021101347333e-03	-7.99440228323778478980444e-01	 4.88225755559201723965401e-01	 3.50038877095622869006775e-01
 5.30031389040311662341765e-01	-6.98557215921299490268837e-01	 3.52496664342409560255476e-01	 3.26849574489175787039841e-01
 7.90285769946468930058359e-01	-4.70210560788925036046493e-01	 2.26385240099910151068130e-01	 3.21092126044204340118426e-01
 6.98883111369867804363309e-01	-1.90964573643466445362904e-01	 3.98156080813962365283487e-01	 5.62642571768265264964271e-01
 9.07033171372031432611038e-01	 6.29115339064819228953596e-02	-9.79243912063126054068363e-02	 4.04652664070312917399264e-01
 7.45024949513785728072435e-01	 4.22736558804590434323956e-01	-7.78004610461138501609213e-02	 5.10077165449548508568967e-01
 4.67586779456060974702325e-01	 6.69763563768357550465282e-01	-1.58258668502999876037673e-02	 5.76653201035643991900770e-01
 1.42225665504842446740241e-01	 9.03610366066951109509375e-01	-7.23174398548064589764550e-02	 3.97530318719090336454514e-01
-2.38290253258986561846200e-01	 8.45229198046921426090705e-01	-8.07074576391303422084889e-02	 4.71478169433277027877693e-01
-5.32142014648920635977447e-01	 6.45710596751022714023804e-01	-6.16653622811398627323598e-02	 5.44132414567963129670147e-01
-7.87630317577959315755720e-01	 4.64058641630709978187497e-01	-1.45190020153982579653729e-01	 3.78428220416487048893828e-01
-8.88854403513998803099128e-01	 1.46242636989292573712618e-01	-9.28856480160549918823065e-02	 4.24173545701318877032548e-01
-9.18053005563275625888764e-01	-1.70354087749580412891603e-01	 3.10203312057858206218786e-02	 3.56645345988318873686751e-01
-6.06356161541036220441470e-01	-3.25643377348171558782752e-01	-3.59560485515115074717230e-02	 7.24565910544415991978440e-01
-5.04228850964892560959640e-01	-6.67418464499575536663656e-01	 7.20654622555540608219715e-02	 5.43242513293599293966452e-01
 1.96773244553099802001128e-02	-8.98890087893367772942099e-01	 1.05057973366797868797207e-01	 4.24937919020408449988224e-01
 3.93672701432211169514375e-01	-8.10462294834535579290957e-01	 4.81230878470143008662774e-02	 4.31111170366382412399986e-01
 6.81979133510434709641856e-01	-6.57648442462070992320378e-01	-4.33230424160196345151341e-02	 3.17058514440770877751419e-01
 7.70046577809138099723896e-01	-3.10568009157369540051974e-01	-8.25145263048998600652340e-03	 5.57232171739885928651859e-01
 9.09605539607263979817731e-01	-1.21772683803486478359979e-01	 1.90838850509297469626446e-01	 3.48381556531576708213294e-01
 7.45580238954057450406765e-01	 2.41574844713109582183819e-01	-3.73834809556786717976706e-01	 4.95983101372101942150294e-01
 6.42836361554645185911738e-01	 6.26054744619363612301299e-01	-2.73047653717239602322309e-01	 3.46787900311240737671881e-01
 3.19120147478372639948674e-01	 7.46351533552765400436613e-01	-3.18580103981903783871843e-01	 4.89518576954640571852195e-01
-3.29266522742655207145468e-02	 7.92277551744937080790976e-01	-4.18418212417477008990829e-01	 4.42875056972529546062134e-01
-3.68148593889768949161123e-01	 8.07354961855006991733319e-01	-3.64444903126640518120638e-01	 2.82532283058237077000285e-01
-5.76008079769087077970369e-01	 5.59273530501032234418801e-01	-3.98432481612049638197703e-01	 4.43485476332769523732935e-01
-7.17793649653829635148838e-01	 2.23290305197026250905168e-01	-3.70047554202556472358054e-01	 5.45874091481140188975019e-01
-7.82184493141335535071335e-01	-1.69322491333482011421907e-01	-2.59710435997015043341207e-01	 5.40432976466180381436288e-01
-6.20316896157757646790287e-01	-4.20080330504630727883608e-01	-4.48481639477272431282273e-01	 4.87446082470773200956415e-01
-4.73634869775036271288826e-01	-7.03122998121355924361353e-01	-2.78900083315772429060075e-01	 4.51112849708889540600865e-01
-1.83463939193061059684808e-01	-7.63620496803780079986268e-01	-7.31738846157572730977137e-02	 6.14711560398169765129239e-01
 1.50794577151298653250322e-01	-8.18619007117889485591888e-01	-2.48252466026753298988794e-01	 4.95474146448346364213222e-01
 4.68309694717216340453803e-01	-6.07522146004226160087569e-01	-1.77178577424202066126213e-01	 6.16612214970011174308695e-01
 6.89602499919901856806348e-01	-4.67651055326647357990311e-01	-3.38936718590772123604893e-01	 4.36889898426382483620500e-01
 7.84374385041711530419661e-01	-1.33814855913497898765030e-01	-3.68385310335496984901482e-01	 4.80772993788447289276178e-01
 5.45462754102774671771670e-01	 2.31550619818864183985241e-01	-6.70351258699955487863065e-01	 4.46636187861553901612410e-01
 4.17161778321523402102144e-01	 5.90850418602679061663707e-01	-5.95811998197752989980813e-01	 3.49113013719431708459240e-01
 8.65020258372109496214364e-02	 5.86320199266907926549663e-01	-6.99623555985663614364967e-01	 3.99090094299077824402389e-01
-2.74839558322178323379603e-01	 5.60888224330220230839927e-01	-6.35671229263048975788308e-01	 4.53640502243976062590747e-01
-4.56679278550585432405740e-01	 2.59796887077874516513987e-01	-6.56626602975186934862961e-01	 5.41101763324080553552164e-01
-6.00253779630897210672913e-01	-4.54016590412236811791225e-02	-5.86931258840659664244299e-01	 5.41429392248744867366383e-01
-2.69406926647773492522475e-01	-3.94619713787974113472501e-01	-5.89145619738694947820079e-01	 6.51615398917802957079459e-01
-3.44236290676523004616882e-01	-6.16513962167108076073418e-01	-5.90810506601255780445570e-01	 3.90326601609279955074072e-01
-2.71180067849742870156327e-03	-6.18537100572133402565100e-01	-6.57009589176439146029907e-01	 4.30979003065236621061729e-01
 2.95626920440289320257676e-01	-6.09596789472122035924428e-01	-5.20911487083155155808356e-01	 5.19276131553423336839614e-01
 4.83229161222697212174637e-01	-3.24585358317421579510409e-01	-5.34724715340706535648962e-01	 6.12538489985535283821605e-01
 6.24078694505650344304115e-01	-1.10704180154663461843612e-01	-6.71362448142143297680207e-01	 3.84113044278627913108437e-01
 2.36965832181560948077603e-01	 3.06878072413671432183691e-01	-6.87158488782968812635943e-01	 6.14399100213921411928197e-01
-9.39718718351247178643959e-02	 3.02552346307057351548764e-01	-8.28100336369607226139067e-01	 4.62472915912316540065774e-01
-2.89790580969543909439778e-01	 3.25255103065989550903403e-02	-8.84848787662089519834296e-01	 3.63326483116163723163794e-01
-2.59146186909336717629770e-01	-4.54694916613019722850808e-02	-7.08349296222533952871458e-01	 6.54993934078365813711287e-01
-8.37986779080012039733205e-02	-2.96316103181569756586100e-01	-8.28597400674216943983197e-01	 4.67547747478363584505701e-01
 3.52398598832964871085949e-01	-3.60621490606872277528971e-02	-6.91206624148548720576457e-01	 6.29879473930413880111701e-01
 7.72767615952685005265010e-02	 1.90642465203859912126205e-02	-8.54371017275458499717899e-01	 5.13531908903094636009712e-01
-8.02221053876234074797580e-02	-3.43419829731061859723340e-02	 9.88903097355963267567347e-01	 1.20231884508371550390748e-01
 3.50135793976866394050518e-01	 1.50268254675742906484315e-02	 9.14996241337361126966243e-01	 1.99902472798757502303602e-01
 5.83821922004747473344821e-02	 2.59788578719088891766376e-01	 9.17311291030168285409729e-01	 2.96042918087138673399750e-01
-2.99279358127463535055313e-01	 2.24672063208970790304519e-01	 9.16733167416383998293838e-01	 1.39837868873070231279243e-01
-4.76538159816097872667484e-01	-3.22261778714381802446454e-02	 8.78544455486348296879839e-01	-5.70047656614054883139620e-03
-2.55246640227055232585940e-01	-2.73602401628208258266284e-01	 9.21772315062094005355675e-01	-1.01620262060008473281592e-01
 3.60001371584717441698409e-02	-4.39972359748618646602125e-01	 8.21852406615816821755516e-01	 3.60120722149661176558766e-01
 3.77164904860434579969564e-01	-3.26576383060027397586822e-01	 8.27322824790532651562103e-01	 2.58130672624667822923072e-01
 6.86952735721991891715277e-01	-9.36710428293148211764674e-02	 7.17231083827887916370969e-01	 7.00089066506062451811232e-02
 5.86488027149817958694200e-01	 2.33940698145237546690112e-01	 7.31085806475661126313526e-01	 2.58490013987127675854083e-01
 3.57930160572688338405101e-01	 4.65847997711999584069531e-01	 6.99789000243180137061927e-01	 4.06407428966032713280043e-01
-2.86099760822757342992873e-01	 4.40982763926119181174812e-01	 7.64363209190735193310218e-01	 3.73403284951916214495782e-01
-2.50514973907527138674567e-01	 5.58260645959281265326979e-01	 7.90586520832951777926212e-01	 2.36696450857512875887156e-02
-5.69590892958951822144797e-01	 3.80438952800761565065102e-01	 7.21089136981038936191624e-01	 1.04225113950641296023392e-01
-5.22951939709020208191248e-01	 6.90349019324222185067796e-02	 7.77732596155015776240305e-01	 3.41888081026135048912096e-01
-5.56834270322552504772773e-01	-3.49300987318141520354686e-01	 7.46181862494343928204898e-01	 1.05532192895789078690427e-01
-2.35402033597873344694662e-01	-5.15212548298136341351494e-01	 8.10354035944243267231002e-01	 1.49894126245834924393563e-01
 5.51023643940919266581702e-02	-6.90874892873909129953347e-01	 7.13580105238667439238043e-01	 1.02269473657672471667013e-01
 2.96582239860375296292005e-01	-6.22114474177205445393213e-01	 6.35880067126540882149754e-01	 3.47374576285841396572351e-01
 5.93139865560089574181291e-01	-4.59849846266123407634296e-01	 6.54612610077541678954560e-01	 9.05844881856143757659083e-02
 8.28805961033925786551890e-01	 9.52961714228629241940638e-02	 4.67037409082379173508315e-01	 2.93045008803073492309466e-01
 7.73223089616764114317959e-01	 2.74484044105301139282460e-01	 5.71640047044388088792743e-01	-3.49568737077211432601187e-03
 4.01519039087917972707942e-01	 7.02961601582257844533785e-01	 5.53714274610311418811648e-01	 1.95007564067649435957108e-01
 9.53717164220498486715272e-02	 8.61997567551095578153308e-01	 4.78743960273383672987535e-01	 1.36633267341682268503078e-01
-2.33482043914850778687509e-01	 7.54026423683748503457025e-01	 5.60531903907301898293269e-01	 2.50468106269231716165535e-01
-5.73072852658015441384975e-01	 7.81546555293428313326842e-01	 2.40347769827217672133912e-01	 5.48218660250065839556477e-02
-7.70978032734779494816735e-01	 5.06458395900484803497932e-01	 3.83862265642532451970226e-01	 4.17435896647482887478198e-02
-7.81146559814230312390748e-01	 2.53768969465684446351617e-01	 5.13284478997697135582712e-01	 2.48898384580495540818745e-01
-7.39539602729205158837544e-01	-7.69115135824057910562956e-02	 6.46834801289143057623221e-01	 1.69618792929402600888622e-01
-7.71919552515963225403084e-01	-3.69814077926843509658283e-01	 4.56856424283049844525806e-01	 2.42198182903959058354104e-01
-5.09150186698904883009220e-01	-6.35807870996367041627195e-01	 5.48658069496490763405916e-01	 1.88384610146161202148818e-01
-2.31884961157787450325429e-01	-8.03431727445650945007571e-01	 5.46389934730577286892128e-01	 4.67425218368060294005240e-02
 3.86812128287637391199638e-01	-7.52966215409798023117105e-01	 5.31127981882230759680397e-01	 3.63500030638636770219385e-02
 7.02695420805612647185967e-01	-6.17719717528005696216553e-01	 3.52199760085766477857305e-01	 2.44300051467863203746855e-02
 8.07234107470490847013878e-01	-2.69069651295713196947901e-01	 4.83021397206739921958984e-01	 2.06554952321100937506770e-01
 9.84539806919329851808698e-01	 1.04569112317667217704198e-01	 1.02731940114092548665958e-01	 9.58791834588617608581274e-02
 8.59653569692453545236788e-01	 3.27398921537093545719443e-01	 1.90021787076759374190971e-01	 3.43070556485870259422200e-01
 6.21630189529188026398288e-01	 6.84279060558887541887430e-01	 1.89657678039660493318763e-01	 3.30708391044370719757950e-01
 4.18280708575115067748840e-01	 8.85744997079886964286288e-01	 1.99209027506442287736022e-01	 2.85098639384374699656810e-02
 9.52065928963631014081415e-02	 9.84519804509925267055337e-01	 1.12544567739883069612539e-01	 9.48165569352073661635316e-02
-2.75326900054128631545325e-01	 9.47969063187036109496830e-01	 3.42906866624568054668920e-02	 1.56121434002812226049528e-01
-5.84282900134175942064019e-01	 7.75979276543928508935721e-01	-7.29461330926378381800390e-02	 2.26160378165560338459272e-01
-8.32633485728346056653493e-01	 5.50376550050970081429114e-01	 1.34479330232585379129029e-02	 6.02186407622940997330652e-02
-9.42933113692222546475818e-01	 2.54737344818374122912275e-01	 1.26810925834463739114710e-01	 1.72930672081562764041962e-01
-9.07865819366175941240726e-01	-3.97604415817740530769697e-02	 3.28025504826020497528560e-01	 2.58065940207999611200052e-01
-8.80448044586061295824209e-01	-4.36594073756242484485313e-01	 1.24820678931925069243825e-01	 1.36442858576339726139892e-01
-6.66269585587507928714501e-01	-6.52966140704733910560265e-01	 2.45826687603065308085348e-01	 2.63228604213752936935578e-01
-4.54965504886785498950275e-01	-8.60951993944379712075943e-01	 2.19506518350533419425830e-01	 5.98743842384710928117286e-02
-1.01510990058107639089080e-01	-9.64317458883977685069055e-01	 2.19421988892636671275582e-01	 1.07895079495640561217940e-01
 2.35304017832292461376298e-01	-9.00534335334638003089935e-01	 3.03665887124521582940417e-01	 2.03609820667519259007605e-01
 5.30305796248724536923191e-01	-8.35537907084408448810109e-01	 1.32657987314405645395965e-01	 5.52632490150894578606611e-02
 8.04093325798950098182161e-01	-5.94204501745895341535686e-01	 1.09068191678767505842229e-02	-1.53614714833786442094166e-02
 9.48738259601220268457666e-01	-2.86487668492271141396088e-01	 1.29876435735126499748660e-01	 3.08648993429408678712544e-02
 9.68260809124678156756261e-01	-3.90771882706711579102965e-02	-2.28467914600697680205244e-01	 9.35221410580952122737486e-02
 8.97991978234769727684750e-01	 3.27229700434343018233818e-01	-2.22128876356281229620393e-01	 1.92846810884574199063124e-01
 7.98226685433484850484831e-01	 5.83792804177502011597767e-01	 2.08919274899701168032862e-03	 1.48377072777767848865693e-01
 4.60099536466307024173972e-01	 8.49168028291078513802859e-01	-1.01306092588009377664093e-01	 2.38661165412978992783621e-01
 2.68552737335301716647962e-01	 9.41183769951036253154086e-01	-2.03648879571085711370770e-01	-2.40763846935646251556928e-02
-5.63183199901417103072632e-02	 9.52225906217177064938539e-01	-2.47688380686011011544423e-01	 1.69542137639895396095113e-01
-4.01560076927818310199569e-01	 8.85051174383954308844125e-01	-2.31709104044483804596410e-01	-4.17709760744295610646049e-02
-6.87172926271361506067592e-01	 6.40664931495826373009095e-01	-3.35184432848793900650008e-01	 7.06626558157443102059503e-02
-8.92412925444458493551281e-01	 3.27046472019274281350931e-01	-2.93543249826933527746320e-01	 1.02333455528737071738021e-01
-9.77945048483098600122787e-01	 4.57506448709843038108458e-03	-1.89714486734947562762699e-01	 8.72408416696212329899396e-02
-8.89260156453671846144005e-01	-3.20775008960173579897202e-01	-2.51639269353642447413222e-01	 2.07358254935164465493358e-01
-7.43517221993067023433355e-01	-4.99284337883701079263687e-01	-1.00385401303290280883296e-01	 4.33382119784519737049067e-01
-6.50313671245626667705153e-01	-7.35633328312023881956350e-01	-8.52807887223723665170994e-02	 1.69301276848402293406792e-01
-3.33051176778562441072040e-01	-8.88543124517685467544936e-01	-2.91297416893890499800523e-02	 3.14196574882466050926411e-01
-4.55467917711888450882363e-02	-9.77602821855507064796598e-01	-1.38601700508555886193207e-01	 1.51683160158397722927504e-01
 2.82473537773340943601852e-01	-9.37545966818497888972672e-01	-9.88233528011270290214441e-02	 1.77342057903151967268585e-01
 4.64389658229772184228068e-01	-7.50905171552651129474043e-01	-3.46141909453047291744809e-01	 3.17284489354455245813114e-01
 7.55517277298808020979948e-01	-5.57718821504052608695190e-01	-3.32998168628517610123652e-01	 8.51796896752981397282767e-02
 8.99804486092582456180367e-01	-3.29567225377466854752129e-01	-1.32741404696472442559241e-01	 2.53213447991746609666563e-01
 8.29852448306095613617117e-01	 9.23538577049501513416274e-02	-5.11399427878836299043996e-01	 2.03190315154516271123342e-01
 6.97869483095368670078074e-01	 4.25906339824802138149806e-01	-5.34706317167891520547585e-01	 2.13708045337543173225470e-01
 5.07621138330778598479753e-01	 7.50941917737139030819549e-01	-4.18853991852049800659330e-01	 5.44825624822810605785151e-02
 2.08148143650358663503397e-01	 8.32811926475333419439551e-01	-4.78666600436458422596075e-01	 1.84328324036100055227649e-01
-1.35395886604213394610596e-01	 7.59602475172702296113414e-01	-6.20838599871669560847920e-01	 1.38677563115119639736150e-01
-4.86395634599070258996534e-01	 5.93600412279979172680555e-01	-6.19662799070596737038841e-01	 1.64547417579248622665489e-01
-7.10028892039769488064849e-01	 3.35390411171157420966438e-01	-5.64445182545552981423498e-01	 2.54507132442956807150125e-01
-8.47154284625404208064481e-01	 1.30245900743073701050223e-02	-4.41343551471027273347403e-01	 2.95594058920602698048441e-01
-7.30056741946349618821444e-01	-2.77398811946209467027558e-01	-5.88369638298568808920663e-01	 2.09495158411653809027442e-01
-6.92549450380214981493054e-01	-5.84340834420741361832086e-01	-3.91297812743568007576300e-01	 1.60645789700924024323569e-01
-4.10692345650842671744840e-01	-8.11981718805605101607625e-01	-3.96520701769170313966129e-01	 1.21609286725103862836228e-01
-1.45825076456785579503972e-01	-8.41996889933311010167927e-01	-3.71924133913956067587492e-01	 3.62558578758465088753837e-01
 1.60124574388559454130032e-01	-8.54265811080488490780738e-01	-4.57525846128671365153906e-01	 1.87776848466793488956483e-01
 5.45989642772757188815547e-01	-4.72608898290786672014008e-01	-6.33284353806369826322964e-01	 2.78364987858197354686496e-01
 8.11150487097509587108846e-01	-2.63821738725789900481544e-01	-5.00370365562167074280353e-01	 1.48534422691702222563137e-01
 5.91982399159164507373987e-01	 1.57801646805944745244332e-01	-7.84658379477984446737082e-01	 9.46926970049691146824600e-02
 5.03537621504024035523628e-01	 5.09587799310600719771003e-01	-6.97680806149672316784915e-01	-3.41046246022689084065327e-03
 1.75168418230459504991714e-01	 6.19231092246935288514464e-01	-7.63966871509676792584287e-01	 4.71539911886927412543180e-02
-1.43435130035446584129133e-01	 4.88786506335368187148305e-01	-8.46683457079453694049676e-01	 1.53757075297902084942692e-01
-4.42754215334462353226286e-01	 3.09495224647608369039631e-01	-8.12967367195736589913224e-01	 2.17406234038317436318977e-01
-6.17178750557540567456272e-01	 1.52447965043163366494205e-02	-7.53870485407681423239978e-01	 2.24804976081407037469262e-01
-4.41285440392670591513991e-01	-2.88622499915178687412975e-01	-7.52683042338138541538228e-01	 3.94249223736412190977063e-01
-4.89933529484749163973589e-01	-5.22487832985604971902660e-01	-6.88274480543572764190685e-01	 1.15107951511171119340915e-01
-1.40381427658674312608511e-01	-7.36431281460206976774430e-01	-6.55552931212176059894148e-01	 9.06221652495349666578406e-02
 2.25618673598704161387118e-01	-6.21598080217383164303158e-01	-7.26828643462688162024676e-01	 1.85559057541833355431393e-01
 2.80527184235617843555133e-01	-3.32585626103002240938622e-01	-7.98663060400417679218776e-01	 4.15726612290274577521387e-01
 5.64684827039900527623217e-01	-2.40663113482601359605084e-01	-7.86063767209402186608713e-01	 7.29113557708314652394677e-02
 3.05902864603662338893741e-01	 3.51219992023454274931993e-01	-8.39361348075675861579725e-01	 2.80250748414526740237562e-01
 5.38050009554693411950588e-02	 2.11268973142540922305344e-01	-9.63495658093693196910579e-01	 1.55391633282102786806078e-01
-2.61021346963761446957619e-01	 1.30167031246156250645640e-01	-9.56510093961904672710261e-01	-3.58337198376745868014237e-03
-3.74611377637616593805348e-01	-1.96116398354342164056519e-01	-9.01881207617673874565867e-01	 8.84022702596145848463749e-02
-1.35194669117651405931824e-01	-4.64489147611294395101567e-01	-8.56712159063946709913751e-01	 1.78931578279219655192023e-01
 2.38469446064182633016060e-01	-3.34814279006227177859500e-01	-9.07345951571115749700880e-01	 8.80627391970551509636778e-02
 3.55395956075311603150624e-01	-5.81988566332081441040414e-03	-8.88304107282761545860694e-01	 2.90818940787489710331215e-01
-6.20662937115625153172704e-03	-1.17633918373576271121372e-01	-9.72884460955334762211066e-01	 1.99046639337557534910061e-01
 1.78912011544669624640846e-01	 5.23496156193528003330862e-02	 9.77256308925138927889975e-01	-1.01094592019353238243617e-01
 4.03197506942511163519072e-01	-5.67395366703325743085173e-03	 8.32469930894722875969194e-01	-3.79991303586362849653568e-01
 2.74034223611819061083850e-01	 3.72393659355991168968814e-01	 8.50203348650606649528072e-01	-2.51758758942398019886610e-01
-2.51030282576940461103376e-02	 3.42733946806195122203320e-01	 9.37338878446268619626380e-01	-5.74378501689694759280158e-02
-1.81214710988173877126428e-01	 5.58141872886442347301283e-02	 9.53794191841754956939781e-01	-2.33072187589412588293314e-01
-3.06634637067531967691281e-01	-3.40429781103049999835264e-01	 7.89455741466389859795072e-01	-4.08463457061148782489823e-01
 8.38221554144985558920666e-02	-3.22095672096485874380534e-01	 9.41777367608977677981841e-01	 4.77871754541427801177278e-02
 4.07003427525952365950701e-01	-2.12403527974309835890665e-01	 8.84096889015403286649075e-01	-8.72103326417170837681070e-02
 6.39387347302595610010201e-01	-2.67297382521507087549395e-01	 6.76366205045739299350771e-01	-2.49528928340034233945843e-01
 5.34682756611028375814954e-01	 1.63048065199452946183456e-01	 8.24056870754810044665817e-01	-9.19779972566108494635984e-02
 3.15857343517970234891834e-01	 3.85591113285132791599352e-01	 8.59972411697978444955481e-01	 1.09549454675344951071203e-01
 3.97031600044367369295450e-02	 5.98459637788142817527159e-01	 7.63476855505221041475750e-01	 2.39526224309587532079746e-01
-6.90317153139217987156684e-02	 5.15800661845777219660647e-01	 7.90869211172470332193996e-01	-3.22040665661512570672187e-01
-4.15010560765356473211796e-01	 3.23453109254436987907155e-01	 8.25078600672700224194500e-01	-2.05887404371516369305795e-01
-7.06311605778384254961111e-01	 1.30055613143447268420516e-01	 6.88275109436948029362213e-01	-1.02405208667329258864775e-01
-6.32363927076941778615549e-01	-2.55198763769470315931898e-01	 6.96716277818137608157656e-01	-2.22656423499530270460056e-01
-3.97529460244148258318830e-01	-5.67030047639624723565532e-01	 7.07281317800029452058652e-01	-1.42128078868514418076074e-01
-3.72446722821072398468267e-02	-5.51701786674767435947331e-01	 8.08375704550253537661320e-01	-2.01907635465698065413420e-01
 3.02509926464231804210669e-01	-5.35640481214110120156136e-01	 7.84736530161911804981401e-01	-7.59315316898365455511311e-02
 3.33131463149798079381725e-01	-3.81315302023906455008984e-01	 7.59420932217449329293402e-01	-4.08536309784175433179598e-01
 9.16780529394124465980553e-01	-2.50668495750123385135133e-02	 3.96252277132701002937409e-01	-4.32347874212595448262242e-02
 7.51356602057447919840172e-01	 5.23074265219952150296479e-02	 5.97623512093911957165915e-01	-2.74906033887708345364587e-01
 5.38704573555193189093870e-01	 5.22898073474522440129419e-01	 6.58031959030280444444827e-01	-5.80424679189437547899288e-02
 1.80478765232014948249883e-01	 6.49746336895832166113962e-01	 7.34896386234412890559042e-01	-7.20028783478512818261308e-02
-1.13430187691717879183706e-01	 7.75460856439334156320342e-01	 6.06629129771389163927608e-01	-1.33398469119413748407155e-01
-4.78537857929217769203944e-01	 6.80401494732171041590618e-01	 5.53229876629549366384708e-01	-4.46321419965098331594788e-02
-6.81105814092674344273348e-01	 4.14524544847984177664557e-01	 5.48756267542406805937105e-01	-2.51258493509479818861507e-01
-9.02238325414275399438679e-01	 1.79291540344439892518125e-01	 3.84804491948990134986275e-01	-7.58027089914442286922025e-02
-8.66161221575641571135407e-01	-1.80667528767078922058431e-01	 4.57872166405297098545901e-01	-8.64700035799046973217230e-02
-7.22738346700249056908660e-01	-5.08054992210385636397518e-01	 4.60174300971734839826865e-01	-8.81420434541383690518757e-02
-4.85537621395987051275966e-01	-7.43237570788855550496521e-01	 4.16269334102943699971178e-01	-1.96394941539999423607554e-01
-1.66945659111350480641178e-01	-7.14551587831947609963379e-01	 5.75907212514044752893483e-01	-3.60383209660247394445776e-01
 7.49225153739800225904943e-02	-8.65552867191491381859692e-01	 4.84051344098130720272621e-01	-1.04398980183800185739251e-01
 5.31678467589245973279333e-01	-5.87229035467617732635404e-01	 5.51278853987290817784128e-01	-2.61861971565521212124139e-01
 8.21172958890794002506652e-01	-3.59477359574948862608323e-01	 4.17856199091808155898775e-01	-1.47807971436280188859413e-01
 9.72099627807324950801160e-01	-5.56315582431599828239221e-02	 2.92563830392073946640163e-02	-2.25990060391516894844344e-01
 8.82044700735602038577099e-01	 3.84418186192933497569157e-01	 2.71974305418006823131805e-01	 1.58044683798753693437789e-02
 6.59174693761532037861173e-01	 6.64848657368369511111439e-01	 3.51226332869888469012665e-01	 1.02493413757637468614048e-02
 3.12836335552029276563246e-01	 8.15411961709526345032373e-01	 4.62110922275530466851734e-01	-1.53916390852497503294316e-01
 4.27898667534063331663319e-02	 9.30823368989015964558575e-01	 2.96280877901463512991143e-01	-2.09653343491350063754197e-01
-2.44535350585479926976973e-01	 9.07554552244650425407713e-01	 3.40894903538975946322154e-01	 1.83810161634410940134643e-02
-6.03396971257118441833711e-01	 6.76094472816914038304503e-01	 3.03781216167043621734223e-01	-2.94151885270563961949364e-01
-8.46261834304873006296077e-01	 4.38896190618327741717053e-01	 1.82983241518708400485949e-01	-2.40266882826115857341165e-01
-9.67972227547331809383024e-01	 1.98988164057360056302670e-01	-1.77165115578491981496168e-02	-1.52051315286511695701321e-01
-9.84972166003765137176629e-01	-1.21084145947008767207898e-01	 1.23122202680111383910067e-01	-3.06349560671907239842171e-03
-8.82119512982176390281097e-01	-3.75683725635689524935401e-01	 1.68409509596800233133251e-01	-2.28834307274808412824285e-01
-7.18884771621455698209502e-01	-6.75797028938789012819655e-01	 1.28805148275434100391124e-01	-9.95605071603025970627954e-02
-4.65474827686349457156467e-01	-8.22455319627902969870092e-01	 4.75342952434495910618573e-02	-3.23482492233870100317716e-01
-2.00690096650562616042990e-01	-9.15916848328371613341403e-01	 2.67854138456796730949350e-01	-2.21526460194212099219513e-01
 1.85071194128709010096046e-01	-9.70421199545422052956667e-01	 1.15770342644578749791151e-01	-1.03094986980720643154896e-01
 3.93241431186037881939654e-01	-8.33006368244816997048474e-01	 3.08649733753042943007472e-01	-2.37058872680422083600860e-01
 6.71375373023399668603872e-01	-6.40131495632912828064320e-01	 2.01949131022638117549661e-01	-3.14170853638052138823156e-01
 8.63256600154139630554084e-01	-3.87887250348110335096408e-01	 8.46554056182420994192128e-02	-3.11712985945900467044112e-01
 9.11579739045572656763738e-01	 3.48306070431214642724171e-02	-3.47321196498606377112139e-01	-2.17203118387811394685016e-01
 9.40340083987739716597787e-01	 2.99040273877744400277123e-01	-1.05174401653017390856348e-01	-1.23587160668022180698422e-01
 7.55555636859386536841043e-01	 5.80654531523107864110500e-01	-3.00716193828609146265762e-01	-3.93162231263592745755808e-02
 6.08882928602685891128488e-01	 7.87197474805515606810502e-01	-4.43078720483267574081765e-02	-8.72841760606418021195552e-02
 3.05718691740031078829531e-01	 9.08333360422547197998711e-01	 4.23457124991171926509104e-02	-2.82264819800819133366332e-01
-6.25555972841785462579267e-02	 9.82185918375322097872981e-01	-7.45156090287790867643380e-02	-1.60763935647007222273785e-01
-3.57947892762314645587196e-01	 9.04060621222860127943477e-01	 8.66355732481865065119919e-02	-2.16891624248408715347480e-01
-6.46956000088419802551698e-01	 7.41357303735398986965777e-01	-3.36090403266288278993912e-02	-1.75236167945134441170651e-01
-8.32819768614075250923179e-01	 4.60170335934395879906589e-01	-2.12042578135201553735101e-01	-2.22918011810171984299345e-01
-8.79409753678081274053113e-01	 1.45201818259552833945136e-01	-3.58719906752268391514349e-01	-2.77263314575910302384187e-01
-9.43221595273043500462506e-01	-1.45973441605537490595168e-01	-1.28646822651611786314518e-01	-2.69211388277045937655885e-01
-8.64839946430332351390291e-01	-4.65707432975696333787852e-01	-1.66965191028003223649989e-01	-8.53878147896380695902607e-02
-6.19082083327130550109985e-01	-7.28281181256652310196387e-01	-2.36740185919569023909048e-01	-1.74063148028303332770506e-01
-3.66172980104228551478940e-01	-9.23640309536382764221685e-01	-1.05638676386655791517022e-01	-4.05758215246314404844874e-02
-7.25798455818352228341439e-02	-9.68325926832637295937900e-01	-7.12076669989451516151746e-02	-2.28049410434664645563885e-01
 2.42977493508255926180084e-01	-9.22620643701579368212151e-01	-2.64308999582160586427904e-01	-1.40974601272733035539630e-01
 5.55720791463685581668130e-01	-8.01897105958799594205288e-01	-2.19387730520763962749342e-01	 2.11118138140764044843878e-03
 7.26816725366975169286832e-01	-5.77045308836493409110346e-01	-2.14577012636607999951366e-01	-3.04487873197885783316252e-01
 9.05681138593309564832623e-01	-3.14019377880024708193929e-01	-2.53033601565315013903756e-01	-1.30795649740556352291776e-01
 7.67223312165726145650524e-01	-4.72051175241589640596551e-02	-6.31459689095666409919261e-01	-1.01974149646798434298844e-01
 7.98522620860754650529145e-01	 3.06280786455882803043238e-01	-5.05568051223059922172354e-01	-1.13818493243211985022079e-01
 5.66044951466098233971991e-01	 5.42919022338663626037203e-01	-5.42653928239853478032728e-01	-3.00597342417441071305007e-01
 4.75031439748613393270205e-01	 7.74454650491736451556335e-01	-2.84998927841752347500659e-01	-3.05517162711251788476119e-01
-5.77207680500125691613889e-02	 8.87783460284765069125967e-01	-4.40553769337798883931612e-01	-1.20088371222126955029097e-01
-3.87503689941795514961598e-01	 7.43198409202115661820187e-01	-5.33099658936561859867709e-01	-1.15333293036566836287093e-01
-6.89586173548903946795008e-01	 4.45352752207361091141280e-01	-5.56722870558791882444893e-01	-1.27245749431123905681673e-01
-8.05097497520690819072797e-01	 1.22678572189082166210561e-01	-5.79695622111855324298801e-01	-2.68509425517667009442047e-02
-8.77107122740026001750380e-01	-1.83413609201288074768144e-01	-4.35562633916538488598746e-01	-8.56021911761471049340244e-02
-6.94338538415673944825812e-01	-4.75477495969479690973714e-01	-5.15190508592746398974782e-01	-1.62461948632060038111291e-01
-4.32740385154547657631241e-01	-7.01318055516233829216333e-01	-5.36293111922859222495674e-01	-1.82423798248249613429550e-01
-1.15955576549834335486899e-01	-9.06846995436528247047647e-01	-3.97414793039822633602398e-01	-7.90209681530896074219683e-02
 1.93080594422508800001026e-01	-7.75369644646429323486814e-01	-5.83544333861979902522421e-01	-1.44906206340165155666000e-01
 4.88059404318399059352629e-01	-6.79382680615643108623658e-01	-5.47581611467804485471333e-01	 1.97881256867637293772599e-02
 6.95271018796020157104465e-01	-4.33802791835303458434225e-01	-5.46771754690638989160334e-01	-1.71621666728767996445981e-01
 5.71946197024780556006363e-01	 2.16092142641658296886575e-01	-7.45850962134055217589435e-01	-2.64363529786414641620240e-01
 2.50070836506014970712641e-01	 5.11572258006803726182454e-01	-7.48585759553853202774576e-01	-3.39673022420361070405903e-01
 2.60508658938226778101210e-01	 7.69875087329954577164415e-01	-5.53373917894630196201433e-01	-1.82222104918279920182655e-01
-7.76379307949130320620768e-02	 6.71005503795195412664043e-01	-6.96616157306269245808039e-01	-2.41764130834760893051794e-01
-3.86964962153293345892280e-01	 4.66649142743062295135559e-01	-7.86354594377339899402557e-01	-1.18924966026964090692886e-01
-5.63499739818015377146310e-01	 1.44464378897772971477309e-01	-8.04264297191920163321299e-01	-1.21478503106913687803470e-01
-6.27122917656591671864419e-01	-2.14162324996812092336995e-01	-7.42189986349538366461331e-01	-1.00026840719455570316576e-01
-3.24648927498326134166717e-01	-4.70707876909461475634089e-01	-8.06250649215030867900111e-01	-1.51647812809532489541908e-01
-1.35933580248257662725919e-01	-7.03661645589783946164175e-01	-6.31058439713494290224105e-01	-2.96896608187324773098226e-01
 5.67408095565171272101068e-02	-5.40158052622334294845530e-01	-8.28192491610012182512435e-01	-1.38227911649269757932146e-01
 4.04391468416446409062104e-01	-4.80879088296211010256087e-01	-7.60154395104282065709356e-01	-1.65493620164156418628210e-01
 5.20938345661739243830368e-01	-1.38561058628775379819587e-01	-7.97039701734235106478366e-01	-2.72308257146720966712650e-01
 3.07002052925097967950308e-01	 3.06318855464419781409191e-01	-8.96196323725199417431497e-01	-9.35448963235345209987770e-02
-3.67509490131928545642026e-02	 4.05640554506028094827741e-01	-8.97877643377413048320079e-01	-1.67095319532579084098600e-01
-3.08958623303795476555678e-01	 2.43896735038758527558400e-01	-8.36752095400172590800025e-01	-3.80663739495998576511937e-01
-3.55776249016048429218984e-01	-1.11155079588621974462370e-01	-8.80252645236506481296601e-01	-2.93637684011863797639563e-01
-6.87545946561248511041953e-02	-2.30487511111776871564061e-01	-9.62542013499239179630251e-01	-1.25144657033374573362750e-01
 2.10164267605978311026504e-01	-2.41848562479462153573806e-01	-8.80791374223897749473622e-01	-3.48635638655944213315507e-01
 3.07850283629523380213300e-01	-2.46223436017714743251350e-02	-9.49161807760810494194459e-01	-6.09410022317360688948185e-02
 4.18786017444014533467334e-03	 7.70036964591392369960943e-02	-9.68025861422218802943007e-01	-2.38702375724581888905007e-01
 8.96962950639067224667400e-02	 1.36452551429111723635401e-01	 8.78621505587156681471583e-01	-4.48731017180729718774046e-01
 3.82190818030816004124972e-01	 1.85336384875075171896341e-01	 5.70711561915234755204551e-01	-7.02758077968974270710589e-01
-2.19936113628215024196066e-01	 2.55981648918360171762743e-01	 7.90128508638101023642264e-01	-5.11662428927984302973186e-01
-4.72210663476476333322296e-01	 1.88747861511621723568100e-03	 7.97572688496872461705323e-01	-3.75354943070494662116232e-01
-1.67218933149791221248748e-01	-9.18405550157588151938270e-02	 7.89204755685845249502108e-01	-5.83745659044663134373820e-01
 6.03553359154029647748452e-02	-2.28089596128543625752627e-01	 9.18314258362839086480278e-01	-3.17854199991073560482846e-01
 1.94060949116528769220480e-01	-1.11051554267884045046344e-01	 7.38961820109888312124724e-01	-6.35565361503095282991183e-01
 6.98019093388051792281601e-01	 1.60219831816219432374382e-01	 4.13226533743840218626531e-01	-5.62443581676025039506328e-01
 5.28528167661779346708784e-01	 2.91892883637020816856023e-01	 6.79354328149453068341757e-01	-4.17054213855647282205297e-01
 1.63555109259137437804910e-01	 4.05555137609760585348795e-01	 6.97855478695972752944954e-01	-5.67249933845368037310664e-01
-3.82522449791090679571681e-01	 5.76098463014979911278601e-01	 6.23408602161428682109090e-01	-3.64895671485335248984683e-01
-5.20288254768172531150583e-01	 2.74882435158254667673106e-01	 5.96546604206310449036721e-01	-5.45776444894497503312891e-01
-7.41688011210260178529552e-01	 4.79922927799566259587927e-02	 5.37066851664059763393766e-01	-3.98942139544504026371641e-01
-5.01871118954837158732118e-01	-1.53484381282824322578762e-01	 5.84665539185381333275870e-01	-6.18655099348833781292001e-01
-5.04860519936018214970375e-01	-4.94557844825930181809071e-01	 5.52687418677037967107424e-01	-4.41661647380862165679360e-01
-1.38267096650538691415822e-02	-4.47347589574822068758664e-01	 7.06063058520100872428316e-01	-5.48784031832810881290641e-01
 2.00666842404359085927368e-01	-6.77453754017188214398004e-01	 6.03475318672010430098851e-01	-3.69603529854895695994088e-01
 2.89877948119213524336146e-01	-4.07901641090977262749107e-01	 5.34223294018158600948709e-01	-6.81316738762427598352645e-01
 5.43770219304817503669369e-01	-1.24854900932234169630419e-01	 6.05052973263984328333720e-01	-5.68010652941302818241809e-01
 9.01735608095064256062301e-01	 2.00603350556644577373788e-01	 2.39878769031280358881020e-01	-2.98478416316675265740344e-01
 7.17058865777596032842212e-01	 4.47810642680936954462823e-01	 4.43550327633763230572583e-01	-2.97582456081360469113406e-01
 3.72422069378773146208772e-01	 6.05326458502579489717732e-01	 5.91551191248379626408394e-01	-3.80721511093056241836763e-01
 4.35088998723743083929527e-02	 7.22951441218504742280970e-01	 5.27536200614216799209544e-01	-4.44019984137538015200874e-01
-2.79018868194700286888832e-01	 8.05563765442972479213779e-01	 3.75617534873316838428536e-01	-3.63492721374693628089148e-01
-4.73667863953105117147402e-01	 5.54685650987111755760850e-01	 3.26506986870929383215412e-01	-6.01128747251014061703245e-01
-7.40446117658538183192718e-01	 3.08892982328677234704628e-01	 3.01637543174390010403130e-01	-5.15111118944458490354066e-01
-9.09989605746051921641993e-01	 5.97797521316462913271161e-03	 2.29593758049653817732150e-01	-3.45209918037029550585970e-01
-7.47723587052585791923320e-01	-2.81354398480628764556144e-01	 4.08290848010176121718473e-01	-4.41642075952856982823391e-01
-6.42436052519335887289742e-01	-5.82082908318220293431011e-01	 2.31331668513833216271891e-01	-4.41521307990657640996091e-01
-3.19242927722810987400948e-01	-7.08999003609782740831236e-01	 3.19758274918279017384748e-01	-5.41441604977480284155433e-01
 7.51512295916928613204178e-02	-8.45492421957778517160875e-01	 3.02734004416122581826443e-01	-4.33413174318692584474633e-01
 3.72986959869971212988560e-01	-6.68725842699387285072987e-01	 3.23238743892803215285170e-01	-5.56060418947036505521453e-01
 6.17726774432100556033731e-01	-4.21735627039395932769139e-01	 4.14680972942297165761971e-01	-5.18258992893543490865227e-01
 8.30399500256655764829361e-01	-1.52008031520678960069048e-01	 3.39138363728378910977312e-01	-4.15108899656876029204966e-01
 8.58001407166081198063523e-01	 1.80974602976295140255303e-01	-1.42379028258769441128706e-01	-4.59140491234094505479391e-01
 7.99725314722210312012862e-01	 5.49639496269329508315593e-01	 8.58326554189932922067641e-02	-2.25762265219374980151912e-01
 5.45080246266637091778762e-01	 7.21908699868932912657726e-01	 2.81213454547033447905591e-01	-3.20397170969365485682090e-01
 2.57422742812192517636305e-01	 7.60565969118669138460120e-01	 2.56783831453088251528527e-01	-5.37898691210435431209191e-01
-3.64642038319194367046450e-02	 8.82133074427141949946929e-01	 8.06538966296612980233505e-02	-4.62608419507335000275816e-01
-4.04925153665423143145574e-01	 7.52190944113519721625494e-01	 1.68131562497645624387754e-02	-5.19578407268398989593550e-01
-6.75970860821824892639142e-01	 5.44868888253260408305323e-01	 8.28376557830556338457573e-03	-4.96097439180349875087472e-01
-8.42909883113670432841502e-01	 1.83372913159125072724009e-01	-1.83119418965266705923156e-02	-5.05511598732227729335875e-01
-8.06932834813212873648069e-01	-2.20476994897302769338410e-01	 4.68291210581984404526246e-02	-5.45945352798504535130064e-01
-7.30858028054120589800391e-01	-5.36030338278526863327045e-01	-9.35117897003539394473748e-02	-4.12035877637963676711763e-01
-4.34547034998028547381210e-01	-6.48328398936123151408140e-01	-6.44953174530428080535316e-02	-6.21835601693869310935270e-01
-1.41900130193656215382703e-01	-8.34334331832732756240034e-01	 4.13381048588735977578068e-02	-5.31076017970052660643887e-01
 2.12936732311571924602944e-01	-8.63806192907393577407049e-01	-3.23784960633860044443288e-02	-4.55465083315920338247196e-01
 4.97553174507590456610018e-01	-8.20043456843808526990358e-01	-5.17320401411696870197510e-02	-2.78016840223588856950698e-01
 6.82364068740908602528350e-01	-3.77771121591561398478376e-01	 6.86462392768623086425350e-02	-6.22057835909129996920797e-01
 8.40385783445018130777271e-01	-2.07118395164076846137746e-01	-1.75842007655252680065061e-01	-4.68970461449258524400108e-01
 7.12463615229259050742883e-01	 2.02601631625766831490409e-01	-4.79267675524945535592281e-01	-4.70797908909913354058574e-01
 7.57619274331285175172468e-01	 4.82609512865982415164012e-01	-2.42907203071822785922507e-01	-3.66192823453464544325442e-01
 5.63647156936427307094561e-01	 6.68116521899373871917760e-01	-1.03692243489658768307304e-02	-4.85607531684761839496645e-01
 1.11992220826433702685065e-01	 8.74052302790530255549584e-01	-2.85789897277553162080466e-01	-3.76582592634099266870606e-01
-2.74559432206038678270232e-01	 8.35595982215229127199052e-01	-2.84882367557565907567607e-01	-3.81101704728882162420689e-01
-5.84014077399846898153157e-01	 6.65748417393626890081748e-01	-3.28689590536483944305246e-01	-3.28130698365217743361910e-01
-6.98301083112057074941958e-01	 3.67864665703059201540270e-01	-3.25723582608525685788692e-01	-5.20533699950705974757170e-01
-7.71291563063892460228033e-01	-1.87144914862355064844035e-02	-2.76831909818809118739580e-01	-5.72820378706047739214569e-01
-7.72148777924443252551612e-01	-3.19855540804347471262048e-01	-3.57761338280776219900048e-01	-4.16515933186349107675284e-01
-5.15299308895231678029347e-01	-5.76749937695716585750461e-01	-3.88450261654849138270862e-01	-5.00931657854006062713381e-01
-2.99915387214711337549033e-01	-8.22797278060554360124002e-01	-2.84308490679845538018355e-01	-3.90159046871068948547645e-01
 5.96846890618447575849181e-02	-8.26173844831112558217967e-01	-3.64920603722551195602364e-01	-4.25097011266059643386228e-01
 4.70597930509474182692031e-01	-7.03652587867751977412922e-01	-4.23875674658051315724094e-01	-3.22087000390263167304283e-01
 6.17208158408705798159133e-01	-4.33856341743901585683574e-01	-3.01803900944648095805434e-01	-5.82869770443557810857271e-01
 7.38498489351656295376358e-01	-1.86043352637644349156787e-01	-5.08045864107828260003430e-01	-4.02364576134128348883223e-01
 4.20022725237371441497913e-01	 3.33697325664119470722824e-01	-6.26973058151070294918838e-01	-5.64917506793231272155253e-01
 2.54100016277755302862573e-01	 6.50073714679382019809850e-01	-4.72295689200813162411663e-01	-5.38306724064378294691835e-01
-8.57777886985391924135058e-02	 6.69112484596307233175594e-01	-5.14287348259888643653426e-01	-5.29565083198616393111990e-01
-3.92052461876857993861023e-01	 5.61283221124828535231188e-01	-6.02136977569466602666637e-01	-4.10715318759282743688033e-01
-6.12551531804801485669998e-01	 2.71494438229678614060703e-01	-6.18458638502801139047449e-01	-4.10585317997616605634192e-01
-7.03626073522275574667617e-01	-6.46791970024492429702789e-02	-6.00985100093746837934816e-01	-3.73555698122854384912728e-01
-4.80660037120477057204226e-01	-3.75729086019398361706578e-01	-6.71054119102818757980344e-01	-4.21283695233401034307974e-01
-2.03471613745656282334906e-01	-5.84462632648892199682678e-01	-5.27183577455081486817789e-01	-5.82305941149947825508093e-01
 1.05718963340009575180289e-01	-4.88126578310003667038330e-01	-4.41218657811033976301474e-01	-7.45574972982000705457040e-01
 1.72886058237248424473975e-01	-5.85756927902793878004672e-01	-6.43171784080674990846660e-01	-4.61875836609309198266260e-01
 4.73251091094091524968945e-01	-4.18850972881794181290616e-01	-6.12913154918331204434878e-01	-4.74272845335134196620430e-01
 4.84797826595996572685010e-01	-3.50535219984450946428822e-02	-6.62189770838347735448792e-01	-5.70304326934628069700750e-01
-2.73082759226753388204223e-02	 3.65845896486463262320399e-01	-7.78166093983200468642281e-01	-5.09773055648369832759670e-01
-3.04042444648594534228891e-01	 3.66291692568313731470653e-01	-5.79154493281053506237299e-01	-6.61792007144172633736900e-01
-4.27617028384855768496919e-01	-5.39478454979299641008916e-03	-7.03581959043395599451287e-01	-5.67527092078980888167905e-01
-1.22014806494268601699815e-01	-3.73568048904189264902698e-01	-8.07613079134024358651800e-01	-4.39682174127793423679122e-01
 1.55547934453408392974083e-01	-2.69947422638016742979516e-01	-7.07463545722336273335884e-01	-6.34372572367650322533450e-01
 2.57942298328958874442662e-01	 1.31468075998019934269578e-01	-8.50280786867593341149529e-01	-4.39550337515487887785071e-01
-7.23146123179092825683512e-02	-1.08670780385768123849077e-02	-8.33895079079294720969528e-01	-5.47057127316289304452823e-01
 2.72808520942028238931432e-02	 1.71551624070550690071002e-01	 6.04965522227785101883057e-01	-7.77073041807161191130149e-01
 2.02788309203846023320850e-01	 2.48519286368330399872306e-01	 2.85716252523315561440143e-01	-9.03040026243163929109414e-01
-1.85834660741286433749409e-01	 4.85236591408741091413503e-01	 5.62055923622184594456996e-01	-6.43509182488028352864262e-01
-3.04514528973553411095310e-01	 1.01885300216679325346902e-01	 5.57134463285000269827663e-01	-7.65827315433385780174547e-01
-3.70806509941258632956362e-01	-1.45904938677715867445528e-01	 3.30942520625322589289397e-01	-8.55389577383774857288756e-01
-6.15587065895927404435284e-02	-2.11832207131889410645087e-01	 5.56073533998149072132833e-01	-8.01323821218025589274703e-01
 2.63046189271221531047473e-01	-9.28589265541259756275849e-02	 4.44754411513822056623013e-01	-8.51103657322712869870429e-01
 5.19918459053292592031426e-01	 1.69508575419857004940027e-01	 2.20296346137785259422515e-01	-8.07725918039728041364356e-01
 4.98767995811999986788265e-01	 4.82243493806185807848408e-01	 3.83535647786871436437650e-01	-6.09567146352220312621739e-01
 1.66932337417533271928249e-01	 5.15906372695349668688891e-01	 4.13536490356847696858722e-01	-7.31410815123748947463866e-01
-1.39025870704167275881957e-01	 6.91253553243245222326152e-01	 2.70749086220433698990462e-01	-6.55389399299635022622113e-01
-4.91936230989042488914720e-01	 2.55935884861287377134431e-01	 2.98984943874778530403802e-01	-7.76597431631576240462778e-01
-6.76937620201167433720002e-01	-2.00329335470014677222927e-02	 2.83683865339712848463449e-01	-6.78879668627512589118567e-01
-5.46009085687939488273912e-01	-3.86357119832394235725559e-01	 2.25390861000282161086261e-01	-7.08379286878568326102368e-01
-2.85949284336428521946516e-01	-4.33908023952934374101176e-01	 4.91744316448352924986409e-01	-6.98673286148458805300265e-01
 1.96749172282846690462677e-02	-6.11514030568436117718534e-01	 4.06727713332720508532248e-01	-6.78406998237151559472125e-01
 3.55092759288236636816549e-01	-4.22642726429795057008221e-01	 2.08841943333625656986641e-01	-8.07259128658010527423983e-01
 5.65992539786256410039300e-01	-1.60378964819550190457065e-01	 3.11422105700785045723222e-01	-7.46289022182827999074561e-01
 7.89771697459822563658349e-01	-4.90506871869398567570508e-03	 9.19572561416519135280012e-02	-6.06449065656130548163105e-01
 7.32537562265893393842475e-01	 3.90451917664631886761839e-01	 1.24654579779546664797252e-01	-5.43504604949708314265422e-01
 4.17377778765051221654403e-01	 4.95055668660721204243913e-01	 8.02127203596709331678838e-02	-7.57813693603209825866429e-01
 7.45750529472490875093627e-02	 5.77703485234960179006691e-01	 7.20258535200050953317685e-02	-8.09635424774638901013191e-01
-3.18739571376663199941959e-01	 5.13647092811520544763937e-01	 3.42126511853096740289892e-02	-7.95865091698188864555163e-01
-5.99433155719418020446199e-01	 3.11260110321181615589126e-01	-4.21191074869757542398219e-02	-7.36222124315485393353242e-01
-6.03165664466195794446435e-01	-3.11847995331987065670276e-02	-4.38072277974140694700722e-02	-7.95801241692818739359438e-01
-5.88689007568650612967076e-01	-3.54974638459373048604562e-01	-1.34984985762712755841264e-01	-7.13594641261490081340924e-01
-2.15513603740416809229075e-01	-5.59318201092341427127508e-01	 1.31304665511722873372236e-01	-7.89605041362135939841949e-01
 1.45654325625099834162768e-01	-6.61838533020254193850462e-01	 6.55940282847438105306992e-02	-7.32428834146823581896513e-01
 5.01561769605064489141455e-01	-6.46220223398361937050538e-01	-5.69448216899829263298871e-03	-5.75154576626522251459050e-01
 5.54684808930507089463902e-01	-1.26363535938547183468117e-01	-5.18036264610073210468144e-02	-8.20776098465545334015303e-01
 6.56121541995516643908104e-01	-4.64064605957789227952404e-02	-3.31861761632027241208931e-01	-6.76179512933426374310386e-01
 5.30799164292903857820249e-01	 4.93116342793389061949227e-01	-3.14093576567469667804033e-01	-6.13541966629082669015816e-01
 2.61504512657486420934561e-01	 7.44845942585559805948492e-01	-1.10027884176602586130400e-01	-6.03915371866969197256481e-01
-9.80487178467131237358245e-02	 7.37288472732611332993713e-01	-1.61102774310191126927450e-01	-6.48720319562898217746749e-01
-4.28794266848276373060855e-01	 5.65210853155240000589288e-01	-2.89718724483301659500256e-01	-6.42444728266442832698147e-01
-5.42414466136639239479678e-01	 1.40277745169972295480321e-01	-4.21170736096458442343504e-01	-7.13248843105756646920668e-01
-5.32434081560917760178597e-01	-2.32371843255532117833440e-01	-4.56710806657513068707033e-01	-6.73745140492049920943884e-01
-2.79039079855939731178438e-01	-4.40083553669065596913867e-01	-2.88415576068660972630653e-01	-8.03293292131920688703417e-01
-6.99477116797372899803520e-02	-6.88698956128325767700460e-01	-2.15181116522721677108976e-01	-6.88838262983813565121238e-01
 3.17612840649549033056331e-01	-6.68857148160481806975497e-01	-3.08204936840606680270582e-01	-5.97295501168583098383635e-01
 3.96404871329200381158131e-01	-2.61301998698864224035532e-01	-4.64923325139016352380850e-01	-7.47282239320686381134351e-01
 1.04184798737895920051066e-01	 3.83115459637637656431508e-01	-5.69277000518719211719088e-01	-7.19924835645358029978524e-01
-1.01498981467087079355593e-01	 4.93649432583344149882976e-01	-3.16695508095164113271380e-01	-8.03562162886998998523325e-01
-1.77458209213378154123220e-01	 8.78408083764035396701075e-02	-5.84418129372764161288956e-01	-7.86923138830597612702888e-01
-2.17916541699731097780912e-01	-2.67769347109652833260895e-01	-6.24262185769819621938836e-01	-7.00791467570765380656894e-01
-1.05821336023275702764579e-02	-1.94702034442031407523999e-01	-4.24229110723706948071765e-01	-8.84312613190114782391049e-01
 4.12345691534558800306343e-01	 1.73300990483295086486137e-01	-4.08335197360518431519694e-01	-7.95738753591240910445492e-01
 1.74126994180530264566542e-01	 4.50347219310805735315029e-02	-6.42161323977682441110915e-01	-7.45171455240653868301592e-01
-6.05269443918450625319316e-02	 1.00778802987546260705454e-02	 2.93286776192401843488256e-01	-9.54053348739963502644912e-01
 6.21835554224650977062083e-01	 2.46762017870037708711095e-01	-1.25441758436994177383639e-01	-7.32593622193821181198814e-01
 3.11647444405083018370561e-01	 1.99549992291776612240994e-01	-5.94854574746076086855240e-02	-9.27101478437592163572845e-01
-1.56721873921031068510601e-01	 3.57964273578990632707075e-01	 3.23445089445385913773379e-01	-8.61790639998725183090755e-01
-3.35995475039599644784261e-01	 1.09775897786552986690189e-01	 7.49717838842808292909581e-02	-9.32435265656162748371116e-01
-3.13161547595153633150034e-01	-2.71966352191099380863903e-01	 2.16206405248848647360216e-02	-9.09668454046290930747887e-01
 7.19920629318819386976980e-03	-3.49768704617810677337530e-01	 2.58032200970843172971314e-01	-9.00571711725873136344944e-01
 2.54011248594957661506299e-01	-1.18372050987112509279342e-01	 1.10094791288170665288781e-01	-9.53596078045389927702047e-01
 2.43626542699028031391251e-01	 4.74263818690132454847230e-01	-2.50058784778357634515089e-01	-8.08202042888498728423485e-01
-3.11297805333721755438603e-02	 2.96108670517929994936424e-01	-8.26351549479871841374923e-03	-9.54611075946490084120910e-01
-3.26538287017936079692504e-01	 2.59848033203198325313821e-01	-2.44339385770650507900825e-01	-8.75299955051434430686186e-01
-3.35093729226546233057604e-01	-8.62109766499415675067297e-02	-2.96372532132046673236658e-01	-8.90192778186696176412340e-01
 3.24947061409408960441780e-02	-4.03178974766469411239456e-01	-1.03862551859284973909681e-01	-9.08627194563507378788358e-01
 3.65770135684974517786827e-01	-4.28278240875354598848901e-01	-1.43659697869743474551996e-01	-8.13727133283437487065726e-01
 2.75414366091433215899542e-01	-1.00896033289757353079708e-01	-2.56660908080975525002998e-01	-9.20919158058890241491667e-01
 3.51414031845136490272985e-02	 1.67684107128933335140175e-01	-3.42421242214478671606059e-01	-9.23793707966713228962874e-01
-4.88414440783962733316770e-02	-6.33188557712015959166862e-02	-7.05858963460294086544877e-02	-9.94295160946280676128595e-01
