 5.31009050574475297001875e-02	 3.69885267582329840818645e-02	 3.82848280254324546678646e-02	 9.97169200644203002070753e-01
 5.59831555861191668133081e-02	 8.78326979554099190883321e-02	 4.43826256574935573695484e-01	 8.90039076352928226754102e-01
 3.75942404090466919530655e-01	 8.96128026594497917312054e-02	 2.24880080486494993152746e-01	 8.94463975689678614244826e-01
 1.04605953264789497403342e-01	 3.57080147361341859735262e-01	 2.05196029111802069611059e-01	 9.05232540587619372018935e-01
-2.25086962256595357612099e-01	 1.89769818752004298945124e-01	 2.56572664311569220707554e-01	 9.20594233764796210373049e-01
-3.90591582210339238745433e-01	-8.93352515180606820965892e-02	 8.79864279588019604361193e-02	 9.11984548793278171352483e-01
-2.95432876623121620784929e-01	-4.15299098638674479833099e-01	 2.21046630175547015317861e-01	 8.31495316504023973536164e-01
-3.87916845564976950355707e-02	-2.01735550013667525037775e-01	 2.43357025403313637079705e-01	 9.47932134309626306389873e-01
 3.21331308861811493216010e-01	-2.50256901889351457413113e-01	 1.17678506242804820081105e-01	 9.05687276144675035283171e-01
 8.49709460271193678382318e-02	 3.39430815504640048807516e-01	-1.67445984248512341752146e-01	 9.21698704662298085033001e-01
-1.95664153904435256237093e-01	 4.47207957703667280391358e-01	-6.54157859707019031375586e-03	 8.72741536305471576895343e-01
-2.39006143568444101576986e-01	 1.22596817539329466795195e-01	-1.50330608988350739041451e-01	 9.51444581500657138306565e-01
-5.05834969983225191114684e-01	-2.83030746098986596415159e-01	-1.75971311613467601420169e-01	 7.95649845971050706516792e-01
-1.72014350553713557534508e-01	-2.68295178954749802269220e-01	-1.35999759780189771740666e-01	 9.38047347148827870277898e-01
 1.62870203655943068810075e-01	-2.83608804451467078067139e-01	-1.86643023810532521222783e-01	 9.26392856439179457339606e-01
 3.54559022115684130405100e-01	 4.22086833537742844857377e-02	-1.44145753186831926395683e-01	 9.22891287597901066597217e-01
 3.69842792302277553750933e-02	 2.73277585280047967397632e-02	-3.51135664179448081512191e-01	 9.35194686706951716637093e-01
-4.25124721575003763907041e-02	-1.65942942782125207878963e-01	 6.41895875691991357747668e-01	 7.47412412407954196424953e-01
 3.49165829836439123301517e-01	 1.66216916690345994922495e-01	 5.67440155747478303105424e-01	 7.26957240507213664493236e-01
 4.59798623555692231867909e-02	 4.14462865326938323384809e-01	 5.28021020478071867465530e-01	 7.39797396221453906761667e-01
-2.67222334682626405655270e-01	 1.63980858497039777565973e-01	 5.73313189981537685291357e-01	 7.56977204469549191934163e-01
-3.24983486142786937023175e-01	-1.51977693638973732070951e-01	 4.43473259641155970189885e-01	 8.21352532323305850603390e-01
 4.77251096564641139052831e-02	-4.61125860140402521469838e-01	 4.27367248674203059621846e-01	 7.76171688338794352191030e-01
 2.60496753141734593839374e-01	-1.95885743832370701200674e-01	 4.55450368901520019626616e-01	 8.28453485980548354206121e-01
 6.50174635010286161573845e-01	 1.93909026600837641751696e-01	 2.77645629666791460277153e-01	 6.80136117052232425095326e-01
 3.91029332869649193238359e-01	 4.30146218050761974804885e-01	 3.19577444611891414716354e-01	 7.48291753814965598934350e-01
 1.59000648985077930319676e-01	 6.92703333468411730500236e-01	 3.43479328959274854415895e-01	 6.13924128864276497097308e-01
-1.68936130761869029992539e-01	 5.69975302196243371888329e-01	 2.96113967490558738226980e-01	 7.47599663500800537541124e-01
-4.71141846247592754881595e-01	 3.99238140907469840623634e-01	 3.35046596711522481903955e-01	 7.11602449118314606124613e-01
-5.77314060853360677683099e-01	 5.75581170118681789693582e-02	 3.42179669300246847019054e-01	 7.39126925652572874803070e-01
-6.15146139556116966495836e-01	-2.91615161935008748717024e-01	 1.70013717944263509362912e-01	 7.12496428081989208180858e-01
-2.63208752480644125881781e-01	-4.46751711073798352114039e-01	 5.73906779638058028858438e-01	 6.33849406054537767296608e-01
-1.49290680891563415366718e-01	-6.94489548527820965695412e-01	 2.69146492110220070248516e-01	 6.50351232311679683384398e-01
 4.01838037385200574913569e-01	-4.89517810686350307580739e-01	 2.74467460016456332727586e-01	 7.23578688273340264736078e-01
 6.71403879871847575344646e-01	-4.12193855531272024261824e-01	 3.40940334905799113940361e-01	 5.12906174255697622221817e-01
 6.42030950159301894153430e-01	 1.32959702553395925361812e-01	-8.23727089519794147820519e-02	 7.50554936932913197011885e-01
 4.06434429342406311480573e-01	 3.81015424995563178889313e-01	-3.37510327474918186974051e-02	 8.29758500016143596411666e-01
 4.32470891834977111400917e-01	 6.54220902467925857770581e-01	 7.35879901876876352240231e-02	 6.16075276398630578000848e-01
 1.13841770597420427479918e-01	 6.36600488832633315539056e-01	 1.20251195292770743372479e-02	 7.62650159237905911346900e-01
-4.56257881857475955378334e-01	 5.77311986296677348562412e-01	-1.36409367386259115090263e-02	 6.77018124252229736015352e-01
-5.07900816806709509698692e-01	 2.46475822142652872814850e-01	 4.01544108879994601779551e-02	 8.24423466837533980289265e-01
-7.42708073212074326718835e-01	 1.45786685016206611631429e-02	 4.24199663901802317966805e-02	 6.68111313226908309914620e-01
-6.17858703288775568118751e-01	-5.35158246803335346797326e-01	-6.22447343141610057171143e-02	 5.72697011253640808625676e-01
-2.99682512244302146076080e-01	-5.74551268607126686127629e-01	-7.02746702292523228727816e-02	 7.58381633691807555130993e-01
 3.58251219769297676864817e-02	-5.16334665087118116488796e-01	 6.88903966097323405826103e-02	 8.52859418380113476487736e-01
 3.25399139895093558738637e-01	-5.77109872144949798133950e-01	-7.67981226501996960820406e-02	 7.45091701460818822688736e-01
 6.41921559410598918660185e-01	-1.47636632522100602615822e-01	 1.41441880822413795781856e-01	 7.39009019329816774224184e-01
 5.90790444529473268708841e-01	 8.36577788004450456638139e-02	-4.20381699286211163446580e-01	 6.83554865101610342748018e-01
 5.55477682883959378301597e-01	 4.41754250777886048329179e-01	-3.11990249385335594034530e-01	 6.31632654337956456203074e-01
 2.34853867812438055207025e-01	 5.67490824324895504204846e-01	-3.18753540032982118912486e-01	 7.21937674454679267910251e-01
-1.77071993619019346644095e-01	 6.47735234210468302507024e-01	-2.49186279930496440426779e-01	 6.97847242118571409186245e-01
-3.93460727064836979227636e-01	 3.55818982733261013340353e-01	-3.13922148070360118587985e-01	 7.87422626506991019113002e-01
-5.79334342402457291854034e-01	 4.56570007985442408160459e-02	-2.61450631061593274928612e-01	 7.70669011644226520374445e-01
-7.72602822063388483542212e-01	-2.42335950778824110729559e-01	-1.94749065685202032982559e-01	 5.53562072142367966876009e-01
-3.22541249851258260417097e-01	-4.22362363628829839967693e-01	-4.32239776024127275722009e-01	 7.28523130694467946355530e-01
-1.46454025308284854073326e-02	-5.88355502664747898045050e-01	-2.97681674872425250377717e-01	 7.51670762444549112046843e-01
 2.91588695860302893336780e-01	-4.59951193317900408619181e-01	-4.15198472476036972711455e-01	 7.28718848847408895430533e-01
 5.15786843978201514637760e-01	-2.48443804604162543636647e-01	-1.94529101752685035231494e-01	 7.96491077228181243441441e-01
 3.10095789579841574212793e-01	 2.45909028216185321369380e-01	-4.27119368775268515303623e-01	 8.12981178099248857904513e-01
-6.30981656355269482361336e-02	 3.56516458462147467489700e-01	-4.70011329165096414239855e-01	 8.04986948214378883470488e-01
-3.16205149907100968587059e-01	 1.55788968626446977516764e-01	-6.36661593002654901951587e-01	 6.85861586926879707171167e-01
-2.96112905512097790428072e-01	-6.17804778451868305544359e-02	-4.29530678291533463131202e-01	 8.50884079151102201699075e-01
-9.85698304940195620116317e-03	-2.77986718776280061771189e-01	-4.99993608984779180914870e-01	 8.20141826176141841564515e-01
 3.30118891052789131812517e-01	-1.20596506173726039645722e-01	-4.94713584454081534147463e-01	 7.94818513766106016227297e-01
 4.54122181073634487158408e-02	 6.82568458762710938980689e-02	-6.63610380939854582749149e-01	 7.43572454940642280085683e-01
-4.32905693760474094555768e-02	-1.01009635107945305865229e-01	 8.97953229114882400807574e-01	 4.26149009784855758997679e-01
 3.19406683505378929943674e-01	 2.34590172214337366884962e-01	 8.03364492999636525816243e-01	 4.44468573714699666243888e-01
 2.02422216945698091317141e-02	 1.65416770458007622579544e-01	 7.57577789215016506041422e-01	 6.31112856627242924112409e-01
-2.83241021249413582605570e-01	 2.02444797122533520772336e-01	 8.25388825219707578106920e-01	 4.44436626755757568929539e-01
-3.41972330522157863530452e-01	-1.29478259444241766695782e-01	 7.38600813023840285787003e-01	 5.66356022735748920737819e-01
 2.80653526215973586621644e-02	-4.10647196546004067396751e-01	 7.57795041140410852165132e-01	 5.06288348250417352680586e-01
 2.56332176356975138808991e-01	-1.19630732879545384483855e-01	 7.53436307418895556686778e-01	 5.93562156625386028174773e-01
 6.24587505997430070259213e-01	 2.16116680297994384618576e-01	 5.78646093051375931537450e-01	 4.77862665255681218212658e-01
 3.35777557823319972030163e-01	 5.02140433900240767961520e-01	 5.90100650191943243427772e-01	 5.35620797717686447647623e-01
 1.96608175089359703269221e-02	 4.93386253104769578747835e-01	 7.51536533872141254697397e-01	 4.37465765240623694065647e-01
-2.84090494081535194226262e-01	 4.60407528960288192632078e-01	 6.07055890591334246231270e-01	 5.82065841763242941553358e-01
-5.87692517380779211322306e-01	 4.59988083604032205187195e-01	 5.19433371241904584536542e-01	 4.16193994186848104099852e-01
-5.66524095315304787590094e-01	 1.37317866649582592808443e-01	 6.14201098568374126429603e-01	 5.31931634181861290322502e-01
-6.02056116681219277708692e-01	-2.46826822468255213660626e-01	 4.93323463196074063485952e-01	 5.77266760464506978323129e-01
-5.50399819040246818246942e-01	-4.98638362403789003884924e-01	 5.79899321239762066682033e-01	 3.34868033657132468938755e-01
-2.26505286953972762020726e-01	-7.18968345966650601575054e-01	 5.21725499412966975398831e-01	 3.99477628587843747176578e-01
 1.25769228780782699184115e-01	-6.54250395508203630434707e-01	 5.34931873638253008174104e-01	 5.19602166695939282625716e-01
 3.82018106692143366576175e-01	-4.26179662344788212635649e-01	 5.94773926764952443058121e-01	 5.64514869249368334003236e-01
 5.48227168529447528300125e-01	-1.21816571550315486116567e-01	 4.74566828331626444636981e-01	 6.77786116727963405814705e-01
 8.64029671723267500560439e-01	 1.10217216995338249119207e-01	 5.49413176076360559862977e-02	 4.88145821531970391937705e-01
 6.41474092089589054133114e-01	 4.96384662182164204669022e-01	 3.33986647387101931450104e-01	 4.80173068481834108833795e-01
 4.33606344289383494050583e-01	 7.42070496993920025730063e-01	 3.68347203844379522674757e-01	 3.54453456892749596551795e-01
 1.00135820061587776930168e-01	 8.79360486948984165778143e-01	 3.55524915534844609954490e-01	 3.00499560677516708295798e-01
-1.28100094033211903132852e-01	 7.21845027602650901599191e-01	 5.00907990582728834816351e-01	 4.60023159204385689857730e-01
-4.38878321394889581164023e-01	 6.96371965568911677202379e-01	 2.72255537551943316287861e-01	 4.98326024658152011426182e-01
-7.49482962386111895014551e-01	 3.38218586011167832161561e-01	 2.32439421965336123765411e-01	 5.19476074796486497753278e-01
-8.03655023700885484672085e-01	 1.87484738981373473543091e-02	 3.96023112891117523570728e-01	 4.43793636347851683243704e-01
-8.03157869656481837594697e-01	-3.06593206745974677929212e-01	 4.41421438652246422851277e-01	 2.57070331785414274428092e-01
-4.84395095645400564077221e-01	-5.64046092378465147021416e-01	 3.25426622168701829007631e-01	 5.84218204587238276737082e-01
-1.44852459622160284480330e-01	-9.01655825237605124122808e-01	 1.87576306494721650741653e-01	 3.61731484665493430163963e-01
 9.89930389101311009047990e-02	-8.63765763396198593682129e-01	 4.00849322190076406968728e-01	 2.88840622371016209068983e-01
 4.65326863123472600491937e-01	-6.99175561934182399070892e-01	 3.60021873869790454136819e-01	 4.06212622138916734648717e-01
 6.24100739195382558932579e-01	-4.05074151007753457953697e-01	 6.04076357327042567924025e-01	 2.85490724962504438533273e-01
 7.99230939379279803347345e-01	-7.78507094140377664537311e-02	 3.75277730803965425820934e-01	 4.62964142612872164850302e-01
 8.20706644412316332903856e-01	 2.23493203439265736287567e-01	-2.93678278288613148205854e-01	 4.36170219863033226115334e-01
 7.01723408549179028526055e-01	 4.32690094187480722709438e-01	-4.06733340154808407918008e-03	 5.65992046839133622349038e-01
 6.32995102596886405343923e-01	 7.07288914950519487234715e-01	 3.80017282602880465680606e-02	 3.12434728424522967227261e-01
 2.32925925784244286509406e-01	 8.74613798887480697885621e-01	 6.25501904601949293427410e-02	 4.20575426726949475053630e-01
-1.21067423675344246203345e-01	 8.04216978667454229778855e-01	 8.86294774264132362295854e-02	 5.75084816247766195118629e-01
-3.97261610447489643682673e-01	 8.03275459384636847381955e-01	-1.06309165649795422936563e-01	 4.30848129291415360420103e-01
-7.04313781818833861692042e-01	 3.43987107416275472715483e-01	-1.38861444920985926954060e-01	 6.05254050615022243242436e-01
-9.15312564929990246653801e-01	 1.19612491523751807154241e-01	 3.60330118601125473642988e-02	 3.82880376108585551708785e-01
-8.50481783050337947216235e-01	-2.46369009308919528766779e-01	 1.39710110450967900375119e-01	 4.43242747249673829657013e-01
-7.19622248367892125564538e-01	-5.59109072364923131992498e-01	 1.99147966275763449450764e-01	 3.60390000390413911546261e-01
-4.05204739512677769575077e-01	-7.73470687559008052147647e-01	 5.74601078027113312818308e-02	 4.83994370395730288958447e-01
-3.17246342524216823344219e-02	-8.06681022554610605013181e-01	-7.52549230392434986836037e-02	 5.85316984197584599947106e-01
 1.92631337384195827633349e-01	-7.45703108257868008124092e-01	 2.00306029743440944246302e-01	 6.05555560325021224876707e-01
 4.84618596351769348462568e-01	-7.39879309868042400744059e-01	 2.06656605223586274655556e-02	 4.66150569424091609782579e-01
 6.51618613399280510734002e-01	-4.39661890697515544967899e-01	-2.14750758790266090339505e-03	 6.18131048201790878060535e-01
 8.85277121869240235518816e-01	-2.31430425155520202995518e-01	 6.34119918627728956783685e-02	 3.98375821423998133230526e-01
 7.18311292505903309368875e-01	-2.88227486022567258583393e-02	-5.63468534929171149805427e-01	 4.07064302495666385794948e-01
 7.13570294700092144779546e-01	 5.63696268921142551455716e-01	-2.95899505810970353536504e-01	 2.92416540891294707282810e-01
 4.41271497421306002628683e-01	 7.40464645272235433282049e-01	-2.31209989116263031627696e-01	 4.51146889159482644693355e-01
 8.92425963529849541888694e-02	 8.11435892622874632706953e-01	-2.36619164749259286439909e-01	 5.26895551350416990743497e-01
-2.39650836329762501053509e-01	 7.82954559313802866959975e-01	-4.24098978200269094429586e-01	 3.86897520521470417165233e-01
-5.67338070106359615429881e-01	 5.79292975265700449405415e-01	-3.47549995656293853052432e-01	 4.70909931446677199051720e-01
-6.11995338726699422693400e-01	 2.47577619385127623008458e-01	-4.96834273839919349224914e-01	 5.63314061687035572134619e-01
-8.25327004407619857495604e-01	 6.84349630170218298230722e-02	-3.10731252811982827655157e-01	 4.66474093769738973325190e-01
-7.97836300201958503741650e-01	-2.39715159058064453123649e-01	-4.61378582327077513269842e-01	 3.05161734769734682704012e-01
-5.95105190805114814267540e-01	-4.81181907545143117133080e-01	-4.07956773808253292390447e-01	 4.97880562416315841645087e-01
-3.22381543768976375208268e-01	-7.10569566982050093706391e-01	-3.15072867544075985168917e-01	 5.40268561785364975769141e-01
 2.36753071536763420867899e-01	-7.72733652757528144405796e-01	-2.92062452237797864906810e-01	 5.11400243455906178269288e-01
 5.51601501019881701459724e-01	-5.92778106048232111824348e-01	-2.84027363380381703272803e-01	 5.13496210223281956963604e-01
 5.92413111785116242025140e-01	-3.01495623213368757475905e-01	-4.76734150799085210081785e-01	 5.75214432738029302072391e-01
 7.82943134824369169066927e-01	-1.27288225077574396193469e-01	-2.11078504016633416995319e-01	 5.71177398476244491121179e-01
 6.03900910523904821403107e-01	 3.29250084544862042790214e-01	-5.79214952761862300611995e-01	 4.37502126386459577744859e-01
 3.81223451406869640045727e-01	 6.10064306781775922416955e-01	-5.47189181327351170658346e-01	 4.27871734900318823058285e-01
 2.85809540968085494527795e-02	 6.20626301654721879152987e-01	-5.53125744976067257319130e-01	 5.55029758663415306862987e-01
-3.17888954464224993134991e-01	 5.11008903499472477705012e-01	-5.47526789100402311305515e-01	 5.81404272766645857650758e-01
-4.74174977053893054179667e-01	 3.66758251200124285595905e-01	-7.17215660177688674181695e-01	 3.55314189286677239998369e-01
-7.00494569954731027827677e-01	 4.42321819504859839455868e-02	-6.45465310634098399233949e-01	 3.01206580791095135385405e-01
-5.72024493334363115515373e-01	-1.40665268880129062933904e-01	-5.29262736671054279113946e-01	 6.10640824648919555706073e-01
-3.34968047198696328159429e-01	-5.43738102847646120885372e-01	-6.41197931146286648207422e-01	 4.25453282936277821235649e-01
-1.82712346445933482286250e-02	-5.28743953782750852887773e-01	-6.28608406698379917898478e-01	 5.70041633874992403896442e-01
 3.34122461575018514512436e-01	-5.54705888291744164675379e-01	-5.99865365817506712708962e-01	 4.69920313519373356037079e-01
 1.73086756447678596915196e-01	-2.53551615085164494534098e-01	-7.41739606204321777482846e-01	 5.96301022821514536964571e-01
 4.90933014212934559772350e-01	-2.73868323571864413779053e-01	-7.37288479159144527486092e-01	 3.74682019049400294452568e-01
 2.62511328674052635268055e-01	 3.58113640267157695706857e-01	-6.66868991848942105349352e-01	 5.98438109316881572397051e-01
-8.38567291700447192681622e-02	 3.42917232407605798716332e-01	-7.72139942947446034082759e-01	 5.28370825458715942524179e-01
-4.09403532768263689334276e-01	 1.02704246339352829597846e-02	-8.08029568783209750648666e-01	 4.23522705066356697223284e-01
-2.40954851259507801808368e-01	-2.15215763960352329808856e-01	-7.01120414877456576974168e-01	 6.35651711583893885837426e-01
 1.37408345925837421797056e-01	-4.59526485627016478829887e-01	-8.28377370599648443771912e-01	 2.89387780245851655713807e-01
 3.94298642077940186823071e-01	 3.65653861849720221433024e-02	-7.20940524239834679143257e-01	 5.68714615512410315290026e-01
-4.21426918457431243236755e-02	-6.60635341984438465706697e-03	-8.74567015863364938255131e-01	 4.83024724400662686107921e-01
-3.46283756859396029455928e-04	-4.96813131486010667314801e-02	 9.98622694937178256857635e-01	 1.68629881040728915597704e-02
 3.22958086675483757588268e-01	 1.23308211290611854926702e-01	 9.36102334277712166965557e-01	-6.48504359201923091804431e-02
 3.31438925938047496133620e-02	 2.27337963534185588665437e-01	 9.35715093533543873505209e-01	 2.67686750612298518525733e-01
-2.85437995946808908964698e-01	 2.30229730565934209707279e-01	 9.24827718405390686307044e-01	 1.01059947073438405329426e-01
-3.14929803978021727317582e-01	-9.95536892991056437951514e-02	 9.20803343863468182206589e-01	 2.07435492245560237911661e-01
-2.94684934124311237457761e-01	-4.18635767822955640049543e-01	 7.93005779501272711762283e-01	 3.30222223929604097314439e-01
-5.93658606803730472950553e-03	-3.56926949173461571795940e-01	 9.23600060617799201168054e-01	 1.39752774306558025241287e-01
 2.67253359197428097537852e-01	-5.84991399104750203763459e-02	 9.27782901391302816662687e-01	 2.53717126961033767607034e-01
 5.48469279588143510117959e-01	-1.06645379360307254734686e-01	 7.16097213400829324392305e-01	 4.18345543024813693033792e-01
 5.47765272419708404427752e-01	 1.78771954848637143475898e-01	 7.97480847158812955477458e-01	 1.78936002261763704712649e-01
 2.88064996172099629934138e-01	 4.27375459082139030897451e-01	 8.50072313184276007191897e-01	 1.08378214195629818394906e-01
-5.20759993512043134478162e-02	 5.48101211759375983589848e-01	 8.29948090780837199886832e-01	 8.97737075580617577275078e-02
-3.32740677823279373814813e-01	 5.22413315496392582915064e-01	 7.42290889882737170424321e-01	 2.55679885620408720026120e-01
-5.85714534956571886148424e-01	 2.17312231723764293089829e-01	 7.49547603552146113337074e-01	 2.18843020206445498798686e-01
-5.94846674125466878813029e-01	-1.53776592510728143947674e-01	 7.27606523939780536203159e-01	 3.05121189362407008172084e-01
-6.32718132014353118464101e-01	-3.49277758372493141170168e-01	 6.90905488908066911513117e-01	-1.79560107835566029610419e-02
-3.79541333162729921379963e-01	-6.64214680606199148193980e-01	 6.40041782957805449605360e-01	 7.15104926318933242779252e-02
-3.08534851297418213911250e-02	-6.50376606517457878098298e-01	 7.28283589390540719854528e-01	 2.13685155250932290460497e-01
 3.03795807256690031383783e-01	-3.96265091411335979021402e-01	 8.20378898046554283496334e-01	 2.78676422508153553980748e-01
 5.30009005315139614111786e-01	-1.82579036524391946638701e-01	 8.25160558702731639080241e-01	 6.97524341372911804715073e-02
 7.85086683190214462690903e-01	-2.67901470707371108792572e-02	 5.88746964209994394501280e-01	 1.90520865080001350344574e-01
 8.49597557668446690115616e-01	 2.60950921008154868019346e-01	 3.35510233833724469398874e-01	 3.12284309278653415820060e-01
 5.46465551219316836295548e-01	 4.95007019911195167427564e-01	 6.28530303631185338630871e-01	 2.47574451400979861359630e-01
 2.27767380247644812829577e-01	 6.90539977943328109333265e-01	 6.41592389503858107069334e-01	 2.44204351083027737523423e-01
-7.57979137269637476270745e-02	 8.01391546527942200128791e-01	 5.83891645662650726755771e-01	 1.05341404744546382477033e-01
-4.03332077048559278775741e-01	 7.56391247352489193289671e-01	 4.67499084020527921889965e-01	 2.15963244539916804365376e-01
-7.05810963705285621117014e-01	 6.07609464897475359812518e-01	 3.04578305778125446590110e-01	 1.99683943595238971857597e-01
-8.26052932784674842636718e-01	 2.77267325590883240149509e-01	 4.48051007423792169159782e-01	 2.00024191397045997264925e-01
-8.10454249698358331066572e-01	-3.12599278057375667971840e-02	 5.77750783662369427062799e-01	 9.16010809814453152988278e-02
-6.98139993343396825231650e-01	-5.65929918271769083482070e-01	 4.38080730298203768757759e-01	 2.02274823144910700922772e-02
-4.85727405536327927482176e-01	-7.67529170350871536854243e-01	 3.35977094052306635152405e-01	 2.49173137483995693619576e-01
-2.02678901998371824300094e-01	-8.91911202552404303034450e-01	 4.01604606227053462230714e-01	 4.61455274481906221883953e-02
 3.30646720979631825176881e-01	-6.80191135280850511790618e-01	 6.19195597057083824132917e-01	 2.11209796117241194179925e-01
 5.08115953815147403105357e-01	-4.95209558346657197080987e-01	 7.03932285184349804119108e-01	-3.26344706678554571932516e-02
 7.70300340204935318766388e-01	-2.71500793263824979906218e-01	 5.72981242819918579201044e-01	-6.79499853849622470480796e-02
 9.53556640380525788458499e-01	-3.59496045687488635644868e-02	 2.68172188121001742189264e-01	 1.32367054193818861618226e-01
 9.81396076622347846019068e-01	 9.30718163240674412062248e-02	-4.57005136920552515467087e-02	 1.61588492302775471598508e-01
 7.30393552857549699375284e-01	 5.90886027571275618264224e-01	 3.16937935780026158738565e-01	 1.30112663598358491157114e-01
 4.47538538485578174519475e-01	 8.71723134516598552323785e-01	 1.74113602090990721160679e-01	 9.74293943615012481007653e-02
 9.32990896576231659720335e-02	 9.87936082545836646851001e-01	 9.57914866372124168547586e-02	 7.81125326748366016760272e-02
-2.12882101513883342791544e-01	 9.15012459152305113185832e-01	 2.00869343029745822670762e-01	 2.77641707028829842762718e-01
-5.15093096031949970736719e-01	 8.39618102855989256738667e-01	 8.62465080469192735268535e-02	 1.49271844721108715159374e-01
-6.93254735483704087606327e-01	 5.99759994952544617241585e-01	 2.74603621028096690770415e-02	 3.98662449569966326201609e-01
-9.06885016757297823808415e-01	 3.73739999824708124531725e-01	 1.31028931685884336699743e-01	 1.43907602208495771778374e-01
-9.60499369566069960413301e-01	-3.80560307380055223847037e-02	 2.36198708891128344999899e-01	 1.42136798563265137618217e-01
-8.97375416137770276492347e-01	-4.11470732436372110818468e-01	 1.29900151822578219240611e-01	 9.23858723848546281587346e-02
-6.90164613068933396888838e-01	-7.17003909017571827710924e-01	 7.23229088831397332048923e-02	 6.59363190632614309949489e-02
-3.92747109413441986003335e-01	-9.12656718284585610767579e-01	 6.41788308146608033055713e-02	 9.32121252448383924571473e-02
-1.79704382440435822543279e-02	-9.94277344657694017726612e-01	 8.81865331082042624988304e-02	 5.75565863139737080023117e-02
 3.37302696038580984705391e-01	-8.91169535001829271614326e-01	 2.93114046349249701695072e-01	 7.82809489115839363115867e-02
 6.38407782644718979625509e-01	-6.49574478280973921506813e-01	 4.01674428498371482998408e-01	 9.56355253823618634001491e-02
 7.59528963145614799401528e-01	-5.66106421729598574543729e-01	 8.58028540926945859634856e-02	 3.08669959097099877443071e-01
 8.48199317104059380412195e-01	-3.59557036230588711323009e-01	 3.43891738279339997941264e-01	 1.81700656312784647461456e-01
 9.13349435300668477388797e-01	-9.73047037647537388371788e-02	-3.16427423186855072412271e-01	 2.37061784175624873372001e-01
 8.94638711821680421287795e-01	 3.09709848204072546451471e-01	-3.07437973534114783458193e-01	 9.58294196199255543522355e-02
 8.69891402621984388687792e-01	 4.21148201588826209817995e-01	 1.02850887662204112937836e-02	 2.56548936641579239381628e-01
 5.82129306598085705104495e-01	 7.98104602788536121593665e-01	-1.54447931269485166927424e-01	 1.73306068549601878514554e-02
 2.98601254232450707970514e-01	 9.18487923861373900535909e-01	-1.90816756814337296077611e-01	 1.75516922290953614194109e-01
-9.18199083826709144817713e-02	 9.44469920269643603560894e-01	-1.44844056136703591697312e-01	 2.80296046230264606080596e-01
-3.95707258090049307508451e-01	 8.71839775262796545796107e-01	-2.70557924212889544524074e-01	 1.00546416197616311771768e-01
-6.81707808944138626827680e-01	 6.73091589999076811423606e-01	-2.32509662904839348174235e-01	 1.67813680470259934951471e-01
-8.58017960812614610688343e-01	 3.74071780114083263235614e-01	-1.96829969498332646438143e-01	 2.91776361881028678535444e-01
-9.89116183191464881652166e-01	 1.25621372528535529822236e-01	-7.58066936144136255260051e-02	 1.10359465405473842342099e-02
-9.51910808833280608354244e-01	-1.71073754979916531349105e-01	-1.28491594430894889855566e-01	 2.19293165748610213716674e-01
-8.08027328940581823779610e-01	-5.03466982005421836987580e-01	-1.76517447835770224795482e-01	 2.49908832026896232658686e-01
-5.58591025299830290506975e-01	-7.54268773449334628544705e-01	-1.87292303929842113285886e-01	 2.89786605526157037271417e-01
-1.97680435238038298972896e-01	-9.19494741698605788648990e-01	-1.76338643539907330426431e-01	 2.90441987851653093954951e-01
 1.14045102907713163942205e-01	-9.40038186771474992831088e-01	-2.67373745357698922031631e-01	 1.78418615081394810184534e-01
 2.14172956639835265768568e-01	-9.17944760316242613917836e-01	 3.72029814116531590273418e-02	 3.31848308457632024115469e-01
 5.75193652517350995090339e-01	-8.05665665892663307445787e-01	 6.79354179508559474776064e-02	 1.24257297143157405261427e-01
 8.04691638925825958317262e-01	-4.08250495149833136920847e-01	-2.61301098152534605478792e-01	 3.42818662789912576016604e-01
 9.52835991831064932355844e-01	-2.92820647781455611902146e-01	-4.07697132236898365786892e-02	 6.85381017231853073568004e-02
 8.04054845249324467992835e-01	 8.10290360864819592112696e-02	-5.82609800609491856882016e-01	 8.65789892280389994372314e-02
 6.98788511909035126024037e-01	 4.15895740925032675328055e-01	-5.73716502704944786295016e-01	 9.78505126628447935432931e-02
 4.87241606762539747332852e-01	 7.25974545490870148967133e-01	-4.67931874104022538229941e-01	 1.28826771815024554435070e-01
 1.22707066795625541200110e-01	 8.25934811156328718695363e-01	-4.83751694058831338551840e-01	 2.62219301299093265900098e-01
-1.64341451256302589767344e-01	 8.16804420635337424805300e-01	-5.51369973446008132533791e-01	 4.25861269862804550645485e-02
-5.00185894098439609578577e-01	 6.52823013819522235401394e-01	-5.48411191319518875886274e-01	 1.51265823000592436464729e-01
-7.33215053930874605114809e-01	 3.80362883792548400752054e-01	-5.21632294459344669768086e-01	 2.13587243765260420547136e-01
-9.07035986016605844106664e-01	 7.61889769863739740873854e-02	-3.93418776462211572386707e-01	 1.29238640443289809489613e-01
-8.75893294271280486995579e-01	-3.13909230922811421926610e-01	-3.66034452091193951428494e-01	-1.70502690404734508211604e-02
-6.46059454790967713222472e-01	-5.42080160045621539666172e-01	-5.12970310122500050553640e-01	 1.60055433812591851872043e-01
-3.71064296935003479216419e-01	-7.68789572061886472553738e-01	-4.81932024979312756407523e-01	 1.97523175167807929497599e-01
-4.77532009106874447135205e-02	-7.83038108162738999418195e-01	-4.70691322379842402856553e-01	 4.03758135526725681074822e-01
 4.51047843477674903489572e-01	-8.27368023913698236171399e-01	-2.60965794903920467184832e-01	 2.09558702490366399739941e-01
 5.87361405272879499861460e-01	-6.01269249644651448960531e-01	-4.87470850276356115760024e-01	 2.36334591540198868386824e-01
 7.41183046822592617175474e-01	-3.09528843683642918005461e-01	-5.73120933559536527290845e-01	 1.62394524373486670576483e-01
 5.35574262791748023637695e-01	 1.28499970035594046624539e-01	-7.95228477502508690477612e-01	 2.53494842758130278781437e-01
 4.23927989705102981066176e-01	 4.51270900535249430696183e-01	-7.67093472918548235917058e-01	 1.67950104734875538259331e-01
 1.22968945352849634566894e-01	 5.72010111976891555407576e-01	-7.67635227440765399720135e-01	 2.61570693822829714036970e-01
-2.02151738916953649383146e-01	 5.98916647558199732870321e-01	-7.23978886436144386529179e-01	 2.76202997313894915709653e-01
-3.62700785130710190440340e-01	 4.64746318942429736953414e-01	-8.07706594735426164355374e-01	 8.31001299217339062241905e-03
-5.57830655153786048039422e-01	 1.76327170366121277478300e-01	-8.08869146560314833394045e-01	 5.88590936403430853296470e-02
-5.35466604531245837783615e-01	-2.94262397433671774038544e-01	-7.18754449327156264004657e-01	 3.31778839682073056760458e-01
-4.24207253995232291821083e-01	-4.80160465669599911819887e-01	-7.67304444869317370248041e-01	 2.71665557177638399000141e-02
-1.27139912916577363377613e-01	-6.45454921365068878813531e-01	-7.35193816169440350627440e-01	 1.63442466009887432676351e-01
 2.28136839019098702774357e-01	-7.50202856332699452579504e-01	-5.83011707680425983468808e-01	 2.12712495496119646798405e-01
 4.30809224881432972775741e-01	-5.06607446342533296324007e-01	-7.41097159685649931049056e-01	 9.23434186784239247058892e-02
 5.59722376220217476827656e-01	-1.41345275769782424690746e-01	-8.15390885337573534386024e-01	 4.32444063939548956065906e-02
 1.98221235401853851376686e-01	 2.36106634325778830252318e-01	-8.84584216992127747580810e-01	 3.49961086567549928272314e-01
 2.01021994977813520111276e-02	 3.39026316037269181968838e-01	-9.38965190451395370629939e-01	 5.47853057865367656931177e-02
-2.28009368580072646626178e-01	 2.26294220571847642942132e-01	-9.12032962318057305317609e-01	 2.54948091228088535853402e-01
-3.95755113506345013174581e-01	-1.39780194610470642757605e-01	-9.03924427203455449486569e-01	 8.22193239642829837299232e-02
-1.80119407950372956150886e-01	-3.09445807510659365302530e-01	-8.68424165506278544768293e-01	 3.42986530141354939438258e-01
 2.40613142892566078678840e-01	-2.80016221280630306367243e-01	-9.29083066868214624278721e-01	-2.23804858265310435694317e-02
 2.48345334956705077189554e-01	-1.18392767856604269605114e-01	-9.13926232657681580917597e-01	 2.98406749897906220514443e-01
-4.10411718202256942111816e-02	-4.41520708918811330412346e-02	-9.90754958860427081823730e-01	 1.21535296704514822474508e-01
 6.83759545593856793432863e-02	 1.83697959983213782164668e-02	 9.26243014179109258598999e-01	-3.70217717184728012380646e-01
 4.06252393118278265493615e-01	 4.88547237129989611603698e-02	 8.26864978134479566840298e-01	-3.85832239439973634365089e-01
-3.71773152308380082711747e-03	 2.81074083458651036160347e-01	 9.52868326200421944527363e-01	-1.14129273213351617455302e-01
-7.88991232494104938188784e-02	 5.54948014886366247644389e-01	 7.85770135717608675385293e-01	-2.61482165622221041090256e-01
-2.64362787922160114018055e-01	-1.04251149470727388912650e-02	 9.41357741490400079520384e-01	-2.09402091385106819965145e-01
-3.30927130212595288494271e-01	-3.69782245523771369022370e-01	 8.67807502580980938411415e-01	-2.56605504386385151194272e-02
-5.82755845328170110630772e-02	-3.13083104265235168117698e-01	 9.12507669061521808906434e-01	-2.56734648956682298681642e-01
 2.78453495677359330606748e-01	-2.35420367587068773973513e-01	 9.18737047940448303684491e-01	-1.51535929772113636682107e-01
 6.58355196129109754288322e-01	 5.21182736341601685059466e-02	 7.37273671033854771650340e-01	-1.42406654631936746557841e-01
 5.28949207785543440429876e-01	 3.95536922257340217701227e-01	 7.34427709023298902479837e-01	-1.56138460774485621218588e-01
 2.30569749980354482543632e-01	 6.60346809005243562396004e-01	 7.02653968393950223436661e-01	-1.30602767699704219728218e-01
-3.87155543401367652212031e-02	 8.14981024828428157746885e-01	 5.13325647043716970507887e-01	-2.66089862845036440042179e-01
-3.27315747799066969481174e-01	 6.93104206690200674856328e-01	 6.32320629732226358044045e-01	-1.12434786103438072446536e-01
-3.96173229523118730632802e-01	 3.87593141870319846109538e-01	 8.19316827395548896717514e-01	-1.46759207311870948364785e-01
-5.47795243097246142838230e-01	-1.90295848176185895817003e-02	 8.35369064251929693831755e-01	-4.14339598946775675147869e-02
-4.36602629260535446409364e-01	-2.61177094173357604578456e-01	 7.87161310114491752365495e-01	-3.48628371566035377693282e-01
-1.26589384575567454049860e-01	-4.68827299866111268933366e-01	 7.25730579367411920976849e-01	-4.87330705767727190291794e-01
-1.40449439461289904418351e-01	-6.30694743299319404705727e-01	 7.46274358313340546722259e-01	-1.59914595499056705341090e-01
 1.77693584866650267084509e-01	-5.51560854885525864155227e-01	 8.11853476574867172210759e-01	-7.14111043780176063533460e-02
 5.55982795001009999502628e-01	-2.49219561874140238533215e-01	 7.21819834533607651572140e-01	-3.28251227135561207681747e-01
 8.77560964525303521810429e-01	 6.07995147782385420009987e-02	 4.47096255409583420714625e-01	-1.62157673092822057769880e-01
 7.66953352846474811777000e-01	 3.14107660849966829896829e-01	 5.57229274476996994103217e-01	 5.11318650036599736674603e-02
 5.05536283208819714474203e-01	 6.89224818554287188554497e-01	 5.18485511388292130696698e-01	-2.39789559539886239225570e-02
 2.18143219367078894377343e-01	 8.83093059634985522166062e-01	 4.13813651324456244218197e-01	-3.63104096122259661916232e-02
-2.43671271223095203817266e-01	 9.14705920783036696697366e-01	 3.16643046528785110371729e-01	-6.06182410660975751204305e-02
-5.64062753297823182840887e-01	 7.43109796922468701652065e-01	 3.42134877664371284122780e-01	-1.12092664994245916343374e-01
-6.01070228569160924791959e-01	 5.17637707336469299335135e-01	 6.06763079105686609082682e-01	 5.10328336019740813611634e-02
-7.22488620820919469345256e-01	 2.45334477841931186681279e-01	 6.35516840441967878483354e-01	-1.18065796405950176883870e-01
-7.34030491533722573294085e-01	-8.19570138905538481122193e-02	 6.20752322573942305616868e-01	-2.62961669054562974245925e-01
-4.38641014322990463458751e-01	-5.77815916965490172785280e-01	 6.30270299587707083510679e-01	-2.76554110641389239155785e-01
-4.92924851914040229594605e-01	-7.89156437440251101733679e-01	 3.39702354922680249682543e-01	-1.37329959120791600390987e-01
-2.08648899921760805353799e-01	-8.15404457884455591276662e-01	 4.31441938677714575955946e-01	-3.24713812723775696600370e-01
 7.38603249024442770620524e-02	-8.24636412367018123426021e-01	 5.59656620692398854011174e-01	-3.61096485571845635109689e-02
 3.93337399660839914794508e-01	-7.56856131549955346571323e-01	 4.97735039917810873077997e-01	-1.57207875761046833584800e-01
 6.65114420911154691218314e-01	-5.27531489441023904163330e-01	 4.59905089147934931226303e-01	-2.60423969173316005587537e-01
 9.80391886206060769737292e-01	 2.29009442763041318191775e-02	 6.53251117232691302927350e-02	-1.84499121924519227100348e-01
 9.22971375800346827134035e-01	 3.18360250445650361239558e-01	 2.12878354070503428285832e-01	-3.81234410518126939915184e-02
 7.98573738697390012042376e-01	 6.00368104529449331252522e-01	 6.41404895425466171909878e-03	-4.23908351250784840025254e-02
 5.96733642547180753723524e-01	 7.43639930268861548690040e-01	 2.24566581720558933188414e-01	-2.01192605073943292515182e-01
 2.70611865425431225018471e-02	 9.47410538201011953596264e-01	 1.75329775997934644848897e-01	-2.66346454710951252575768e-01
-2.16700479196519468771953e-01	 9.74305884931483956457043e-01	-2.39805303042621639764143e-02	-5.65144147116770773076055e-02
-5.13972838094396200503411e-01	 8.31709823718189356078767e-01	 5.38091185085709522439856e-03	-2.09908876943076527776810e-01
-7.69458390488903853920988e-01	 6.36195383249585244556101e-01	 2.98316266997705782648698e-02	-4.79509508412998414206285e-02
-7.98761639769376419195623e-01	 4.61169147327437856098697e-01	 3.49766660268617357587573e-01	-1.64213713650105230801302e-01
-9.28042399144648588737994e-01	 1.24657591656882810182694e-01	 3.15109919360200441129649e-01	-1.54607661365659593277755e-01
-8.84772142270425998589189e-01	-2.54127877318726380639902e-01	 3.68786404386165611590798e-01	-1.28817181197242613954757e-01
-7.60816908058484675514421e-01	-5.63386398648945463385473e-01	 2.13755484649210014680420e-01	-2.40960559038362970296632e-01
-5.31539970232224101565066e-01	-8.07523284798233209613727e-01	-3.77020208824653145149308e-03	-2.55650523430740406194417e-01
-2.11282461687754025136954e-01	-9.43914480222974527912072e-01	 1.05493041063561263093185e-01	-2.30773468353093452742897e-01
 2.95175698685797238685069e-01	-9.53604335296258098786382e-01	-3.10934767822610078069623e-02	-5.04308864796594938373353e-02
 5.79657403765150514018956e-01	-7.63467643882363655727374e-01	 1.75690637259219933907772e-01	-2.24158985955073664086967e-01
 8.18910746021128455041094e-01	-5.53273922572985576984195e-01	 1.40058190717710084882697e-01	-6.04719758623955272458517e-02
 9.10507752478709853072303e-01	-2.59792027714855044973064e-01	 2.65989026377441262205537e-01	-1.80924218552280718919079e-01
 9.47887048069095961011499e-01	-1.47786498901476548439859e-02	-2.97510704365816835981207e-01	-1.13044753960700308792475e-01
 9.15814801904038300328637e-01	 3.30046386087484600047048e-01	-1.21852293127081401369338e-01	-1.93661173970753525130917e-01
 7.30458261792662599809489e-01	 5.75756060888011456100344e-01	-3.40589843693014537873154e-01	-1.37601760536450262728536e-01
 5.65385503593858973481190e-01	 7.38846036601763289652922e-01	-1.02195383508000628425272e-01	-3.52138992605813216929533e-01
 3.22282750183663424525804e-01	 9.28343925484663157199350e-01	-6.99102835083716470099269e-03	-1.85101351892357796069533e-01
 3.07594263629851552566130e-02	 9.54348817563328899460373e-01	-2.95949221424558595039400e-01	-2.61963822596530566955142e-02
-2.95754114964881686944409e-01	 8.71260630596388474522485e-01	-3.06501322838235112921978e-01	-2.43908499549595703115301e-01
-6.09486284315443715975391e-01	 6.99888410547833239583326e-01	-3.32522899986287812090779e-01	-1.67663958550700820104851e-01
-8.57549046491218880383656e-01	 4.23093888003827911514776e-01	-2.89206836617098672626014e-01	-4.42786681115926866736388e-02
-9.13426240502834607681848e-01	 3.42191734092214372431329e-01	 3.08080736496051006689800e-02	-2.18192994566328263283950e-01
-9.71379804006040181718618e-01	-1.91167110899416903269099e-01	 9.97389227983933382426507e-03	-1.40630485856898718166619e-01
-8.26225326794967740440256e-01	-5.28669393874605986205495e-01	-1.23739454984755789523909e-01	-1.50163006838838264389580e-01
-6.13056206271018422349073e-01	-7.35918919623584355527157e-01	-2.83975229051433908367130e-01	-4.40851559805436749028829e-02
-3.03018941415747811163328e-01	-9.20477949454408861384991e-01	-2.41729266624559652187898e-01	-4.96671659010184049498626e-02
 2.36623645986580102840158e-02	-9.60135121878908703862976e-01	-2.14596043388269430707282e-01	-1.77564575291001031098759e-01
 5.28898509013732143202446e-01	-8.08258445902186650755539e-01	-1.98765122293332291425472e-01	-1.65762112530426802825545e-01
 6.02254260988636103135718e-01	-6.16237730279792894627633e-01	-4.93565509159240078940201e-01	-1.18042166487325031476452e-01
 7.48609011628561749063238e-01	-6.28327224742769918641727e-01	-1.94715817535441704233534e-01	 8.29168062401167832442539e-02
 9.11732600205492627054582e-01	-2.69405900187471403217643e-01	-9.20206232614144276071855e-02	-2.96135664115773633575657e-01
 8.12038793385075341468848e-01	-1.11437931437845874627079e-01	-3.64152544620472806702338e-01	-4.42230154694362276313058e-01
 8.07959659554137177295274e-01	 2.34007942349589520558695e-01	-4.77964558807412842611484e-01	-2.52965120074901073099483e-01
 5.14048030200467964689892e-01	 5.70102410464558895242249e-01	-6.18523084393638344913313e-01	-1.67830445097719771485600e-01
 3.38997911290159381625386e-01	 8.48566456939124469371905e-01	-3.61251015767678318457712e-01	-1.85776984326668115343750e-01
 1.89044505673941036494323e-02	 7.97068940632858602413080e-01	-5.26851750446319044840493e-01	-2.94535156948720233671679e-01
-3.69974202337434054932430e-01	 6.73917492097860226785144e-01	-6.00776895148374623367715e-01	-2.19137914805240890947502e-01
-6.55754748887127703049771e-01	 4.45948943509017259323457e-01	-5.94268716465234270174278e-01	-1.34014707125503090834329e-01
-7.81234265483054524104034e-01	 1.19176628105496743015301e-01	-6.03656136926074005089049e-01	-1.05210370686760493197376e-01
-9.23636164933680836597318e-01	-4.05459723352934314766216e-02	-3.18133452948668238313701e-01	-2.09865111604919801768787e-01
-6.71852130431100702523395e-01	-4.89339922307470531759321e-01	-5.21086120710090083818500e-01	-1.93985592440829607285835e-01
-3.82204933139625446791854e-01	-7.22598291726206931606669e-01	-5.53971728129526885808787e-01	-1.57754309961052191502162e-01
-6.84702730064448150670842e-02	-8.55350891162421800295590e-01	-5.13455989109496524491760e-01	 7.04428489362341099522258e-03
 3.00758313387636200264552e-01	-8.31100602702441570990288e-01	-4.58705421979162530909946e-01	-9.16818464189144144427246e-02
 7.61022547854342756856738e-01	-1.51358343850075349745765e-01	-6.06802069273300936913529e-01	-1.72413984728290531345252e-01
 8.51500762227910823476407e-01	-3.74484164437812849790532e-01	-3.57738959596158867526583e-01	-8.20420581022801437276470e-02
 5.92084110391747020507580e-01	 2.05662471611504998891817e-01	-7.67391688886846057293667e-01	-1.35090154414208102329198e-01
 2.83071538477061679373037e-01	 4.28345157049625058220954e-01	-8.45367245659982557981493e-01	-1.47462369781636404297842e-01
 2.19039727976473835857618e-01	 7.31642529387277473773565e-01	-6.44837741149599574796980e-01	-3.00847860032488999271205e-02
-6.15432498659520960115898e-02	 6.01885150617360586977611e-01	-7.88552011665831997788700e-01	-1.10147259430382102318724e-01
-4.07920592015485361514493e-01	 3.51519843734350689867796e-01	-7.78977868943949491864487e-01	-3.21291253796701870015795e-01
-5.21718823055910552177750e-01	-1.55209555182185612864920e-02	-8.14383105625238301605862e-01	-2.53670508497044311368995e-01
-6.92322704934436816692767e-01	-2.08598275209038619415480e-01	-6.90739686640984729137926e-01	 7.39710154001903350678981e-03
-4.68963373709766651042941e-01	-3.64980303007400697090645e-01	-7.35885942187347041887335e-01	-3.24552942717240444636673e-01
-1.63726803211474425392424e-01	-5.58550084300053262253982e-01	-7.73413821898411346644764e-01	-2.51090416653139303360120e-01
 1.53291121285257098127985e-01	-6.31760913991423311841800e-01	-7.54030579644822451790276e-01	-9.39034858156137658413698e-02
 5.08050458836779683657880e-01	-3.82990959095044658511142e-01	-7.39772044703877917903867e-01	-2.18952000223426451741560e-01
 6.13446902865615650846109e-01	-6.49233504581924955600947e-03	-6.52960044525839000684186e-01	-4.44166553449323930902182e-01
 3.03600999422996564724997e-01	 1.17215124468584633299351e-01	-9.45540626396438321776827e-01	 6.32230804400538571458101e-03
-2.00222543315786843942661e-02	 3.18565285731601588459228e-01	-8.90264705999979422124113e-01	-3.24875393511104115784605e-01
-2.53999149436588411710147e-01	 1.49490673779892807582215e-01	-9.48953288938076067182692e-01	-1.12359360766835350564641e-01
-2.20985355457059523542895e-01	-2.01511361300920593953023e-01	-9.19847933402420325776916e-01	-2.53847244136042593520841e-01
-9.08597735808344270092007e-02	-3.79828596076755731214547e-01	-9.20532300746786713574465e-01	 9.74794486175211381817629e-03
 1.25807912372084218510793e-01	-3.68311573663601343753271e-01	-8.54869762717824999143090e-01	-3.43098590321775531730708e-01
 3.97470274812269819264543e-01	-7.89509271088722902609547e-02	-8.67906288736676523321023e-01	-2.87267829247615125165538e-01
 6.57627340406430616059907e-02	-5.87449679046168210527767e-03	-9.69984082662530000540357e-01	-2.34033400351934511851582e-01
 1.54536282750125930629537e-01	 2.24522447818500843486067e-02	 7.28607444631963807601949e-01	-6.66892514311646089630869e-01
 3.94337282813460976438336e-01	 2.95622252893044001886835e-01	 6.46855132048651415566098e-01	-5.81965659742960661482414e-01
 2.33923802099401861864791e-01	 3.72395086793508856004564e-01	 8.33627484347040481615920e-01	-3.34165784431380286090274e-01
-1.78509953893779604872094e-01	 2.61606013528102532283981e-01	 8.43224983836359798239357e-01	-4.34359432591196303885539e-01
-2.07644268800091874593861e-01	-8.55515652084756494932805e-02	 7.89406485455410589224812e-01	-5.71316189203309621191806e-01
-3.69973094278920056066084e-02	-2.45111761252716470194102e-01	 6.03536133082666848004294e-01	-7.57822907844774462660098e-01
 1.95054735376930771240112e-01	-2.76299312595479629184325e-01	 7.89004060853014776988346e-01	-5.12918055856637633560524e-01
 6.76208072859685427324905e-01	 1.81021045336057090358040e-01	 5.76700794731029753314999e-01	-4.21177179701643478182405e-01
 4.79911253882196797704296e-01	 5.78523776838532288735450e-01	 5.33647255052498215022183e-01	-3.87577134522448130127259e-01
 1.48821006996129073796098e-01	 6.30749006882934559747866e-01	 5.90076301571666350653800e-01	-4.81474772460981526034374e-01
-2.33935089059204764927458e-01	 5.63962783709050063940538e-01	 6.02783049332407339093720e-01	-5.13685651089774708566438e-01
-5.39151727232015876012383e-01	 5.15227721203039612518637e-01	 5.74227454597645348144397e-01	-3.37814506368459943619342e-01
-4.97332983685378371419006e-01	 1.46950585141869372041157e-01	 7.66794533324847038535665e-01	-3.78274467190413909989388e-01
-5.56306952044389957379167e-01	-7.78306182687810571563247e-02	 5.86959045568290149752499e-01	-5.83047209745953809445496e-01
-3.86662128437563312743919e-01	-3.82865348331078159116458e-01	 5.54998332198813781879210e-01	-6.29192637223283779412952e-01
-1.70714153561264653236051e-01	-6.22299438410287009126876e-01	 4.22203760554945961569473e-01	-6.36666373622295389544945e-01
 8.08168545980958857866128e-02	-7.17975214297112085404251e-01	 5.76156886711006288592785e-01	-3.82130173584037891032494e-01
 3.37490033130447841802635e-01	-5.22444265735001023287509e-01	 6.94942123146889190188347e-01	-3.60843334723421171883473e-01
 4.79830645323098436971776e-01	-8.10939087843430689295232e-02	 6.00536494903677553480748e-01	-6.34462172281138436780168e-01
 8.49956464506670839043068e-01	 1.92138517438983136287334e-01	 2.42473777270222706770042e-01	-4.26454295201702304751734e-01
 7.47438615905650083348633e-01	 4.61633574701508564430696e-01	 4.14333005756695404997458e-01	-2.37819508245171229443571e-01
 3.10435800661855998416883e-01	 8.14283799194742918814427e-01	 3.27670960181554393741976e-01	-3.64970204112755325365214e-01
 9.31805025820541497905136e-03	 7.67794445507265277406361e-01	 2.89142960384461245038068e-01	-5.71665297046870413133490e-01
-3.38944075704726011100121e-01	 7.75136036360712155079966e-01	 3.53384470298745589911249e-01	-3.99249865161341144226270e-01
-6.30422021985420633072295e-01	 6.16605591631293803445146e-01	 2.04418127122378751048259e-01	-4.24945699906017326785701e-01
-7.07394739927370341803226e-01	 2.43657959587672723333895e-01	 4.88836364550746804713555e-01	-4.48622880987438743538576e-01
-8.32943777504491222885008e-01	-4.33795016360431912039175e-02	 3.19863633379795342381868e-01	-4.49455379760253070919873e-01
-6.85985033685341583087336e-01	-3.85289912022866831708967e-01	 4.95731751786477881083215e-01	-3.67731216411990691206313e-01
-5.02846801067011517361038e-01	-6.36786279133299326637996e-01	 3.46168589724268171980981e-01	-4.70973074445400430310116e-01
-3.07720236618620912594224e-01	-7.77787717403482736777676e-01	 9.32959275691745554270895e-02	-5.40046657734928770011607e-01
 1.21449059128469538659800e-01	-9.26623431420008136782940e-01	 2.69161923595728713731745e-01	-2.32746646090692982378201e-01
 3.85414686842897591390056e-01	-7.02422825244193638205559e-01	 3.60493647461010424670746e-01	-4.77600276258309086596654e-01
 7.54263506629599178587853e-01	-4.49926349437965500399628e-01	 1.93393699496783033620062e-01	-4.37323358218143609654760e-01
 7.55750992856596415236936e-01	-1.58091191706256462001789e-01	 4.52852260169988085625192e-01	-4.45839031893908888104505e-01
 8.64525384046866185450142e-01	 1.25719552384670169020708e-01	-1.33360188549494884657776e-01	-4.67980250220946802919286e-01
 7.65445387356845752258039e-01	 5.02105204021559559102172e-01	 8.87434591369668096527690e-02	-3.92566327553703686703557e-01
 4.83507165004488204118616e-01	 6.35940482273559370973715e-01	 1.78004245917741527049927e-01	-5.74556361752484257010565e-01
 2.48928223426962164088749e-01	 8.08902698360095318008689e-01	-1.85763552630679694421811e-02	-5.32321409669377576534544e-01
-2.28939808284830570439539e-01	 8.72373686048890983890658e-01	 2.96092541096905567665765e-02	-4.30899069554627756062359e-01
-4.72874749809147787438235e-01	 6.95139016097260364901445e-01	-1.25876166014412649296617e-01	-5.26617897646653010390594e-01
-7.39492890055192475529111e-01	 5.45805581816509954862227e-01	-1.31207838603298682089715e-01	-3.71525282457076999609313e-01
-7.84381527198174777204542e-01	 3.04431223679608620180659e-01	 1.60709141262754706680482e-01	-5.15984323166686409400938e-01
-8.41029241839242436284962e-01	-3.03493985031888013903512e-01	 9.34464150896110040678266e-02	-4.37982856887885296792717e-01
-6.32964708151781851874773e-01	-5.76521499140021487228580e-01	 1.66273811123752029983436e-02	-5.16432153783065395202811e-01
-2.86556406582403777605350e-01	-8.32972184357279488153836e-01	-2.68124510924202197337252e-01	-3.90066677089058733152171e-01
-1.19119904844204472366131e-02	-8.76874037300670372552247e-01	-5.58102792411337977895869e-02	-4.77320898266300863710399e-01
 3.27845878382720390398219e-01	-8.59980498981678942449491e-01	 2.68753255258733919630387e-02	-3.90164501558718845863893e-01
 7.54988175209565959278279e-01	-5.77414356430825281840669e-01	-1.28622384449378679427411e-01	-2.82916592832343605223855e-01
 7.05053412958931757792413e-01	-3.61067030174567094036320e-01	-1.47596169739533628062489e-01	-5.92237836746436929757920e-01
 8.25482499573766959066745e-01	-1.17812712405235775481316e-01	 1.13844993599250529636713e-01	-5.40127878493189661490703e-01
 7.12992965073594553437886e-01	 4.48403682349544752128168e-01	-2.64725107238758972094672e-01	-4.69569789284148997321466e-01
 4.58452839920648003158021e-01	 6.55988109446403178104390e-01	-4.09943833708698468498710e-01	-4.37546165607518022788724e-01
 1.58043029009901997428145e-01	 7.06593443089484019026258e-01	-3.59832716322786738682993e-01	-5.88445854287451330932868e-01
 3.53293641594036866848683e-02	 9.12113989259718094260165e-01	-1.92214786270069104556768e-01	-3.60351748384779069223072e-01
-2.38534374905195883931341e-01	 7.09040857301013072166995e-01	-4.02561399008707077040725e-01	-5.27547850620760705453449e-01
-5.53269311269836139288714e-01	 5.11259217993221048992325e-01	-4.57736385056931038839423e-01	-4.72212328321671759301381e-01
-8.31916359928804638457223e-01	 2.66133119671668860739544e-01	-3.48709460115881386688130e-01	-3.39838263181654609557114e-01
-9.14577459882450094497131e-01	 4.66965048708907551344716e-02	-3.73287888484909180508708e-02	-3.99967583475102639312126e-01
-8.11652793679538575588595e-01	-3.33873005689870827605858e-01	-2.50416150027235995256802e-01	-4.08705652504769256783135e-01
-5.83116854613499824289136e-01	-6.39264658634301041750803e-01	-3.02557851340896188929719e-01	-3.99717621176261472815128e-01
-2.84488562798436012135639e-02	-7.77716302144013993391525e-01	-5.36726578655061570266582e-01	-3.25994778671441054473945e-01
 2.29646987014991227349370e-01	-8.14496020836182554880622e-01	-3.25907766248758334892699e-01	-4.21476715010101199432313e-01
 5.21509744961779264649238e-01	-6.47960723642590274984343e-01	-2.72223829074120793336533e-01	-4.83806442093007660343318e-01
 6.61484306224955020958589e-01	-4.08216321356475841941602e-01	-4.77509707813917883001409e-01	-4.09612532205428536702385e-01
 6.35921583508839871612395e-01	-4.63124140458832239675147e-02	-9.20505673265424873008556e-02	-7.64843508822369400057539e-01
 5.59207513791209143150240e-01	 3.56034694487755265512874e-01	-6.04417524296855357412994e-01	-4.41820901682260791520918e-01
 2.18085205726383984936589e-01	 5.61844269096032244981131e-01	-6.72734198524878035385655e-01	-4.29183595285649532868888e-01
-1.35875912521428471313456e-01	 5.48482303132967752290483e-01	-6.87141306713898281088859e-01	-4.56663688236694509381408e-01
-3.15119835974307205272993e-01	 3.20466588265874929852828e-01	-6.22121383174312980735010e-01	-6.41066017956056999338443e-01
-6.32849542565890099687920e-01	 1.84750338127672941723745e-01	-6.02576838878643883390396e-01	-4.49744285436596724636615e-01
-7.33014558496642654183972e-01	-1.64783527823004732892898e-01	-5.65443743821353539402708e-01	-3.40307829124556926458922e-01
-5.57205845546624667363744e-01	-3.68543209013562189646507e-01	-4.46446539089149774248710e-01	-5.95300794988531167817314e-01
-3.16338631181840301831443e-01	-5.92123752564410743559620e-01	-5.48842387632336725644677e-01	-4.98087708751255742178898e-01
 5.62781460698331750802659e-02	-5.25986151021464287680374e-01	-6.26113494736268205720364e-01	-5.72846603304676293966224e-01
 3.37272824728588993536960e-01	-6.20997306665171389106206e-01	-6.05414449380009878076692e-01	-3.66173089257117834183219e-01
 3.78503506987746263234840e-01	-2.87810084905978147418182e-01	-6.91361207204735150888553e-01	-5.43985414691241619955520e-01
 6.47141560589901687627901e-01	 1.65690916933952131495644e-01	-3.84422825978265825241920e-01	-6.37160428361442487954491e-01
 4.90728940831265600386324e-02	 2.66922723418206830903188e-01	-7.13215304127292504254854e-01	-6.46272419918974661001698e-01
-2.31571068583361322490433e-01	 7.39869246280357856226928e-02	-8.37793705564177315636698e-01	-4.88878801029754284090956e-01
-4.64399740437782981850035e-01	-1.00784391721236987748966e-01	-6.44240071953382065217397e-01	-5.99274659197434611535016e-01
-1.78506258237998760574072e-01	-2.92927526927625081487605e-01	-7.53191665110172658970100e-01	-5.61276487434223758654639e-01
 3.66530926984515392774711e-01	 5.72017125396027670269916e-02	-6.11519386457140656787601e-01	-6.98875585232086149467534e-01
 3.14034157656158330329532e-01	 2.18199325530282900453827e-01	-8.16520731497043295021854e-01	-4.32510690271177000720826e-01
 1.01108950247129500410459e-01	-6.81646397041014290296701e-02	-8.18377106652818264720395e-01	-5.61595471296283954565354e-01
-5.94230638809914446518690e-02	 1.32876803473303189973009e-01	 5.36078329845408929621442e-01	-8.31524310437085079072972e-01
 3.08169012938848185800822e-01	 1.44465098441302453036172e-01	 4.38623629592129360421637e-01	-8.31727723693317377851031e-01
 3.98841928441019677453738e-02	 3.50020779505283929911030e-01	 6.91839686130275799413880e-01	-6.30279742472221293780876e-01
-3.46789046356721142316815e-01	 2.16474401485171608072733e-01	 6.21069492081337104494310e-01	-6.68691914736870840485494e-01
-3.18155959496114137952105e-01	-1.06840439043196802626490e-01	 4.50121740783793022888659e-01	-8.27497628090819170587622e-01
-9.91665064550878438964787e-02	-3.80782924535121580777997e-01	 2.94805300888112131740826e-01	-8.70781374943356611950662e-01
 2.82182283384186716190811e-01	-2.20887917820720730555095e-01	 4.26157062812748343993974e-01	-8.30645438511356859478951e-01
 6.22398505730376694344841e-01	 4.71404565598943711690616e-02	 3.01670255676692478097323e-01	-7.20689207814213195213426e-01
 6.02466374261454662430992e-01	 3.72564618880350029161974e-01	 3.54427716779740942243393e-01	-6.10418599176905884995392e-01
 2.65703958519952765371386e-01	 4.95776416826288146566526e-01	 4.07770794167451655631851e-01	-7.19256651251665157786874e-01
-1.02529332530277045298917e-01	 4.85216892151182799253206e-01	 4.05664903879343174963878e-01	-7.67781407239460977898204e-01
-4.77877486014773089628704e-01	 4.47702349306817626306554e-01	 3.99262035130907078084306e-01	-6.41705183155382496984487e-01
-5.93961737763924690902684e-01	 1.10319860765206528840920e-01	 3.15634072295129131102698e-01	-7.31719970206907377452410e-01
-6.37909061629466589415927e-01	-2.86162884451242272021432e-01	 2.94732379106614039709910e-01	-6.51395162217001444382447e-01
-3.97115380118810923359973e-01	-4.93743767734046101747225e-01	 1.79605293032061935631916e-01	-7.52501432165911587901519e-01
 7.53606364824704055838112e-02	-7.77693387381499623423053e-01	 2.50816786599776853083910e-01	-5.71493402631918168133041e-01
 1.63168975385810932632324e-01	-5.05753356471522419468556e-01	 5.28295383139331775623759e-01	-6.62188353901667969836353e-01
 5.10610986685961498743325e-01	-4.11478647797017538234599e-01	 4.80436105989556050399614e-01	-5.82359760581308338878159e-01
 6.77168498455903211663554e-01	 2.93265056395480172568568e-01	 5.69330082030604020526532e-03	-6.74837771410361275670198e-01
 4.47981177961982390822726e-01	 5.50329282507015182801524e-01	-1.54002143974619698507666e-01	-6.87556459251405072130581e-01
 1.40518491584282506634551e-01	 4.45759859210412057173301e-01	-1.96746863256916537654462e-01	-8.61883619311885840197363e-01
 1.48444598584169390464993e-01	 5.99385819389876339791101e-01	 1.02325630488089833192156e-01	-7.79891214215627792682994e-01
-2.87263631428610832774240e-01	 6.47783163873913103714131e-01	 1.66086940976436364669766e-01	-6.85763593884248123799807e-01
-5.32054169682746214142810e-01	 4.27965963901896617738174e-01	 6.28997086502298824450818e-02	-7.27878506975195849193483e-01
-7.27519030227734120330751e-01	-1.81032118994152585456092e-02	 1.93856838352781495060650e-02	-6.85574598156656445091528e-01
-6.09670409796061796292577e-01	-3.20795043171022087324928e-01	-1.08617663560842819814312e-01	-7.16655241283134625263074e-01
-7.16431540629031277100935e-02	-6.23165785076446487877888e-01	 3.41037376823743118570142e-02	-7.78054366906366756673208e-01
 2.40028049943991128589715e-01	-6.79630421971047615770090e-01	-1.00121276280964427440878e-01	-6.85904333568036039814331e-01
 5.25929839303038160203130e-01	-6.14567662369180367498700e-01	 7.52257978075879379931123e-02	-5.83134179966303789477422e-01
 5.68152972312131909760069e-01	-2.92835390829317809835430e-01	 2.04468733512830652676584e-01	-7.41378561159135363034522e-01
 4.30594737173349839665093e-01	 2.11779123002262620323322e-01	-2.27362363306095410786511e-01	-8.47374846883522714335868e-01
 3.35470326147693564955432e-01	 4.09470569982318954860290e-01	-4.89279837326954347709318e-01	-6.93108038748667443229579e-01
-5.14024301207919032119520e-02	 4.81189043617881284653492e-01	-4.60531380162935322086781e-01	-7.44127504104644676985458e-01
-8.86892684780641454844741e-02	 7.07788238366623634334474e-01	-1.23085625383889687989303e-01	-6.89941991844643665032777e-01
-3.77198705044241078265799e-01	 4.76334720052682514257469e-01	-2.72528086756890497444061e-01	-7.46026013831896595007720e-01
-7.00908935894335005656330e-01	 2.98853998199408610325634e-01	-1.92165769620939064221687e-01	-6.18453933878418515845965e-01
-7.39326410513949094927000e-01	-4.32888557379252358892074e-02	-3.26231406494471076751296e-01	-5.87448383351337533042624e-01
-3.66968066509521795293125e-01	-5.92826226205291573201350e-01	-2.00454323003922324497594e-01	-6.88265623196811282547003e-01
-5.27128140333161868125167e-02	-6.91743125766417277233700e-01	-3.33258386297501874029336e-01	-6.38476041174593111904301e-01
 3.38601064806099971704612e-01	-4.92660741696873738515450e-01	-4.24639769450249393578645e-01	-6.79938069756430563117533e-01
 5.50666036676799031113205e-01	-1.95040988900202355571523e-01	-4.18307953617830241554998e-01	-6.95517350351204877156874e-01
 1.23850578731678859223386e-01	 1.55597638531156434726910e-01	-4.55301687312069769397738e-01	-8.67842602412521868515682e-01
-1.92672590649533903572888e-01	 2.12435725214210752165300e-01	-3.08003234263629188660616e-01	-9.07128625470640548300594e-01
-5.02517017755718553573274e-01	 1.57408533342276252264824e-01	-4.19992665293945688365085e-01	-7.39124726684353472450084e-01
-2.19564881516320281606980e-01	-3.75466714329860173915421e-01	-4.69780449499227981124960e-01	-7.68194206241733401618887e-01
 1.24453795681325571353959e-01	-2.24236211223648507218087e-01	-5.72659893064259128969695e-01	-7.78646274756519707338498e-01
 3.08911926836469064028279e-01	-1.21624163502972018613413e-01	-2.85855571170787581269934e-01	-8.98925790452696604759808e-01
-1.70777762164115526344332e-01	-9.61114034304770071051593e-04	-6.03035344750687318793325e-01	-7.79219099606426213178167e-01
 2.22219037341864454615514e-02	-6.16932813115672537551681e-02	 2.90133003967147085067069e-01	-9.54737118815666363502714e-01
 4.00625885188977515216635e-01	 3.25346893378076040814761e-01	 1.19982716019863294709680e-01	-8.48087523161542566896287e-01
 6.72694298641086513290688e-02	 2.87266299502829725032171e-01	 2.19474276981625693316857e-01	-9.29937599368420464429619e-01
-3.03336363680041909418605e-01	 2.26290692538557269841704e-01	 2.71635018769854463815960e-01	-8.84869475978062203225250e-01
-4.37633686271849564608516e-01	-1.54677181949619074741165e-01	 1.35445046917132327912725e-01	-8.75332145696622099251272e-01
-2.35771861093591883484777e-01	-3.50707394684155793207481e-01	-8.33370469180785139462486e-02	-9.02480409450138632010407e-01
 2.51334097633745090494273e-01	-5.13705279287217320138836e-01	 2.11838002858981855336395e-01	-7.92504080711128655600817e-01
 3.77114973999692126849226e-01	-4.14373917970371138941310e-02	 1.14654847319379513126414e-01	-9.18107567190490136965764e-01
 1.32746652622657307363241e-01	 1.24091174074787174985701e-01	-8.29990380066910338197061e-02	-9.79842266093979175067830e-01
-1.75231593285431169748634e-01	 4.16841619773880012189693e-01	-8.37006891664231374161620e-03	-8.91889508114804496763384e-01
-4.75590194689575695985440e-01	 1.42381805205468975339400e-01	-7.25274421542990849198773e-02	-8.65032460891565824212535e-01
-4.21319513873963935601807e-01	-1.38177782482310884670795e-01	-3.07266601743712508554296e-01	-8.42011878247658107632390e-01
 7.35043010867591772861118e-02	-4.45608967096066121982290e-01	-2.71471681653156382552083e-01	-8.49901695624694863973048e-01
 4.22466499598400602177861e-01	-3.82477561712837754726024e-01	-1.01211201689520496893593e-01	-8.15468738920039903916859e-01
 1.17896259882820264586201e-01	-2.75251374142044424875309e-01	 2.31035174956682708147238e-02	-9.53836139186331255501727e-01
-6.10851696684647782475963e-02	-1.22501647863166696073023e-01	-3.03884883100455582827237e-01	-9.42823380140949796057726e-01
-1.78321347469062363444436e-01	 8.38886495625030398359812e-03	 1.55017748855779298466917e-02	-9.83814423027514095565493e-01
