-1.33209536318217774963912e-01	 3.75802377208068957847864e-02	-1.09195611362344693895388e-01	 9.84336966503817190066172e-01
-5.50617827812413876409359e-02	 5.33574623055542429650444e-02	 3.97863866696929302513297e-01	 9.14234939646385913469828e-01
 4.55489731340344927712493e-01	 1.37323311281604791556088e-02	 2.73208969163311679584361e-02	 8.89715739052071907799757e-01
 1.63593923281168313055289e-01	 2.75784539257185268290584e-01	-6.39485917391046949226352e-03	 9.47174229985340843107622e-01
-1.08073500614890474769147e-01	 3.33517118715224381020334e-01	 2.04496730852943731093774e-01	 9.13929722166424096663206e-01
-3.57655631880478552808711e-01	 1.25095715225834708261843e-01	 1.40075351314130208679742e-01	 9.14774511543984703010324e-01
-2.48214667436220753904408e-01	-2.30706150230390982791562e-01	 1.31388058133618756961880e-01	 9.31612220451876416049686e-01
 3.90401632261229356024579e-02	-4.65317161445051030721487e-01	 1.74914457794860672690263e-01	 8.66810669854915838428155e-01
 8.99280582322584398635712e-02	-9.23177928755880006228551e-02	 1.23685967718527092817915e-01	 9.83916739795947958846511e-01
 4.15300244942602758690953e-01	 2.77248559265298732956495e-01	-2.50199895068309308143739e-01	 8.29493191921270245359210e-01
-1.91170867451145948257007e-01	 3.70217025120158249595903e-01	-1.52426119317611491466025e-01	 8.96191570981857643651836e-01
-4.30640751617433592546291e-01	 1.16071902528316298064404e-01	-2.96599618376479801096224e-01	 8.44455163326482183272503e-01
-4.00490775119549502480965e-01	-2.30200281966913194997559e-01	-1.86328941344096193910573e-01	 8.67119654283124097204905e-01
-2.41151075919017812698719e-02	-3.26921377324074668990761e-01	-1.69273628080565896603105e-01	 9.29455385411695478303784e-01
 3.08416135115704426183925e-01	-3.52665603351015710664740e-01	-4.61967714927554659598563e-02	 8.82254111986451317051205e-01
 2.31220195134869771491637e-01	-3.87043451704467481033767e-02	-2.24849230744339517729102e-01	 9.45770595049559958944485e-01
 6.47219041051249610596585e-02	 2.32800102806960451662377e-01	-3.76478029104303058005598e-01	 8.94359816217061065479754e-01
-1.20850968186322849096115e-01	-3.48477279784822346897499e-02	 7.00376153064134032710797e-01	 7.02605097876645823262720e-01
 2.74809400815786197824764e-01	 1.39863107653661472573603e-01	 3.16556467868392310549552e-01	 8.97056356641775742843947e-01
 1.80593233554123926143387e-02	 3.16921425296202818877589e-01	 5.98744647569766974548600e-01	 7.35349928969006971790634e-01
-3.19030711338174066682427e-01	 2.31071854060333981006892e-01	 5.12003967810035875984909e-01	 7.63332915857136584669718e-01
-3.68676089271817608583603e-01	-1.20562967494167880277978e-01	 4.15506686732925956118123e-01	 8.22737324635551714457904e-01
-8.32696565785885634003449e-03	-2.85980904696951587773412e-01	 4.68777345556852464980579e-01	 8.35699338329472074526905e-01
 2.26158758568602263894221e-01	-4.76537058586633741064098e-02	 6.05180248919958474473901e-01	 7.61799321710003751739748e-01
 4.24828398887156677421473e-01	 2.33017296048925459661660e-01	 5.37464256287211950002813e-01	 6.90185442076733823846268e-01
 5.61249220483353572497265e-01	 2.84944928878296588337093e-01	 1.87000480284445824707973e-01	 7.54212516726391557497777e-01
 1.99804717850277202551013e-01	 4.65391973264358382866845e-01	 3.32688500248147112081654e-01	 7.95491513310177866813433e-01
-1.57231829356069774394911e-01	 5.55905387094632774669378e-01	 3.86348032642612471132537e-01	 7.19014986011900392171015e-01
-4.98722602609293852449213e-01	 4.21421264188980571052667e-01	 3.00571167080002477067779e-01	 6.95224321536681677535796e-01
-6.35960435188273054407659e-01	 1.00015749702168074697362e-01	 3.22900871574203773839429e-01	 6.93747938247945672429751e-01
-6.23664301330029258174648e-01	-2.78116761202620688120390e-01	 3.77701660794184879144098e-01	 6.25328203280489769433359e-01
-2.94152359492505233173887e-01	-4.75192302601702420972174e-01	 3.37687053874444698120527e-01	 7.57386373391204958949174e-01
 7.25795652093674387161926e-02	-6.10195988589203985874576e-01	 4.33596434355667859072980e-01	 6.59080567410171958009357e-01
 3.31747398417794103764322e-01	-2.42821163259529598787978e-01	 3.12574417528872106064597e-01	 8.56316985597506796779044e-01
 6.04504942797911781759979e-01	-6.58222087777275838282875e-02	 3.14620147691411333745748e-01	 7.28872673126897518969258e-01
 7.97246821277504125191626e-01	 4.13623134275789075542384e-02	 5.88271700405669020761401e-02	 5.99354677178590478092701e-01
 6.85661911350444408519422e-01	 3.33916424037805414926083e-01	-1.23230089954970922772048e-01	 6.34966069968112334365173e-01
 3.75293786094225312321981e-01	 5.16358184805561837293908e-01	 1.66297102036757418752622e-02	 7.69579269368600549228177e-01
 1.92539754995480101584793e-02	 6.19150163817971832536102e-01	 3.81540302922063132018415e-02	 7.84108811992381027344834e-01
-3.27933615113503496019121e-01	 5.89745549311036620920845e-01	 4.73538300372867287935108e-02	 7.36489881754808783931310e-01
-5.54024930903123657977005e-01	 3.00672300006873449707001e-01	-2.50002550395651626513605e-02	 7.75904331212503572956507e-01
-5.94213512458970249952017e-01	-1.03114419661286205176509e-01	 6.17514266867885894263246e-02	 7.95276354087832371142497e-01
-5.47548855235138631769587e-01	-4.39315084456326887529798e-01	 7.20673170501326398884601e-02	 7.08518743233385039914651e-01
-2.43016215291367659867561e-01	-5.53236235158184985749585e-01	-4.84747915283292446497754e-02	 7.95313134431804846791181e-01
 1.09664125486452851410135e-01	-6.91606300002949536676056e-01	-3.56886899153484454805252e-02	 7.13008290828127555549543e-01
 4.53403387653991074568438e-01	-6.10259377908745515028954e-01	-1.44883804950502764752329e-01	 6.33259459306673377909647e-01
 6.16787544168189594273599e-01	-2.93058830306666684428762e-01	 2.03031612360225835467453e-02	 7.30258467244362718950867e-01
 6.37228868567378259335499e-01	 2.06978617755700826721932e-03	-2.31382338507893747792110e-01	 7.35117200503522805199452e-01
 6.23483944950850355048999e-01	 2.89510277052035303047006e-01	-4.80239624959260424930108e-01	 5.44813245515165078813880e-01
 1.46667155243843549961014e-01	 5.40600562515391347417903e-01	-2.91068478565573884875306e-01	 7.75576506971583534699732e-01
-1.82546635938131973642129e-01	 6.11218219328841017023990e-01	-3.28189876619314480077350e-01	 6.96692485213347922901050e-01
-4.87864099677712936831142e-01	 4.57239620982794303660768e-01	-3.10718750250402464541111e-01	 6.75554888585667256961642e-01
-7.08560512684802801253170e-01	 3.58702082122916710016369e-02	-2.17321013984799166207651e-01	 6.70393097299841977942947e-01
-5.21521428195264147298360e-01	-1.94454895053401244364721e-01	-4.67542648810578553852935e-01	 6.86736168601982610582013e-01
-1.94893525651399251996665e-01	-4.15091450636218495251484e-01	-4.31668388600932928511611e-01	 7.76774100720770355188449e-01
-1.20252943444679641360473e-01	-7.11521125414078525750483e-01	-2.89280512436173142809537e-01	 6.28962401743569321510563e-01
 1.47617505292478606859774e-01	-2.21314184246430956104490e-01	-4.82335876642583982754076e-01	 8.34614405630523359391759e-01
 4.82268377694909544661783e-01	-3.02731030005602419485911e-01	-3.24725036573599079581243e-01	 7.55198507658444651013951e-01
 2.89793957327319273709065e-01	 3.58810248747932714064035e-01	-5.71759931504417395764506e-01	 6.78502209588209503898781e-01
-2.23006283977782743255247e-01	 2.95675833207760863086122e-01	-5.23431481985389801536712e-01	 7.67374408375660954639841e-01
-5.79206941259011509615107e-01	 1.92114884553058667959746e-01	-5.47100073698001398980750e-01	 5.72968323461416684239111e-01
-6.94111063806994998959254e-02	-2.36607384939494153064388e-01	-7.14015232066056992898950e-01	 6.55271922243549354014647e-01
-1.61736571359666597702542e-01	-6.22482143357566755637045e-02	-4.39696233999429364480704e-01	 8.81268212920191751358345e-01
 4.09955571859704992476736e-01	 1.68669921519589392777672e-02	-5.09515829216995119743672e-01	 7.56336931171714077493107e-01
 9.14771391136515732434020e-02	 9.03242910455282488335627e-02	-6.66048833955197649991931e-01	 7.34746491147542757360611e-01
-2.82920583928594621125896e-02	-1.25189268230448680352396e-01	 9.02035306718182550156371e-01	 4.12140160607594729924585e-01
 1.45702129363620092039611e-01	 1.53072962638130805057557e-01	 8.10911127247409657670119e-01	 5.45676370493012763418506e-01
 2.88610244280861245880221e-03	 4.20256969572516236866022e-01	 8.15132588679510439177989e-01	 3.98666041707911977809431e-01
-2.66858780367166925628908e-01	 2.07235783593589073525720e-01	 7.86904474075714621683630e-01	 5.16353628842600609338831e-01
-3.01610542764475075827590e-01	-3.25237989938858274019395e-01	 6.47365829324920594167736e-01	 6.19813531165872233508196e-01
 2.73539059351149693721794e-02	-3.80533901832711463075753e-01	 7.22271566999390546293114e-01	 5.76861765841965135059866e-01
 2.94498762396445623590324e-01	-1.84737725935015667522165e-01	 8.19324791432764598653193e-01	 4.55904965652906446482717e-01
 4.53274495449342784691993e-01	 1.87613020166780469777379e-01	 7.70198541279632720168991e-01	 4.07600041032589677225673e-01
 2.77234685384612766778645e-01	 4.98087078577751418695385e-01	 6.14852868589008560995524e-01	 5.44982698222102546203871e-01
 3.46848219633230425706927e-01	 7.41322834004684794173556e-01	 4.97502227067856184206107e-01	 2.87451391339551776127337e-01
-4.91288482758556622337354e-03	 6.75290577283262916097328e-01	 5.62197670897717105553681e-01	 4.77380643336416166100378e-01
-3.14548640655592182113764e-01	 5.16955307177182965538975e-01	 6.20648307768478346702068e-01	 4.98610109311060700765239e-01
-5.88038407834291732001475e-01	 2.97028339939883034848123e-01	 5.82841748201986198374414e-01	 4.75689491934729813404914e-01
-5.18616510897442317684636e-01	-3.05642589965838054610892e-02	 6.35972430454662118748388e-01	 5.70650338121465594554138e-01
-5.32557620379861984538650e-01	-4.02900946392829695241744e-01	 6.37464719613525354624528e-01	 3.84307090253550587277687e-01
-2.28853092948379382987056e-01	-6.31210064506069312706416e-01	 5.56307619795716634669702e-01	 4.89614081161304892653163e-01
 1.53195356834431584136524e-01	-6.39153133284643848455175e-01	 6.59668859503315552217373e-01	 3.64487929372686758622280e-01
 3.33405115812580588041669e-01	-3.91200840602402066803478e-01	 5.62806793647298353455710e-01	 6.47341829396510637373297e-01
 5.39072113604381786267083e-01	-9.93274940810124629120281e-02	 6.17136056049014225521887e-01	 5.64516070256603996746492e-01
 7.19062088487464334818355e-01	 1.74159390725625917717423e-01	 4.27739148022847459618134e-01	 5.19285509879500950525255e-01
 6.10942004189166887329066e-01	 4.29878453596123755175995e-01	 5.68414808955339467821943e-01	 3.44759318382251045420617e-01
 4.96364754476693148532718e-01	 5.56918165577559798329332e-01	 3.37889032838227187927060e-01	 5.73842477384399751727528e-01
 1.90398951245767056317248e-01	 7.47469189062900607467554e-01	 2.79780844603188583175069e-01	 5.71629888791067686248937e-01
-1.58183860548446353355700e-01	 8.05071150235503019132466e-01	 2.37241471408887821814560e-01	 5.20148818670406853925670e-01
-4.82979055487403496904619e-01	 6.68046782940249106452768e-01	 3.30290667796183046167613e-01	 4.59731228578645623183974e-01
-7.66487452494129195557093e-01	 3.96862194206307861144012e-01	 3.16798797710192370225002e-01	 3.93237721675059381798434e-01
-8.04815531931539762666716e-01	 1.42131338952121346469459e-02	 4.25515696234030516009739e-01	 4.13529126719143658164057e-01
-7.88212190057829720224447e-01	-3.38315088044764067376491e-01	 4.06096927285183928457712e-01	 3.15197922415480447089209e-01
-5.17213139857349513128781e-01	-6.05655654153401723505112e-01	 3.34150897120371437321040e-01	 5.03998982642393733577535e-01
-1.70105035130500625850658e-01	-7.46021547913498284110290e-01	 1.94948628868297418881284e-01	 6.13605051457670191972227e-01
 1.57147494463466957936859e-01	-8.26128845974343661850980e-01	 2.27424899276568781569807e-01	 4.91012942825335418906008e-01
 4.20295473946475317550409e-01	-6.56989292803025315414800e-01	 4.57260462762045016837931e-01	 4.27351907585456713967176e-01
 6.14697977375964543789166e-01	-3.95333985747676475153156e-01	 3.46128464629076704195398e-01	 5.88262290391176057013922e-01
 7.67675840289089639334463e-01	-1.85733923192193839390995e-01	 4.92483483987757264532803e-01	 3.65563581352624455966804e-01
 9.31128216609330983111192e-01	 1.82446653453073287520780e-01	-6.32849153188624058419265e-02	 3.09367875466709407739074e-01
 7.87867566896051196856376e-01	 3.88632182897968914137010e-01	 1.77972776638424839967811e-01	 4.43345705093514397265864e-01
 5.81483835972621321275255e-01	 6.50523501152036498496045e-01	 1.82753207506262706216749e-02	 4.88223038787523877513053e-01
 2.54259318363657560446711e-01	 7.83299225901368800784041e-01	-7.08962485176076739890050e-02	 5.62821680173831162541376e-01
-7.90770281307378586355128e-02	 8.33464875125595527904920e-01	-1.15933616634500358255622e-01	 5.34455350883430546637953e-01
-4.08535998984182857629577e-01	 7.64924475040433704542409e-01	-9.71239744767666002278617e-02	 4.88421763028583033605656e-01
-6.54036064712697040590683e-01	 5.53363552914593048726033e-01	 1.77558401268061646915974e-02	 5.15470983181651742910390e-01
-8.07650230539358582326770e-01	 2.05540575798182745259624e-01	 6.97481968764733645249621e-02	 5.48260308469209811654821e-01
-8.33932225419219741446852e-01	-1.65618991437061574556466e-01	 1.12798302891208221399033e-01	 5.14202232538503722913958e-01
-7.55229615426739164796288e-01	-5.10013034690252164971014e-01	 9.11166758106920077198154e-02	 4.01512993335992274257507e-01
-4.54754592047343086935740e-01	-7.23176767366305539574967e-01	-3.69418928440128011003729e-02	 5.18506432656892446431129e-01
-1.69897038282903339867502e-01	-8.87021267962108228566365e-01	-7.68735536162219457168021e-02	 4.22396405429787513696738e-01
 2.08418421973921769163596e-01	-8.66462916928647630676608e-01	-1.18955207220596631545462e-01	 4.37782404448265660690254e-01
 3.70413509670399432316401e-01	-5.69045557604607732393731e-01	 2.00627473040021236938557e-01	 7.06207903018433724717795e-01
 7.13423533129948439501788e-01	-5.22497744631122085223751e-01	-3.24734805409115706228973e-03	 4.66918005609537223321581e-01
 8.54197238243416312464262e-01	-2.35642360232508535355933e-01	 1.45858950270119441805505e-01	 4.39937407897386612010138e-01
 8.27496386975185904688601e-01	 7.87296867746612866190148e-02	-3.37029463711581656060190e-01	 4.42111418709877967980759e-01
 7.73902631603556434569668e-01	 4.87553073675748849247213e-01	-2.06580601487567544483070e-01	 3.47406350309626743566582e-01
 4.72179366540698974841206e-01	 5.70785942551718328275001e-01	-3.23980715581780653877786e-01	 5.88461170791827470338831e-01
 1.29839352807977426174091e-01	 7.44632914113368404862570e-01	-4.25725774260918621294536e-01	 4.97414445720447406795728e-01
-2.27990456299449362198573e-01	 7.63455123707178495706671e-01	-4.48098790543852931733682e-01	 4.05418425623159828230513e-01
-5.67580367865902601920425e-01	 6.28648168045685351579266e-01	-3.68726812872565867795771e-01	 3.83007237914442633108791e-01
-7.59743846120878418837208e-01	 3.35372251822253109043714e-01	-2.90015259564142646731000e-01	 4.75611070318037454374149e-01
-9.25440153615643135154301e-01	 2.26986516844067641451854e-02	-1.45902692434028591339512e-01	 3.48937956703001761482597e-01
-7.23488231019036920343979e-01	-3.12278372052278263559799e-01	-1.91947917937002499044752e-01	 5.84981191770276964803088e-01
-4.80483237341484348270626e-01	-5.24698167340769239253007e-01	-3.05717998292055814779644e-01	 6.32743389806154743482125e-01
-3.47240239040851772500673e-01	-7.10489394956801079139552e-01	-4.54615232263994251127315e-01	 4.09821945042387336677336e-01
 1.14337747958778734348739e-03	-8.35217857923541640019494e-01	-4.27511681870056448051542e-01	 3.45895337288876669745719e-01
 1.79369665623120982944627e-01	-5.32701794239863302138360e-01	-3.44906977690405791570072e-01	 7.51727675563664377023088e-01
 7.84939572717212596941749e-01	-4.75924259892559320395122e-01	-2.99380144724440577785884e-01	 2.60264279095331285684978e-01
 7.95080617393877808751768e-01	-2.48406553608440550107161e-01	-2.29077663121835167769902e-01	 5.03651089771069759848388e-01
 5.63864272243212005797375e-01	 3.39021211251561704891344e-01	-6.98893643166988876025414e-01	 2.80480616709837593525378e-01
 3.44610968667578121404915e-01	 5.76437934246887162537121e-01	-6.18773906723331990065162e-01	 4.07530907531588604264527e-01
-1.29166296163734251739585e-02	 5.02184647081780677346785e-01	-6.31428170615827233369544e-01	 5.90713302937601603126438e-01
-3.56480986168575153527627e-01	 4.71978397702714325134821e-01	-6.31944058520774731846359e-01	 5.00803759473259613166363e-01
-6.43494000653332620665026e-01	 4.03579058568473980628255e-01	-5.91776975336621879897336e-01	 2.69887802743274007877261e-01
-7.79892578757110266352015e-01	-5.96803675589142532120768e-02	-4.51059015756775372185672e-01	 4.29827388182915437475629e-01
-6.59654195318196800990052e-01	-4.13449300043652712144393e-01	-5.11239710582710338293566e-01	 3.64074136977378171042830e-01
-3.41750018227628293843168e-01	-4.27772230662419650215611e-01	-6.47483882438321778352019e-01	 5.30077792119337032339388e-01
 1.60616179312021642444641e-02	-5.65809528118518700878781e-01	-6.05754749943133385947647e-01	 5.59162574964619296657986e-01
 2.80287139404615581739222e-01	-5.42683262241626107602599e-01	-7.23246079236987027272221e-01	 3.22256272608447469352200e-01
 5.59689224135508145430151e-01	-4.75789192315534459343240e-01	-4.57348825202611997120528e-01	 5.01203221206842686186178e-01
 6.43298776027187879655855e-01	-1.34777404324048083461562e-01	-5.46014692133555135100664e-01	 5.19489838225824396289454e-01
 1.89264351585245016451609e-01	 3.39170315226588747758996e-01	-8.35870586388263836497003e-01	 3.87895430881898040098577e-01
-1.08688571883039902798984e-01	 2.01107397805510568211673e-01	-8.14648935040615085334537e-01	 5.33000676854273214289037e-01
-3.29137648938712112922644e-01	-7.28385629572957798982813e-05	-6.70761448501328461091475e-01	 6.64640866897334703367051e-01
-2.40470277177036395599430e-01	-1.26419491863975358425520e-01	-8.83750547404393183015259e-01	 3.81021164548230040214349e-01
 3.10136898536394312042574e-01	-3.25627392534605930585201e-01	-6.53051767341536137934099e-01	 6.09348253931556116391732e-01
 4.28495863896639961332369e-01	 9.68081295833948529683255e-02	-7.41629062090688684349971e-01	 5.06957409387142177159546e-01
 1.59304800727277262595294e-01	-7.52638778023803911576550e-02	-8.59176252861067024646502e-01	 4.80388900457750622763342e-01
-6.02759259512965425709119e-02	-2.19811706547397039956948e-01	 9.69462674859939643745577e-01	 9.05082784547686924891963e-02
 2.20680747939626525910839e-01	 8.38416803067236898749925e-02	 9.50081637761282182808031e-01	 2.03998680684439631649596e-01
 8.48948003763997371962091e-02	 3.74958897613997865772006e-01	 9.22230548192473742474817e-01	 4.11036975192764844622140e-02
-1.44501833122744394177772e-01	 1.59084031935747355346322e-01	 9.50244529970238005489591e-01	 2.25492404015909669867668e-01
-3.55233132684921903976516e-01	-1.32598850021576980529048e-01	 8.51147582939888125430627e-01	 3.63007931692130580980660e-01
-4.05494878864287755515505e-01	-3.47006340815625757834084e-01	 8.41825365971235139994633e-01	 8.05639860979001365404173e-02
-1.50982755839883964199544e-01	-4.81517970646653581390240e-01	 8.16420085062514067075767e-01	 2.80718535351408227107584e-01
 2.92792916240190159715695e-01	-1.80754692944869621573645e-01	 9.38556791755971175916784e-01	-2.66682925345738258693373e-02
 5.33709773403846621242508e-01	-1.21987331227201858951936e-01	 8.11528074300194468548852e-01	 2.04193911309562464717615e-01
 5.04224487196061610383424e-01	 2.55576408511118846611510e-01	 8.23128198012768041991194e-01	 5.38361919221628237863797e-02
 3.19754679387730944561952e-01	 4.92090186441558552488118e-01	 7.77044163834695766901461e-01	 2.27610546477970604462016e-01
 4.50471478854415491310803e-02	 6.90401074760823574294477e-01	 7.08467623371484500616191e-01	 1.39250626823894052552788e-01
-2.65859690155007710732349e-01	 5.08688760110522331103766e-01	 7.98960922454782340729196e-01	 1.79487645474852769433838e-01
-4.95598550192910880518582e-01	 2.33120609150747198912157e-01	 8.06838081085431424455123e-01	 2.21470471048057532259534e-01
-6.63092972052180873454574e-01	-7.77945967790892173310269e-02	 7.01980670331662004457485e-01	 2.47949288379085613920338e-01
-6.79144973776548144250853e-01	-3.73516018006452066302359e-01	 6.30651684688750879814734e-01	 3.90684205707885548464198e-02
-3.96637830060154128464234e-01	-6.53060761468250872141539e-01	 6.21808334821150610061125e-01	 1.71885043975991330666986e-01
-6.05419053076748023278775e-02	-7.25886397490094981144182e-01	 6.83935164074874202277954e-01	 4.06977515649637813788253e-02
 2.16868925021380276607630e-01	-4.16816689466242007444663e-01	 8.57275724709176123461418e-01	 2.10499521535870454114203e-01
 5.19498457250388012695907e-01	-4.31867643171112092215225e-01	 6.64792963503502365441022e-01	 3.18844801388586285284532e-01
 7.40104450758957477241040e-01	 1.07816846173681299414504e-01	 6.28721727634189431199729e-01	 2.12908240443208107706141e-01
 8.40207351103438693229464e-01	 3.51584590509804839619790e-01	 3.96733650245035818215911e-01	 1.14202861746303882539699e-01
 5.55684657883730781513520e-01	 5.93252622839814613975307e-01	 5.81730942955474450428710e-01	 2.92403230908344982652558e-02
 4.92492282327497588045873e-01	 8.26943782283245165665164e-01	 2.71252532708600835320567e-01	-6.11525061651303162429949e-03
 3.90021477018033455030910e-02	 8.87381993738884156108782e-01	 4.00762127521548827679965e-01	 2.24547871971772700083747e-01
-2.74826058876309176071118e-01	 7.72026050755961756877355e-01	 5.23154563986510279249842e-01	 2.33999394223046802698818e-01
-5.72737903312016016776909e-01	 5.44629928294124487919703e-01	 5.78358175202867585973365e-01	 2.02117185048926645274392e-01
-7.81076722181275329148775e-01	 2.38688971275368866375999e-01	 5.58654231044784288506833e-01	 1.44402836515845151010851e-01
-8.91749359142909536757315e-01	-8.73257507557479717430482e-02	 4.40370791966617380897020e-01	 5.68406483588045213783957e-02
-6.43143414315081374255101e-01	-6.45725155748921975096266e-01	 3.71793841984171369308143e-01	 1.76564183567390120543905e-01
-3.31083369720884534981309e-01	-8.47423722379439303686866e-01	 4.14883783963125252203241e-01	-1.13262018028042477091333e-02
-5.49938067730738611160746e-02	-8.31055553048769546364838e-01	 4.66842654748004515230519e-01	 2.97288218184383334907750e-01
 2.87858593431493892111916e-01	-6.86841671127011332842471e-01	 6.66991868713690982950482e-01	 2.25343307181450104581533e-02
 5.77919228044533217492074e-01	-6.54410543522166210372859e-01	 4.83579447919674665357093e-01	 6.25069910740923828651461e-02
 7.52967993447620664859699e-01	-3.15404820869801982841096e-01	 5.75004841216878781473554e-01	 5.41149923099365562362273e-02
 9.16077215444600523319707e-01	 6.20669201253603725065844e-02	 2.74194410822132084160074e-01	 2.85950446482118925128901e-01
 8.84522914126130932466197e-01	 4.51362172013872964271286e-01	 5.99386805839880049129320e-02	 1.01482799678501323104030e-01
 6.60915841838348172565532e-01	 6.43873226992864422513208e-01	 2.92265016835588697929893e-01	 2.51393471480458430278304e-01
 6.69584700934687138129675e-01	 7.31550270444570771566362e-01	-3.35975727365788318090623e-02	 1.23942459201401719570690e-01
 3.65263613278160370612113e-01	 8.62786816546107671044297e-01	 1.60147780847738063769725e-01	 3.10699356772363932677194e-01
 3.09421774418379216808894e-02	 9.56491238960963885418209e-01	 7.50414973013096009424316e-02	 2.80242511280597184075702e-01
-3.64842611748484646483348e-01	 8.77908942762039679053032e-01	 1.71335275215320603781066e-01	 2.58476266488574746293949e-01
-6.90042565342993907684388e-01	 6.60306396946152118765383e-01	 2.39907930387662254867465e-01	 1.74014094555467652147840e-01
-8.91900933121798078495601e-01	 3.72857966415632735568408e-01	 2.51166525629129777641424e-01	 4.90411947270496806350337e-02
-9.51932450206518510071874e-01	 1.01125483328210419298188e-01	 1.72109785515892232954371e-01	 2.32328363733582732297833e-01
-9.40498405358982325630279e-01	-2.63588558409647344404902e-01	 1.43966445376260576693994e-01	 1.58926033104899694370360e-01
-5.98373415435205835422039e-01	-7.75203339680989644833176e-01	 4.46529710847375568838480e-02	 1.97522530414007246868380e-01
-3.42656840675132356999200e-01	-8.43081115187124918719519e-01	 2.64277379986716687287895e-01	 3.19308611191003288709567e-01
-6.09215055540213070578437e-03	-9.64692944860590206879181e-01	 1.53011970589740725623429e-01	 2.14284261424065147760842e-01
 2.96384810054369618459447e-01	-8.55768958950334446278418e-01	 3.88826637288802290370882e-01	 1.69202184976372516089782e-01
 4.91597539020585672098207e-01	-7.55652299519743664291127e-01	 1.40184607487622625576762e-01	 4.09474953669902719255447e-01
 8.54144151164004883369785e-01	-5.06614518230980803714658e-01	 1.56952004047419997612156e-02	 1.16332109213957618498725e-01
 7.38076272946660560947407e-01	-5.21885521399277907406145e-01	 3.22930359080440709806936e-01	 2.80347821555916754121540e-01
 8.93355733780830774115600e-01	-9.37617582561901391491332e-02	-4.14679163089071989301004e-01	 1.45483529340500628013189e-01
 9.63630946006247657287247e-01	 1.74115801674642994845144e-01	-2.02315739515494891209713e-01	-1.29394378007409646680337e-02
 6.58104168127713995417594e-01	 4.93820687986396611446338e-01	-5.62076977422440893228384e-01	-8.43178715411178753003085e-02
 8.05424422827557440207613e-01	 5.34029291475830669710945e-01	-2.54239365434475395044700e-01	-3.82956919534494649726142e-02
 4.45635904000130755875375e-01	 8.01250336148076613973501e-01	-2.44372651166506638098497e-01	 3.15734931945189478685876e-01
 1.10025846921971426350950e-01	 9.24398774578561455150805e-01	-2.70946284555238836588842e-01	 2.44886360282618564809809e-01
-2.60120999459758805993914e-01	 9.30891132327786308131579e-01	-1.62795891414664606333673e-01	 1.98182398643403728799584e-01
-6.28487638656417768601159e-01	 7.46605190081683023350934e-01	-8.63615706616868844536228e-02	 2.00313896951810566093855e-01
-8.59027910736548494519127e-01	 4.35346879846403134184385e-01	-5.52000786296024323340781e-02	 2.63623015123656601055302e-01
-9.60707574162043997922922e-01	 2.52412718903235910872240e-01	-1.14865152859359567760755e-01	-1.16091749126612606840547e-02
-9.86115586928335008387592e-01	-1.05151341987836086100394e-01	-1.27618073697951806000361e-01	 1.52601363285800248337232e-02
-8.77970907286702573202319e-01	-3.34759161863227405753207e-01	-1.98128674080353450737135e-01	 2.79013293615116397816678e-01
-6.59705732579914050361936e-01	-6.33010738760878322040071e-01	-2.50233016429823484916284e-01	 3.18542286836516697068333e-01
-3.86286637325750414895253e-01	-8.71758792175719610106910e-01	-2.42551399177990345545908e-01	 1.78852064133165622461519e-01
-1.63470525582447429036037e-02	-9.73057851355894176670347e-01	-1.93747963101569886656961e-01	 1.23906894809373793742147e-01
 3.44387084516731056815786e-01	-9.29007010268828592458590e-01	 4.02634058208074865903292e-02	 1.29314999289129317627811e-01
 5.64874965608411105932873e-01	-7.45636342731341383860411e-01	-1.87122221557939560909745e-01	 2.99879962362188390301299e-01
 8.84339374614770523663765e-01	-3.61836011224805909058944e-01	-2.90812070812688727716733e-01	-4.94662607897018921643273e-02
 9.61254366589670783405097e-01	-1.53419845962928902416422e-01	-8.64716768492523046862885e-02	 2.12073201229860203165245e-01
 6.95380906111946250902633e-01	 2.76047208529695345391453e-02	-6.80023708120057412962467e-01	 2.30762066198509419034934e-01
 8.25755847054883918012536e-01	 2.92435017491917192966611e-01	-4.47957786883771358343864e-01	 1.78725663432444004108390e-01
 6.08100099180109765484303e-01	 6.07963118782855471700088e-01	-4.57438798403995372510167e-01	 2.26594045137274435752772e-01
 2.95031542824176595818386e-01	 7.87117153169193284334426e-01	-5.28540984580859851682533e-01	 1.18521742916251532351524e-01
-9.80868725634522486966915e-02	 8.57989017904770556732785e-01	-4.95362399521255769574424e-01	 9.40739269195915300825206e-02
-4.70716664150195140958743e-01	 7.90025250612388152404719e-01	-3.85981791004781249476707e-01	 7.28284456712317562754322e-02
-7.62796909311816540011364e-01	 5.40440556565916718767539e-01	-3.49447383650102583185770e-01	 6.28602101743258728783204e-02
-8.77548289645511458978433e-01	 2.10365960004284757722814e-01	-3.92523658420632914900494e-01	 1.77708581086552019900893e-01
-8.59810608883889382347832e-01	-1.83372991765796883312234e-01	-4.66562015010791919511490e-01	 9.70564211716366948001777e-02
-7.80159895544900838793012e-01	-5.03015666103614478288364e-01	-3.71916599521923629811937e-01	-1.95449168726949742969090e-03
-5.13528402814072859605687e-01	-6.59405794787015220315141e-01	-5.37758692990302322733953e-01	 1.10851997807410534990780e-01
-1.88526893734258405022075e-01	-8.45717014457740279276265e-01	-4.98294867946883213161158e-01	 3.03737777267929914826183e-02
 3.20248010696769058736066e-01	-8.88137153379395027918974e-01	-3.05850029902342501753054e-01	 1.22920167753885214989573e-01
 2.95856006789087910835434e-01	-7.09347624656375463914060e-01	-4.29700974487832787485075e-01	 4.73974939385385818368945e-01
 6.97786125081119257274054e-01	-3.32542639108778625978147e-01	-6.01674026297973063570623e-01	 2.01241851753632711163888e-01
 3.37457844897779801751625e-01	 1.07452622284608764746672e-01	-9.17735065405161254403765e-01	 1.79829048284451509243098e-01
 3.58327868789912962199651e-01	 5.18837593675533281789569e-01	-7.73592584441220476598744e-01	 6.29539763240937605415226e-02
 2.05765676997764143663083e-02	 6.54455941951902264719365e-01	-7.09302840001748147180649e-01	 2.61062264739658156376123e-01
-3.57197471113094300321222e-01	 6.33160071175267513687857e-01	-6.63727890545914189779353e-01	 1.76021527692528295672147e-01
-5.05189413663086117622925e-01	 3.32565084837478708301717e-01	-7.96043305667091471988783e-01	 2.23422508355210457098305e-02
-7.15189803898204412568873e-01	 6.74922907356350215701823e-02	-6.76542365234260700823654e-01	 1.61983836028588651378968e-01
-5.57663252729432623588934e-01	-1.42641743518624769526681e-01	-7.13482251682382440094443e-01	 3.99509832288810484701713e-01
-3.95319925948265982196261e-01	-4.29081738231878173639444e-01	-7.82295077274903105646331e-01	 2.18232513928655585955241e-01
-1.34000342839738245670489e-01	-6.52125745260844658091060e-01	-7.03184798476151118329369e-01	 2.49613821089448628676166e-01
 1.69551403235750769438184e-01	-7.66727797214174056072977e-01	-6.13787625420479709958954e-01	 8.15202890118615908221500e-02
 4.42568088333399833889104e-01	-4.73679299643073759007450e-01	-7.61334067845848783129270e-01	-1.14823959111164924234982e-02
 4.50770983275559811165323e-01	-2.42051253055844350914327e-01	-7.91533700248181704139938e-01	 3.34202203616765669558220e-01
 1.01053357936823531848525e-01	 3.59004867022751306127049e-01	-9.27566200601889767618502e-01	 2.29056282307170851197942e-02
-1.65865595848156965885778e-01	 4.12356196542937536442253e-01	-8.58559071021637754128619e-01	 2.55592043798395673892543e-01
-4.28189630127609466292427e-01	 1.87647048349168343861493e-01	-8.12725816351146046478959e-01	 3.47734055469678060568128e-01
-4.41244555052370146519536e-01	-7.39164571449596463637022e-02	-8.91628033420002963360673e-01	 6.95632806827820998618606e-02
-1.76840373380525439639399e-01	-2.85889582477823089856628e-01	-9.41417549454576896295066e-01	 2.69745537911481453319240e-02
-5.21003098117164657743228e-03	-3.80170098508843479212516e-01	-8.56921826034086731027628e-01	 3.48035250863124312470376e-01
 2.04515280518215963878603e-01	-2.29497049484104070904422e-01	-9.43622570827311046848251e-01	 1.22804919029746037462125e-01
-2.41028377368224071275460e-02	 6.36305411668148107606768e-02	-9.73025200765683551118457e-01	 2.20436308530950059170195e-01
-3.61365078751851726002187e-02	 5.90343149408332351635309e-02	 9.90352801746568922602876e-01	-1.20043452677662865202279e-01
 3.01323747526165142129884e-01	 1.27728503327286024848775e-01	 9.27092603385676339300403e-01	-1.82725842075302846723162e-01
 7.19065311442802918007189e-02	 3.57884353627412665765917e-01	 8.63543465846582147804611e-01	-3.47909360036718295905445e-01
-2.63325150114627093422826e-01	 3.14468007029668428220504e-01	 9.05508517058736472904457e-01	-1.08738509305514791103420e-01
-3.95666500119752684305752e-01	-1.29894601294231141347391e-02	 9.18241865575703197777102e-01	 1.05437617852516089811399e-02
-2.24037206225046692242842e-01	-2.56063270355537664357826e-01	 9.10082956362547323969636e-01	-2.36617717722297504767681e-01
 4.77479965677976639359947e-02	-4.90941964209152481579679e-01	 8.63922005788854474594984e-01	-1.01660634052632717350129e-01
 1.06332157072823563215280e-01	-2.04153588819774550744413e-01	 9.14056878391037663789120e-01	-3.33938329052354709869377e-01
 4.56684493477817865514368e-01	-1.63200982957070084289342e-01	 7.94056346720478423151235e-01	-3.66441306093735097437758e-01
 5.06777860316831918474634e-01	 2.37221679535768753543934e-01	 7.42886530104177489342021e-01	-3.67452960854444343752334e-01
 3.29909959346659176215866e-01	 5.05275135714745360360212e-01	 7.81214996725735910665378e-01	-1.59873652748474898155351e-01
-5.68253861732677875706621e-02	 6.07400366574797456742374e-01	 7.72119075641413243893396e-01	-1.77954497559658059158139e-01
-3.77088371869940042202529e-01	 6.34705961061493795227761e-01	 6.66396691322500012155672e-01	-1.04250432075401716636165e-01
-5.79032045266939188188360e-01	 3.38474822482115633714983e-01	 7.33626860609357667186714e-01	-1.09308345940023546316588e-01
-6.82615484651509119018442e-01	-7.47922919654518333909543e-03	 7.24330218582268647864453e-01	-9.65706771912352851527928e-02
-5.34260594098979968435970e-01	-3.12124822520640277101478e-01	 7.35063661494273712371239e-01	-2.77173458884676759961252e-01
-2.95820920885056626303822e-01	-5.66865740149382069112960e-01	 7.52205751659918764318036e-01	-1.59184555096740509849695e-01
-6.26193076557907124524149e-02	-5.22925919713616460526850e-01	 7.26717732133320026832735e-01	-4.41031339706581593240742e-01
 3.00109365205931566400466e-01	-4.89329472575883273055553e-01	 7.48834808480888458603886e-01	-3.31266457389956914258988e-01
 4.92460838576008141931339e-01	-4.15400476615247815637133e-01	 7.62955946521116312730726e-01	-5.31318187615229045595022e-02
 6.38801899314030752208282e-01	-3.51989854778680111291322e-02	 7.60181896979105653500142e-01	-1.13210637129928778921162e-01
 7.16892346014861736591683e-01	 3.18422410589859372631594e-01	 6.04982069903774788421913e-01	-1.36635382512711567315478e-01
 5.36046510173095680507060e-01	 5.57430088891259112315879e-01	 5.37354104593521286759028e-01	-3.36417004930522400840687e-01
 2.66049507467422119422196e-01	 7.83443352288742178579639e-01	 5.55896445804976879756509e-01	-8.00831747142607963674266e-02
-1.09030396715492222670107e-01	 8.44369042318249496403837e-01	 5.12997676619798226305136e-01	-1.09483682571027557406396e-01
-4.79157949332075006054765e-01	 7.90914903200161001350921e-01	 3.79793057901928188258012e-01	-2.48698342829854722457750e-02
-7.19004330925667844987004e-01	 5.15833778561006206508921e-01	 4.49790505279748398237416e-01	-1.20982587035474181691441e-01
-8.37684323966152888374381e-01	 1.87236566673488258327751e-01	 4.65459657196241105570067e-01	-2.15811837035069564727507e-01
-7.98020158560565739946924e-01	-2.08071584392620717585132e-01	 5.04205578872359061470831e-01	-2.56216269064443558090005e-01
-5.61442654398408458327197e-01	-6.14432497284272183257769e-01	 5.20699071642655164637858e-01	-1.90071904534992702773266e-01
-1.92629516771756298387785e-01	-7.64399047662383757106852e-01	 5.30912182506996677133770e-01	-3.10998745442450874598705e-01
 2.31909218224613140890700e-02	-9.16832722171551317558169e-01	 3.93570928766599270609561e-01	-6.31020184330429584340649e-02
 1.65140526226455558456152e-01	-7.49388895442395286394799e-01	 5.70417930640884640602906e-01	-2.92862210584853344119693e-01
 5.25301844869549228178585e-01	-6.33112786014355277686150e-01	 4.98678002615864979230054e-01	-2.73031905953939446618506e-01
 7.01874562443110305842708e-01	-3.14356372944217365983377e-01	 5.67157427196168129057696e-01	-2.94761975432503986471744e-01
 8.76495647319082138437807e-01	-6.11193480658742734762390e-04	 4.77440200273522907803425e-01	-6.16916674763360109445820e-02
 8.52115279706880834886817e-01	 2.69768614786267624250371e-01	 3.30587311840280062558151e-01	-3.03045332939777145586646e-01
 7.41700633194732450448328e-01	 5.90242342409777576150987e-01	 2.92247916683390229763972e-01	-1.26827848437833540229391e-01
 4.24567689275195836451360e-01	 7.88574803118806011426045e-01	 2.90027756644612721981247e-01	-3.37306918822236567745421e-01
 1.68407868647863973032841e-01	 9.54514806257628856123176e-01	 2.39816276734675842829958e-01	-5.50311532276305317989973e-02
-1.87764788099722579328699e-01	 9.63236576668824007185776e-01	 1.90431947105535348541139e-01	-2.55999070073655229928811e-02
-4.88466485876129341558993e-01	 8.68508651449185431481226e-01	 2.30370708214889911846779e-02	-8.10093075004876816969102e-02
-8.01750272988032142151837e-01	 5.92497235318311110674472e-01	-1.37830202003177120645416e-02	-7.71592784954052562929050e-02
-8.77753458627707594530420e-01	 3.51756109643916903273464e-01	 1.14830506017309180721853e-01	-3.04352526000825018837048e-01
-9.72079760072963816597280e-01	 5.19146557077623527209909e-02	 1.77140341235523024465692e-01	-1.44869279304469134039834e-01
-8.14347598023141494572030e-01	-4.76481209906944591647715e-01	 3.24809912170231251948849e-01	-6.55909075674429298263846e-02
-5.85346367482038165697134e-01	-7.78256799785855601925277e-01	 1.91695641351093876147971e-01	-1.22224239615774499245759e-01
-3.10599298488216213343094e-01	-9.47771768990916974040317e-01	 6.44823683792851154450432e-02	 3.31477578525884303273230e-02
 9.44615724977319465294201e-02	-9.86188158629880851080429e-01	 4.75025769228770919361260e-02	-1.27488949658967676281662e-01
 3.79014305062567002924112e-01	-8.64891999087769591803010e-01	 2.86805509421257265323391e-01	-1.61408135598903573759699e-01
 6.32959086942657012109237e-01	-7.57679517546562486529638e-01	 1.42852188183420908407228e-01	 6.98412147541461608701852e-02
 8.01360285650738357610123e-01	-5.01497242688184075021240e-01	 2.98831617913501768057927e-01	-1.30467897557655310158964e-01
 9.29384669136302465908273e-01	-2.45630601281308785788227e-01	 2.63048333319548521824771e-01	 8.19470489181648581444861e-02
 9.78543683363781169326501e-01	 1.34845165773573028022980e-01	 1.51921434627025314645365e-01	-3.44807006484540504165359e-02
 8.37069376545728771610300e-01	 2.95777359590673583067399e-01	-3.38424993921340622193838e-01	-3.11928094105444420058859e-01
 8.55123231388849491807491e-01	 4.51644776451774754288948e-01	 1.80067418793899134722702e-03	-2.54515250260937575532694e-01
 5.20668959148142262982617e-01	 7.88439460327691410412854e-01	-3.16823463544979977424276e-01	-8.30056945343617957888682e-02
 3.55323466435184198708441e-01	 9.30632925262069976568569e-01	-7.50559937108636748837043e-02	 4.51020002518935786417487e-02
 8.99977703573821841143143e-03	 9.91476204704388242028301e-01	-1.14934539777587690911886e-01	-6.06958901772054054690742e-02
-2.79757737629488523189991e-01	 9.12815537164007873016658e-01	-2.43813299696409829797616e-01	-1.70465475212908557089975e-01
-6.21079707942616576765715e-01	 7.05798884941711057727787e-01	-2.56156346943922974546126e-01	-2.24703930355692665932210e-01
-8.44856975586143921219673e-01	 3.69198342777270538395129e-01	-2.57465581926162034864802e-01	-2.89172523966876482415245e-01
-9.24946499371730457284002e-01	 3.23961477382166823657528e-02	-1.30079799090514008907959e-01	-3.55673598655110723143480e-01
-9.24914640796651310594712e-01	-2.61434842907160902569785e-01	 1.41670830797861163619089e-01	-2.36884161258522435433704e-01
-8.38486525821627748378262e-01	-5.43410976696634628879679e-01	-1.42386568762200189930400e-02	 3.79752165437893252075696e-02
-6.18562831111092337188495e-01	-7.53769789372151000073075e-01	-2.07815605488204768747096e-01	-7.76131606962663644910805e-02
-2.25503288576544308474681e-01	-9.37982125102979402697656e-01	-1.79761658685718944683529e-01	-1.92415035522231520070946e-01
 9.41972619619143858304966e-02	-9.12237861255559945306004e-01	-3.58805032980721749780173e-01	-1.73804225030532111251347e-01
 3.89259480887366837720265e-01	-8.90321897585159449661774e-01	-1.16609154537568385223700e-01	-2.05441671278473209083515e-01
 6.63103547730970244167281e-01	-7.20517204966245716768469e-01	-1.99628313769042387004760e-01	-3.60163667789895752813223e-02
 8.25784313359895438821923e-01	-4.98238531918943849952086e-01	-4.50660675341931771242798e-02	-2.60399083479541770813626e-01
 9.72952124652991856557094e-01	-1.87175671771750234961829e-01	 1.63555540889673885901479e-03	-1.35376349443054128096620e-01
 9.14527154809861575479601e-01	-6.20913465268046124712065e-02	-3.09716578174668688561155e-01	-2.52706131713581749753672e-01
 5.79345091391418876014541e-01	 3.21336526580867920532825e-01	-6.55736007650183472250660e-01	-3.62094449055229805622957e-01
 4.00211116086695350979596e-01	 6.61297934840738510509084e-01	-5.88448623399676851164486e-01	-2.37158852997398111872585e-01
 1.53903597767208355495683e-01	 8.89263968537768900723961e-01	-3.98333864639881962688150e-01	-1.63870098357886989637322e-01
-2.06767887679160849989657e-01	 7.76891182636777255510196e-01	-5.55049814504212535304362e-01	-2.13557566910580226560157e-01
-5.14942371108249363764742e-01	 5.99845993066673854876569e-01	-5.95019757110689884171961e-01	-1.44812387892768151820277e-01
-7.44791438836697516912011e-01	 3.30169418414418713858538e-01	-5.67185930535443305622323e-01	-1.20722773253805218396373e-01
-8.93507932053528297622336e-01	 4.14180990580828231606425e-02	-4.19233837048234081468223e-01	-1.55470596260699200907851e-01
-8.95848390200005839645314e-01	-3.18783103954433544302560e-01	-2.15274646763446791952745e-01	-2.22463077543461479335107e-01
-5.89003557711692216081190e-01	-5.29047077879378768727747e-01	-5.60768604823880134624403e-01	-2.42327402978159078816844e-01
-3.96832999874135505802286e-01	-7.73454827240737330384945e-01	-4.35621942678840301521603e-01	-2.33505296482989760376014e-01
-3.10524317448842360200878e-02	-7.27358502875055323855236e-01	-6.39301173225334529170993e-01	-2.47546691940729285397182e-01
 4.08642118851182178929093e-01	-7.56202077739743683260087e-01	-4.86044321807746704244835e-01	-1.57895388030678207602620e-01
 5.16847005004078319245764e-01	-6.53772178772634049437329e-01	-5.19263032629731169365073e-01	 1.89253836487856264003682e-01
 7.42168745576094024407610e-01	-2.02620763560036998285341e-01	-6.20188260320713946605053e-01	-1.53286989091445779997969e-01
 5.49009822667752334091062e-01	 2.34963546202285988862002e-01	-8.00075077352804253649765e-01	-5.70983114397776991832956e-02
 2.47838771307676897226457e-01	 4.38639466770508024140440e-01	-8.03372983071999668958085e-01	-3.17432215910707860029305e-01
 7.77245660611932120964696e-02	 6.74526472500107776575362e-01	-7.27211469957638856342896e-01	-1.00679728293290748908362e-01
-2.09599293594296326448401e-01	 5.28615476410948859076200e-01	-8.16062943685383679337519e-01	-1.03320308590055240371974e-01
-4.61564377685564186659661e-01	 2.77133078571910496101793e-01	-7.74266168974078516917814e-01	-3.32667223506008857825123e-01
-6.37147803880413032828756e-01	 1.04466503644843854148316e-02	-7.50776130861724233511723e-01	-1.73979150575085339536230e-01
-6.46818169056084357748659e-01	-3.15946412309252633310308e-01	-6.93268744495813549200136e-01	 3.43884956496341223641799e-02
-4.37675462510317359043910e-01	-3.06285599812696984756144e-01	-8.07668986902112528980524e-01	-2.49599936819446921454357e-01
-2.87952426135759664838076e-01	-5.85299800546278059520944e-01	-7.53121954508216950863186e-01	-8.55269863887439113492306e-02
 2.67512580524769894019244e-01	-5.78664973144910610436398e-01	-7.02947486459035597583522e-01	-3.15354878505315794345876e-01
 6.74760224709287537159241e-01	-5.29095567971135771756508e-01	-5.01469717913102464024178e-01	-1.15259017520221093699995e-01
 5.30595978456875450035568e-01	-1.30182339636952526529257e-01	-8.37518018757552273889644e-01	-9.16702506076241298293983e-03
 2.84623187833144997149759e-01	 1.37911045578799518196433e-01	-9.26614505477544758704767e-01	-2.03361114015599669935241e-01
-6.53515064921947191889373e-02	 3.02005633756300462255950e-01	-8.95351668249913412722663e-01	-3.20729119259154704657533e-01
-2.44605537793394112178191e-01	 1.83149022728027022210995e-01	-9.51865194364643674163062e-01	-2.40253639250759716550210e-02
-2.74877727474681532449097e-01	-2.91632350052647773552827e-02	-9.11832190901876171729157e-01	-3.03568437584455064204292e-01
-5.99526335208956581701578e-02	-3.86693090671730854701593e-01	-8.70865759959165708359308e-01	-2.97433964925659655165191e-01
 8.34360913440518880968000e-02	-5.34744203660575623260343e-01	-8.40870143854509088932048e-01	-4.94535001202077700160897e-03
 2.80040154096446336495774e-01	-2.67634490087625187548781e-01	-8.90887755827269423036796e-01	-2.37209397634720958736310e-01
 2.24616565417200507448481e-02	-4.92895869939369568601961e-02	-9.90684092622057588251039e-01	-1.24944144420535432904451e-01
-1.20310794197521650494842e-01	 7.03197423887631234418194e-02	 8.80874620311541844941416e-01	-4.52371915486512510273798e-01
 2.15758797276001113019106e-01	 8.45521638230203598229906e-02	 8.08522951274048273795358e-01	-5.40915622120457406651894e-01
-5.15901580239376822412112e-02	 3.53342822225346964160053e-01	 6.85358695267067719036902e-01	-6.34642233387216925244445e-01
-3.21723151885125235871499e-01	 3.85535878676286858368627e-01	 7.63144947442857213282252e-01	-4.06775231530685676961667e-01
-4.42137245509248599795171e-01	 3.17827270336937320327486e-02	 8.33635247190649519843930e-01	-3.29479573019604510264458e-01
-2.40907264595549841512678e-01	-2.29016924601986499032691e-01	 7.57757258844559355992487e-01	-5.61532612391584473598982e-01
 1.61814081945488047464821e-01	-2.73670247416956224917328e-01	 7.23640643710310338398983e-01	-6.12588783225263333598321e-01
 5.84655874784977824809573e-01	 2.85705789805790644209083e-01	 4.52366857874153704965892e-01	-6.09847469165796352008613e-01
 3.05618510735623738483469e-01	 4.02343107390472132234294e-01	 6.36112334329589579340336e-01	-5.83162454162542198687902e-01
 1.74868865925803418370776e-01	 6.59351143544798290463405e-01	 6.06374328493649250582109e-01	-4.08640579213404131486698e-01
-1.61701697958320123049702e-01	 6.49569872272770520993390e-01	 5.72738190942535196903407e-01	-4.73162241254313054028557e-01
-5.06213194669416499671399e-01	 5.66908602479800904916374e-01	 5.18739639753448167347472e-01	-3.91499711526643756620558e-01
-6.29976920499170756073681e-01	 2.01876244953210493005002e-01	 6.10007998034180931590242e-01	-4.36194112404447498221316e-01
-5.83325205770271915106662e-01	-1.57502154672372468580122e-01	 5.80143697846939976336955e-01	-5.46221626663672354951018e-01
-3.97958666191046583904267e-01	-4.88510735575758747728514e-01	 5.75529376843397777463451e-01	-5.21298472682325098048750e-01
-1.20426370286948830612417e-01	-7.01103981382798169263992e-01	 3.65969075159025325483242e-01	-6.00014443706105571330056e-01
 1.82870149755620964304725e-01	-5.82870538928938253242507e-01	 4.91045857623102599553988e-01	-6.21043000836687397736569e-01
 4.74544287139767373417953e-01	-3.93575023101919052592734e-01	 5.45349564987712254193752e-01	-5.67891074679860441420942e-01
 4.61406334882636937066991e-01	-2.67638477321814303999670e-02	 6.06028643874383154965813e-01	-6.47392596025407773829841e-01
 7.61021439230768370620694e-01	 1.17138013257839082581491e-01	 1.91534315928301612785845e-01	-6.08637544605173164136147e-01
 6.67776899170245741288454e-01	 5.15465583611224409388285e-01	 2.44213442004615310931825e-01	-4.78256249087421481114291e-01
 3.25363750625735637100888e-01	 6.20721137357026386816017e-01	 3.39630848065143486902429e-01	-6.27291468505275617850714e-01
 7.83431709080881361062509e-02	 8.57265364692908038435348e-01	 3.46801184164430342793395e-01	-3.72407546556390744996179e-01
-3.23165700578216141813925e-01	 8.22510640567473916284769e-01	 3.22210020109014838585182e-01	-3.39442011342766636339263e-01
-6.48926648973832675970641e-01	 6.77257962678731728622950e-01	 1.91357229230590952795410e-01	-2.89133649133124726038346e-01
-7.03227743219848155931118e-01	 3.85635683060309319980519e-01	 3.20747711686256986585164e-01	-5.03861852658601283572182e-01
-8.20376219573108800275918e-01	-2.99199089849575446120600e-02	 3.17049856857881839911073e-01	-4.74938991525925557901644e-01
-6.91327085206385194560141e-01	-4.38241343745796430031447e-01	 3.56474617756534606360930e-01	-4.50485552251406684565183e-01
-4.58098255687380939704667e-01	-7.15251869125834716101053e-01	 2.96417607805511351681815e-01	-4.36689081190538785914868e-01
-2.11054180017507864164372e-01	-9.14926030979567261880447e-01	 1.87785655072354701333737e-01	-2.88275976595622818177134e-01
 1.30166423679104970023701e-01	-8.62992222555153509766512e-01	 2.55642027601669152847563e-01	-4.15870508307112085599755e-01
 4.18369031620390519066177e-01	-6.89395574060455706977280e-01	 2.75497459537402400453487e-01	-5.23261163889800706705557e-01
 7.04768252075713919069244e-01	-4.62407055059677940533902e-01	 2.59719368309873799294252e-01	-4.71197703752787133701929e-01
 7.32177249591132506267854e-01	 3.30013639181837153957488e-02	 5.42853355525704461825853e-01	-4.10045874939850452101098e-01
 9.27506563997972710566842e-01	 1.17871493241297128906631e-01	 5.77075865692949340618467e-03	-3.54689417894394898311816e-01
 7.20396048658015097920781e-01	 3.81334551364993057376296e-01	-5.65284644325108123763535e-02	-5.76557044638326132712791e-01
 6.24326125632428174938582e-01	 7.44217190020742158651501e-01	-9.03384156657902753773115e-03	-2.37225741935781997415944e-01
 2.84359491636133443481782e-01	 9.14138185787945478644190e-01	-2.73645182900152904303948e-02	-2.87649508846302137676787e-01
-1.06232065182752841159264e-01	 9.26781149599070985800608e-01	 5.25836148126667748958774e-02	-3.56407649368058632166623e-01
-4.11672242852552772163222e-01	 7.98226097979401805204702e-01	-4.45682515216662064605480e-02	-4.37463977860610420123066e-01
-6.81949402417978411961030e-01	 5.32635547340023607354453e-01	-7.42997579992824702665999e-02	-4.95705489391436660007173e-01
-7.99710736810163136389917e-01	 1.38158921409534951596498e-01	 5.65813765800165027752833e-02	-5.81526781575716023020561e-01
-7.99790877635884522867116e-01	-2.64156709260797539773336e-01	 1.51847053394497579631439e-02	-5.38818345759201622335866e-01
-7.59558056331459230392511e-01	-5.73401170728138676047081e-01	 4.82383591205572045956806e-02	-3.03242010907018133547552e-01
-4.80000285077576582803971e-01	-7.99793756156323532024999e-01	-6.89758482686528145988447e-02	-3.53796560602876064560718e-01
 5.86533015633194029780917e-02	-8.91564076266106009249768e-01	-8.94979188398977720808602e-02	-4.40072051658378426974849e-01
 3.64783772331875033589910e-01	-7.55197233486894048404281e-01	-6.67758070442046602899211e-02	-5.40509879253528224829495e-01
 6.11622306693064499150125e-01	-7.33796388024612111777856e-01	 9.36529093623226921438985e-02	-2.80517641950485174806573e-01
 8.35571226890588270030946e-01	-2.22874467999547548613393e-01	 3.47730052027284965935477e-04	-5.02142983014087995741193e-01
 8.89562446126200834228825e-01	-1.55804479746990104382931e-01	 2.89380140812281028139807e-01	-3.17273939421763129242748e-01
 6.18497244490061603983122e-01	 3.03049813158905889665107e-01	-4.04047257844808493931765e-01	-6.01969918459921315978534e-01
 6.40660465905505627226546e-01	 5.85781810395691326931455e-01	-3.10246261175350201977352e-01	-3.87506252158598574197867e-01
 3.46270396216873388439694e-01	 7.74571679594562856330242e-01	-3.00650203660293602325737e-01	-4.35597269175199752755390e-01
-2.88884705599433862233116e-02	 8.51600868542179423315019e-01	-2.74021872542038358311345e-01	-4.45929849119195087503442e-01
-3.53894479652887339327094e-01	 7.11933973206346104589670e-01	-3.77943824352052371029487e-01	-4.74412458415652271703777e-01
-6.05562199127006595134048e-01	 4.85333216072411699482103e-01	-4.59905167675253245818112e-01	-4.31547597735024768272893e-01
-6.93306488896563433144138e-01	 2.36888044705447164961498e-01	-2.46655681608959453932073e-01	-6.34327314136455377990842e-01
-7.63764861149172080700964e-01	-1.47657363647590605948423e-01	-3.05942472027741496631847e-01	-5.48871336147173871644611e-01
-6.96525799602074280336694e-01	-5.19245445379871162217000e-01	-2.72972067490839132020142e-01	-4.13185464786368195078126e-01
-4.14587961487724310227776e-01	-6.39250682572805040138064e-01	-2.96913287097919642576471e-01	-5.75602195065623822856082e-01
-1.34182388335469388040977e-01	-7.86853084680044445597957e-01	-3.66392553544086951866632e-01	-4.78135761575654849586670e-01
 2.44825472181468772880919e-01	-7.50974216715843079228421e-01	-4.01543255529960230187925e-01	-4.63531258856992089967264e-01
 5.87405560104533264187410e-01	-6.45293903614175268224074e-01	-2.97587027363557521386639e-01	-3.87288583696421773172602e-01
 7.68052456102123470849108e-01	-3.43653253741357633810338e-01	-3.49147345469341729984336e-01	-4.12424534939649534148742e-01
 7.03511094412034410083834e-01	-9.33681784082217650078128e-03	-5.32909827371075062174555e-01	-4.70097946988837778192760e-01
 3.60191352378147811030829e-01	 5.14123816172916137112736e-01	-5.26882115714364052116991e-01	-5.73004474202561508988651e-01
 6.32143615816128517925776e-02	 6.78395674675167703604473e-01	-5.84648695998661316330924e-01	-4.40419294921235493500689e-01
-2.55351079327031715848761e-01	 5.15742196921373241558229e-01	-6.88451107796829164797714e-01	-4.41407844033784857451508e-01
-4.40381240331726153680592e-01	 3.03060367198198621352390e-01	-5.41293555897122580233827e-01	-6.49014686537856655412781e-01
-7.21353393411812371383007e-01	 1.33041775051391530926281e-01	-5.18139979751523704898375e-01	-4.39863762189531493085326e-01
-7.51946708503171135085097e-01	-2.30553990840356215485940e-01	-5.42671435550742931042123e-01	-2.94836764865116562894798e-01
-5.17782272008563637655243e-01	-3.45399469166239536654928e-01	-5.21187976818182518989886e-01	-5.83921071989613738040248e-01
-2.92924201334145428710087e-01	-5.47324721494701793567117e-01	-6.40153426149290161184524e-01	-4.52586624308348006717750e-01
 2.87633618181852949990951e-02	-5.49222662167743180816615e-01	-5.94902042721364932020833e-01	-5.86189982807827192345940e-01
 5.35864341028652324538939e-01	-3.95696597801985516795753e-01	-6.32955612914320564499349e-01	-3.94513374402083838443644e-01
 5.03857055102122308731794e-01	-4.94136944435967923050512e-02	-7.83741627981587862805668e-01	-3.59771337649376965472925e-01
 7.97815316295552467984464e-01	 1.29992142555468814801856e-01	-5.77823822583917623418870e-01	-1.12749252824911092019100e-01
 4.68002530189487453426977e-02	 3.67330740063416927299045e-01	-7.02327511903449441810210e-01	-6.07958822409326637981053e-01
-2.13542125016205897036770e-01	 1.35707063331786642601529e-01	-7.59568107092599031915370e-01	-5.99199169302821577076656e-01
-4.96559412612864681246805e-01	-6.33437797930135465529489e-02	-6.97315869755352979453278e-01	-5.12997946481695832332548e-01
-1.76046028894978112688818e-01	-2.51292941778863909707553e-01	-7.65655792844642468786276e-01	-5.65359054058458543323695e-01
 1.94314909916542322143584e-01	-2.98107331922252638545245e-01	-7.51352450165500340695246e-01	-5.55736655322124240008463e-01
 3.47829179630583962268275e-01	 1.78294097300235016012593e-01	-7.19798455604980680355709e-01	-5.73686552024791796000613e-01
 8.50506458054945263524971e-02	-1.75822342622741355395999e-03	-8.78264665336419891872310e-01	-4.70546994379900884730716e-01
-1.66378499314335237535545e-02	-1.87598130390347860030342e-02	 6.50675938026823441617807e-01	-7.58941417394856099321032e-01
 2.34014744738525098943782e-01	 1.84765980081990160988070e-01	 5.05202969756749498131398e-01	-8.09857142462956702821941e-01
-1.64820569516310189150943e-01	 2.09946827054472817675190e-01	 4.27194540911867870480734e-01	-8.63864187178272180389627e-01
-3.52161495102378985233571e-01	 1.18073739011254397190953e-01	 6.60273619200803962847601e-01	-6.52747747074343576123567e-01
-3.40660651248373413935155e-01	-1.60007397440321857962076e-01	 4.67654252816833371220184e-01	-7.99779627946185178721805e-01
-8.58903682535333418135437e-02	-3.90679495481418392888173e-01	 5.23676481304470642363924e-01	-7.52167082090292815621524e-01
 2.59078867027277059964518e-01	-2.14468949740029224404481e-01	 4.49176687391995899112374e-01	-8.27720673754633651242330e-01
 4.54761713313846516193450e-01	 4.64166360132884578404422e-02	 2.73045011551902416790938e-01	-8.46453602787350933844834e-01
 4.54857937815078550158887e-01	 3.82109381705021899922059e-01	 1.86271727816362753227253e-01	-7.82559595325446832880800e-01
 4.87080520360820209968544e-02	 4.97563086443020274884930e-01	 4.12289572834538819989803e-01	-7.61627079881000423888793e-01
-1.14666409549041461990448e-01	 7.13259975398275791746983e-01	 2.66920212429652303764982e-01	-6.37860033402698589632962e-01
-3.66350290660734045911084e-01	 4.28065562863423898498638e-01	 4.57492282999219845862626e-01	-6.87930337621025067562641e-01
-5.79431329399868522145312e-01	 1.18540554669233397233619e-01	 3.71067698426816916512649e-01	-7.15902391805500526444916e-01
-6.06677465388656078637553e-01	-2.34675696685713697231535e-01	 2.48230452258332512371908e-01	-7.17810151047123756740120e-01
-3.52268232943798331735508e-01	-4.94475421150834204553348e-01	 2.93174558470293389333960e-01	-7.38545752274094136069493e-01
 1.08627680268632051396871e-01	-6.80672480379924671467506e-01	 1.10957515675758650042226e-01	-7.15942337935088768396952e-01
 3.94672087554466588521507e-01	-4.37809968129786397650349e-01	 2.32976037355188764221836e-01	-7.73484674140263117614325e-01
 6.64049579855219840318625e-01	-1.74137709351963876347469e-01	 3.48868055933416632008459e-01	-6.37969664815652093281528e-01
 7.76981557849196091680710e-01	 3.44163540068644288605348e-02	-2.09555247728478277746689e-01	-5.92622790220361572721686e-01
 5.65323008787281477971476e-01	 1.27904488231733864944673e-01	-6.64486314421304929966894e-02	-8.12179116331700368114355e-01
 4.84740643543547455873721e-01	 6.69061215533166442348545e-01	-8.98117471723643492897970e-03	-5.63296491083486006168357e-01
 1.58264581191949527116947e-01	 7.95975981684988287412352e-01	 4.91604946060457750900419e-02	-5.82200828486910682002531e-01
-4.43433445424884609131766e-01	 6.22482085725214240312653e-01	 1.88876598247181393119831e-01	-6.16610462986459495482450e-01
-5.47303619700648558143996e-01	 3.42672756329291006149873e-01	 8.54418594407949788527290e-02	-7.58771255773143971090633e-01
-6.04353834763923791761897e-01	-4.08932857785684056306508e-02	-3.91666483306994384072652e-02	-7.94701299384184767227168e-01
-5.64331417099378396251552e-01	-5.47605239191223613914872e-01	 4.59370358772553527559879e-02	-6.16074948703274283268172e-01
-2.21614564857194995539658e-01	-7.79989936338930434089889e-01	 1.72548563939502741515497e-02	-5.84982866231116060973250e-01
 3.20470707537894028416048e-01	-4.79812452441041425998947e-01	-1.10140670212296509777872e-01	-8.09288310095889751316633e-01
 6.12265060681867701042336e-01	-5.10211856934958185583184e-01	-5.23934968141404819319540e-02	-6.01722758421847969678709e-01
 5.85018557385110105073522e-01	-2.05614462879915388393570e-01	 4.47282989257180851883078e-02	-7.83246678540586160899295e-01
 4.31903503402672306332732e-01	 1.01111051487532757620080e-01	-4.22022451924270847190002e-01	-7.90653507604569982802900e-01
 4.23603642860598594843680e-01	 4.59656794324097395243456e-01	-1.90368649438865417122813e-01	-7.56990992349147684414845e-01
 1.40205869858568116237407e-01	 6.43132151863842982386643e-01	-2.78400885426372313169452e-01	-6.99439987625812831240069e-01
-1.71433203790049754067226e-01	 6.92141478332986226362777e-01	-8.12200552163382660797453e-02	-6.96386482666028538979219e-01
-4.29429513406338891901015e-01	 5.02980412405911847528728e-01	-2.17139784051814582754858e-01	-7.17949379784888042088653e-01
-5.15750750141568570228401e-01	-1.43923540659743470770948e-02	-4.17124279666067465655033e-01	-7.48198743106344266173835e-01
-5.33212828193934562648337e-01	-3.43048662036904261629644e-01	-1.90018603631316923552319e-01	-7.49596308420819257278822e-01
-2.13592366525158283696584e-01	-4.48365277491205083126857e-01	-4.08193522244630568884816e-01	-7.65979717290176997934736e-01
 5.32553048527846864534929e-02	-6.38041220262006381069853e-01	-2.47350086804252328187559e-01	-7.27244943818474265384566e-01
 3.92943787265009447651209e-01	-5.02246886212338705668401e-01	-4.28201648305429782848108e-01	-6.40301955118328658400628e-01
 6.08700676101648130433830e-01	-2.48181592688824059766972e-01	-3.03751884640310665375296e-01	-6.89655114199332675006815e-01
 1.74414056152331187199422e-01	 3.27140810075455479299933e-01	-4.41174131037914474262607e-01	-8.17266182771933524797703e-01
-1.45392646366383770928365e-01	 5.40559582925456472146664e-01	-4.48438155240657165823137e-01	-6.96821021937765960885258e-01
-1.75951544525919156836125e-01	 2.06700935876255043055494e-01	-4.77400386379425167859836e-01	-8.35706077620355314294898e-01
-2.14372907480931768064991e-01	-1.45428450364723238497078e-01	-5.57976386543482472113453e-01	-7.88388974062020686517371e-01
 1.27448162335653980559158e-01	-3.21695993353602660569379e-01	-4.65097249956004932247566e-01	-8.14833235613806716735041e-01
 4.32965614683005761698098e-01	-1.63683442881523533163346e-01	-5.91732776196319698591708e-01	-6.60000627729712241453797e-01
 1.05818016210146734201736e-01	 4.31336552711273171246964e-04	-6.45087255656772495804319e-01	-7.56746188615008197331235e-01
-3.10277303880778128342133e-02	-9.80855766295765929552175e-02	 3.22159488385272529953340e-01	-9.41079042189096881543264e-01
 1.27250143077574123795515e-01	 2.33266822267879120333944e-01	 2.11420724786325842092793e-01	-9.40582408854539253617588e-01
-2.09522496604035712852721e-01	 4.32642917457980946682738e-01	 1.35402838095566857568031e-01	-8.66363954020436199954247e-01
-3.62064479224990021233310e-01	 8.78777865062767005177591e-02	 1.75091384297145408188712e-01	-9.11334085101179414145633e-01
-3.06916232517988718520030e-01	-2.50975199837787599221883e-01	 1.07263384500826439160726e-01	-9.11761175763025399909623e-01
-2.31834611146584101959434e-01	-5.40223575817950107946785e-01	-5.12864915174788826845997e-02	-8.07329484778555150903401e-01
 2.45948010153171983671605e-02	-4.27533374916010178168335e-01	 2.13626688363191458153167e-01	-8.78051221236505696765562e-01
 2.43174046150079842254499e-01	-1.41163133217523995011078e-01	 9.27177045700135066264025e-02	-9.55166362660703427422959e-01
 1.54651207440117455238493e-01	 5.37629464041638804872036e-01	 5.87478436785075427972735e-02	-8.26792751718796736781769e-01
-6.43449098214499415337997e-02	 3.85333462542624460844820e-01	-1.72117070393465632083263e-01	-9.04297279274991816500062e-01
-3.71525574469004138400408e-01	 2.02747613326673903344499e-01	-1.84303979953766849941843e-01	-8.87070569785186724409698e-01
-2.82584011702260939902231e-01	-1.50966651320455780282970e-01	-2.30620410681693421839356e-01	-9.18787011606254533369054e-01
 1.37033659684131104566918e-02	-3.22983122588483273496252e-01	-1.25937414806271047451602e-01	-9.37887993225226090920899e-01
 3.46704665934677025429522e-01	-1.58433225627274687496993e-01	-2.36452782447958531619747e-01	-8.93747654155847004453506e-01
 2.55452425014525807966947e-01	 2.01238422816963608008578e-01	-1.05844848337437430485508e-01	-9.39704221453093291316350e-01
 4.75621796596771354015409e-02	-1.58286771669203878663834e-03	-3.33529455173730449146774e-01	-9.41537803875833079203517e-01
-7.72288966537233306786092e-02	 5.20238668180077190594801e-02	-1.03862879497426084662859e-02	-9.95600994287157092799134e-01
