-6.02870386616126407997029e-02	 1.88702888808883278981554e-01	-1.11643158153765117979184e-01	 9.73803110470514377006168e-01
 4.66150104958235264596134e-02	 4.87536508126898276982431e-02	 2.18304236931207151783951e-01	 9.73546805483327504227020e-01
 4.00972442015414376470517e-01	 1.94710058958684734120581e-01	 1.00717746486986906018224e-01	 8.89474580427728533926768e-01
 1.17808322214103367020499e-01	 3.97656264343080212420034e-01	 1.09289488916465851731097e-01	 9.03352922316733364382912e-01
-9.58246563541454432488820e-02	 3.06476335288577317328418e-01	 3.96358328088234013186764e-01	 8.60110438779691510724490e-01
-2.75462584813098987357449e-01	-4.06509515284417671798778e-02	 9.52557927461887138376184e-02	 9.55716588982431392018668e-01
-4.76022679357316069737038e-02	-2.95440563448742476992948e-01	 3.53436682718194394858813e-01	 8.86302097969773883257005e-01
 2.97723509907653838268971e-01	-1.88025783996202427994504e-01	 2.19973421762931886647152e-01	 9.09735516465520865914129e-01
 5.77024663935633674860526e-01	-5.94890504709456036103177e-02	 3.04805142257311922904250e-01	 7.55378987884581132306039e-01
 1.78213365609158125302258e-01	 2.24852954122169629291861e-01	-3.72302752916406021199691e-01	 8.82650443557162600605182e-01
-1.19058531636451036400670e-02	 5.20142658493659815199806e-01	-1.99526903680904449389644e-01	 8.30360692821562218490783e-01
-4.00729033132890932744630e-01	 7.56732516796052301355502e-02	-2.13280713661078619169942e-01	 8.87806926175300104020494e-01
-3.46779102593109900265489e-01	-2.86322146610000549671327e-01	-1.55493201526606589224500e-01	 8.79537234370646126002669e-01
-1.44605500906714139197629e-02	-2.55080671121127255940308e-01	-2.27624305558857022158126e-02	 9.66543643849908762355483e-01
 2.38029170232416903418837e-01	-1.60013963900637185000519e-02	-1.15830804143277052431493e-01	 9.64193597906331856250972e-01
 2.56020645443286509745917e-01	-1.33671216137413811919643e-01	-4.34300892621253709080520e-01	 8.53210507290862119056385e-01
-9.50425832395459108115077e-02	-8.47740158064038268337370e-02	-3.51499137096682234826517e-01	 9.27485110519569166953602e-01
 3.39043855328476431698626e-02	-4.10871993771831020558771e-02	 5.72118338997242070753657e-01	 8.18439332432170263409432e-01
 2.77836880156248189344126e-01	 1.73040874055369053863274e-01	 4.38505650588592255090248e-01	 8.37004371752664177996905e-01
 2.95540438073409912622669e-02	 2.85903522946234223134354e-01	 6.79611678274350872186460e-01	 6.74917551123606740404171e-01
-3.34356451226286821576394e-01	 2.31346750941870460405170e-01	 6.42343660878932576352440e-01	 6.49676123680603456733706e-01
-2.82319748605551701370331e-01	 7.76194753605738158724892e-03	 4.35769499102830248915552e-01	 8.54599470728489407633788e-01
 4.53546443241586785810604e-02	-3.73759642578279371871730e-01	 6.69063109119702015270548e-01	 6.40781742743239957071921e-01
 3.39841821016333478500115e-01	-1.69204828528689843469834e-01	 5.45893917499620351385659e-01	 7.46911703970286278142510e-01
 5.62540851099566419080134e-01	 2.90846571033596623667705e-01	 3.59019534394579953318072e-01	 6.85609974318689086025813e-01
 4.64411105323987105641947e-01	 5.49598989369150636719041e-01	 1.27841988081589752468403e-01	 6.82583110118839431201820e-01
 2.10325366873110763954458e-01	 5.18578552394398317737512e-01	 3.80710912974879300829656e-01	 7.36137708440517068986253e-01
-1.46320825299069312563915e-01	 6.09667522106830617190099e-01	 1.68772640414635938244103e-01	 7.60533710245238636638021e-01
-4.48929910908909601818806e-01	 4.19506004816099009602226e-01	 3.60304243463748397058311e-01	 7.01895646913819892809272e-01
-5.51792145480199835994028e-01	 1.15157942628362403025832e-01	 2.45377956883617076577764e-01	 7.88703832063457510592741e-01
-4.21199672939892411083207e-01	-2.94905879209046206668177e-01	 2.39267774706887287328172e-01	 8.23633589595568649244228e-01
-2.89180770818922294740361e-01	-3.85225220995509876065199e-01	 5.29708650764378341513350e-01	 6.98129469513296241345301e-01
-3.01243694942468394348811e-02	-6.24072822819389805282242e-01	 3.76789523060631403872378e-01	 6.83853266053877084651447e-01
 2.94935123481822381030781e-01	-4.88225612551462129218294e-01	 4.35303443774677778499438e-01	 6.96534231767124145662251e-01
 6.00266957219093844067004e-01	-3.40912127325234737273973e-01	 4.56329071779135564401741e-01	 5.61446595646198698403850e-01
 6.98113320194896580517252e-01	 1.67773700456941066150307e-01	 3.64499868916132105378658e-02	 6.95097961482440185321252e-01
 6.88278176756568438321437e-01	 4.37631712138057793470836e-01	-1.42995652413785256928946e-01	 5.60628111427283082335293e-01
 3.61011519070371933448627e-01	 4.33468722772233305828848e-01	-1.56807369932039558646508e-01	 8.10670708865016131916548e-01
 1.53862996375328603404498e-01	 7.09913658462572483287545e-01	 1.14596325428789440337152e-02	 6.87180800587934181855587e-01
-3.06065887985750739730406e-01	 3.19327289428839034002294e-01	 1.06454334723140822682730e-01	 8.90517394022249386686951e-01
-6.38121349679337312998939e-01	 2.67722138192339143003551e-01	-9.47212219498560353825312e-02	 7.15649278569795765925221e-01
-6.26565589512166343233446e-01	-1.18391448259821840949257e-01	-3.09338802959714231216592e-03	 7.70317764282190231561742e-01
-5.32679426497403740725645e-01	-5.13029282335005332171818e-01	-1.16095704970462112017374e-04	 6.73092542355814171806117e-01
-2.00406189201718432091326e-01	-5.34716846968899650605067e-01	 8.87063939811165713678065e-02	 8.16116675827758486505559e-01
 1.59654964190444614846598e-01	-5.01077272351392100091516e-01	 1.34857807646223959441301e-01	 8.39788801579951393883050e-01
 4.98355083509625540472143e-01	-4.55766972668632308618442e-01	 1.39584501104992902975610e-01	 7.24178737892693602518079e-01
 5.50336069807368932771396e-01	-1.37698552299519855202092e-01	-5.67609548600149158015249e-02	 8.21551893045700754036886e-01
 5.28719686326878823834363e-01	 1.41594421716598611871163e-01	-2.70577281821889503721223e-01	 7.91956089433642040908978e-01
 5.22306401533492614674969e-01	 4.00574795659603077879751e-01	-4.47709764528494424951077e-01	 6.05220474492759952234167e-01
 1.91419884815387131293818e-01	 5.31182550724508262263157e-01	-4.55638724675357820181887e-01	 6.88183753135223730268422e-01
-2.65349424115340681851194e-01	 7.14355789053010670208721e-01	-1.26043215010200521097872e-01	 6.35136676407527245302731e-01
-3.54323499446556222647331e-01	 4.26694702681707949132317e-01	-2.05406004622598753472928e-01	 8.06346613875383200209512e-01
-6.57501274897807852504172e-01	 1.13620199433378567255293e-02	-3.41087260163939753887519e-01	 6.71730942390196594793395e-01
-6.08498214068040943480753e-01	-3.36214275285946495586131e-01	-2.95843278720446078988715e-01	 6.55108112456170954551737e-01
-2.67353151455041515571764e-01	-6.02848473321533906421621e-01	-2.45013454088993470891822e-01	 7.10678843034133311817868e-01
 7.52031285255709974757465e-02	-6.71113046817856440107164e-01	-1.28240607844053278174812e-01	 7.26296161597049794167447e-01
 3.21588599481203663010831e-01	-3.81130411812167113616567e-01	-1.59996712982047206708103e-01	 8.51892853421453599693791e-01
 5.75763993602986134945354e-01	-1.26108075752765974586467e-01	-4.52368868869999440907037e-01	 6.69294392160544315828474e-01
 3.51638306368141140278993e-01	 1.49610253539318754922860e-01	-6.04098798888442756194195e-01	 6.99308168629529935955702e-01
-1.53168087525213603150576e-01	 2.58982005075840238106366e-01	-4.62559727442903967364884e-01	 8.33970237213962239941623e-01
-3.84633474915511752723063e-01	-1.82245337939676670113709e-02	-5.37758188583061569332244e-01	 7.50027390802679438941425e-01
-3.02762262741713861213810e-01	-3.45041364845209475031851e-01	-4.82935570865146823749114e-01	 7.45690755741565736158805e-01
 1.30781691559244753197966e-02	-4.13002683366260170405582e-01	-3.32270882185851879064842e-01	 8.47852467045554836211352e-01
 2.72917972759868621146495e-01	-1.55723143178740308645303e-01	-7.38260434620279792916619e-01	 5.96856442955467136890491e-01
-1.02631740475457710476404e-02	-1.30292638204798603973611e-02	-6.57434419202305497798022e-01	 7.53329204259925999664915e-01
 3.27536208176042731299304e-02	-1.60752133190295964926264e-01	 8.94686330434258270116743e-01	 4.15478425591735089916767e-01
 2.44390625463604377332061e-01	 2.47592102143621047016797e-02	 7.74709906675193793468281e-01	 5.82653210919138353496294e-01
 1.90569260235793569435714e-01	 3.14136476235116757216304e-01	 8.56302755862062725533690e-01	 3.62970001039759349037439e-01
-1.42808145701669497729114e-01	 1.51228111181767904680484e-01	 8.75491189629396093785374e-01	 4.36177794931092932539940e-01
-2.02815214170935453896760e-01	-9.51738799043209821038047e-02	 7.31171516651085151572431e-01	 6.44357148422291858835820e-01
-2.53537774271722526897577e-01	-3.59486477829702388842037e-01	 8.00683547397314843152571e-01	 4.06686520802187312373377e-01
 3.60437787157170508312021e-01	-3.18150906371045150144994e-01	 7.45840035556312175302196e-01	 4.61071842260925679468642e-01
 6.76456478216317380613987e-01	 3.56278809140612551242810e-01	 5.22104164374237345036533e-01	 3.77993762884525963396953e-01
 3.84952900745525516956747e-01	 3.33708768569276614801566e-01	 6.31726809822347412648469e-01	 5.84269595083692694359456e-01
 1.72578241007332988665723e-01	 5.96517782398922613573689e-01	 6.36314877320204530519732e-01	 4.57697130112981520611015e-01
-1.44314585898078301395842e-01	 5.63689557544464925342709e-01	 5.03980762641635715581856e-01	 6.38303042370586548592826e-01
-4.47145209552908373673574e-01	 5.20585241905591189492952e-01	 5.85928430740645711516379e-01	 4.30975685548254050516448e-01
-6.46165698847850911157309e-01	 2.00012242143921881165625e-01	 5.32960361998826348539637e-01	 5.08348546927312239240848e-01
-5.40149270238228562668326e-01	-1.23299415520035107740604e-01	 5.09332807889926741928832e-01	 6.58495338480455938423574e-01
-5.26163547130341746616011e-01	-4.40421197878895387400888e-01	 5.91692112753607557529278e-01	 4.23180261632448539987905e-01
-1.82997556510611919522447e-01	-6.41178606238559045671366e-01	 5.95024713537138705277130e-01	 4.48717594365510064058356e-01
 2.19898999626492341885609e-01	-6.44802665957855514200503e-01	 5.92533979524557108398142e-01	 4.29857458985768547954365e-01
 5.62650655639454710943426e-01	-4.98266212729008173276668e-01	 5.97578152131539863667342e-01	 2.79383916960581013544385e-01
 5.86873456167930407367805e-01	-5.27078997203375004820813e-03	 6.12940537640732086011042e-01	 5.29013858547457305192552e-01
 7.36445877620698907684016e-01	 4.49235414204905758595032e-01	 1.91131016592062330516910e-01	 4.68298992584983198028681e-01
 4.59288124785582618780921e-01	 6.33895372562831682650142e-01	 4.14981480644939781932123e-01	 4.63704049794807726669887e-01
 1.11384465877324576044138e-01	 7.87785125852861312090170e-01	 5.81169911885436207832356e-01	 1.70966750467127726054173e-01
 7.95585089037322279459374e-02	 7.77559827120079538609332e-01	 3.49116872599405769772574e-01	 5.16902861451179251872645e-01
-3.59614780369776010360283e-01	 7.43088668654985351480491e-01	 2.55816941145899923171214e-01	 5.03044861696165357400901e-01
-6.77678932189444527267597e-01	 5.33138082925155631919267e-01	 3.19989627346793759077315e-01	 3.92583351394228619035687e-01
-7.62719775561115032047610e-01	 2.83233969164316867761499e-01	 1.84232446410594136176897e-01	 5.51448518330584391833327e-01
-7.84794718410982916623198e-01	-6.33205150469743349717078e-02	 2.61281253179217409776669e-01	 5.58408335419081636175065e-01
-6.58313709786608636242988e-01	-3.98018958292688518341151e-01	 2.92680796825924072201985e-01	 5.67927741456550227994171e-01
-3.79322314817619909987911e-01	-6.46602162782099698645766e-01	 3.06550735244718264294050e-01	 5.86555088024847015581997e-01
-2.94657510068306816020112e-01	-8.61249085008916948069668e-01	 2.88886212856750701494235e-01	 2.96600272004145570914346e-01
 4.42865583957702466100237e-02	-8.42890705690904629143745e-01	 3.56823418064121766768437e-01	 4.00313636198398659082898e-01
 4.77474332766072706579763e-01	-6.79927230595337994678573e-01	 3.53759563108438201961548e-01	 4.29617730260140273657044e-01
 7.65894030544584936137653e-01	-5.00144625319094315862856e-01	 2.49054930706586602484620e-01	 3.18171854869865655679462e-01
 8.07372152718630942125344e-01	 6.52454041824867408960742e-02	 3.22844504596487502645630e-01	 4.89555584279657118873530e-01
 8.97747486143075867914831e-01	 1.85655303072669891628621e-01	-3.18374634916926690930694e-02	 3.98205895841834855986008e-01
 6.14392395324997009353751e-01	 7.17069856456727272586704e-01	 2.37534473477597025611874e-03	 3.29130921162585965422664e-01
 3.42219986615798055229476e-01	 8.22952840632103832518851e-01	 1.53829536782435050135120e-01	 4.26580093850540409405880e-01
 1.99718698386874310424233e-01	 9.07363454642727051968620e-01	-1.54994261361703633550491e-01	 3.35828500336717183927249e-01
-7.68018284651020982645164e-02	 8.81283393319820196332159e-01	 5.86397673967726934529665e-02	 4.62603974780559590307405e-01
-5.38000723505933642343280e-01	 5.61589381493236339260022e-01	 5.58529845978499722702892e-02	 6.26141383564965070540609e-01
-7.73819049988314189292282e-01	 5.24472792598146830833628e-01	-6.00556101381819751328095e-02	 3.50036700062171635128294e-01
-8.66415545442729029268492e-01	 5.06670230585837613745959e-02	-7.52681834852633319110637e-02	 4.91010851147291982332632e-01
-8.07631175294934555708437e-01	-2.94881588924480408930862e-01	-3.79416187490343309596241e-02	 5.09251575129424094434683e-01
-7.14958685562051887707469e-01	-6.02492250878313817530341e-01	-2.29415081335548956542603e-02	 3.53992729834277874978454e-01
-4.29739539622679189712073e-01	-7.77729538883471960275529e-01	-2.58987351275022162355732e-02	 4.58028326582303579872502e-01
-1.12150269739050928441415e-01	-8.18903288705723264584435e-01	 7.84828570936009217717810e-02	 5.57368963871181621883011e-01
 2.60649227033544039766610e-01	-7.54553898411537748991407e-01	 1.46327376463023905994731e-01	 5.84207748781386260183979e-01
 5.95332812064250149752809e-01	-6.46881295469739714398827e-01	 1.96654104914810376469880e-02	 4.76168776886163769290761e-01
 7.58240944930209548324740e-01	-2.61273406964405985331013e-01	 1.42608610182007627953382e-01	 5.80060049086739804025115e-01
 9.37511563267448666536552e-01	-1.32977957055364776062234e-01	 1.09680645420618561036719e-01	 3.02256658648445475368050e-01
 7.64235361085349174103953e-01	 1.57892222179295244055552e-01	-3.85941473894762354657217e-01	 4.91999530253809047586344e-01
 6.54671832302079370613512e-01	 5.71512208308034286297072e-01	-3.68359768540915621937160e-01	 3.30287251745499776944825e-01
 4.11000006639766157778837e-01	 6.95279016164872865068958e-01	-2.02314536950961992856080e-01	 5.53836539387964843506040e-01
 4.95103603488515099650957e-03	 7.76857547121886260477197e-01	-3.14226131378097184310150e-01	 5.45646201380622031251733e-01
-3.42660490220635272073935e-01	 8.62076711499962455853563e-01	-1.66051952094103505430667e-01	 3.34416329052428518142648e-01
-5.48082889348714963340115e-01	 5.96467265086689124586883e-01	-2.80406565062129409238167e-01	 5.14979714506530017459340e-01
-7.84597998500491833340220e-01	 2.94308730323626754898925e-01	-3.14787598813996871705001e-01	 4.45754550887856815233334e-01
-8.23297294083425224009432e-01	-1.12033724625061767432577e-01	-3.90504670429515976515233e-01	 3.96403976360329923789294e-01
-7.66558322782410872520131e-01	-4.48315982260177769980203e-01	-3.47950671392972865625381e-01	 3.00551905833731980433043e-01
-5.08867903456558079433592e-01	-6.27544542298612673114633e-01	-3.51419121515138266342859e-01	 4.73017869954698910728297e-01
-1.50548829964227220967743e-01	-8.22823927582913339229265e-01	-2.79493539797357748444284e-01	 4.71358881538232521446474e-01
 2.02978851565883133822865e-01	-8.73194591797220254214551e-01	-1.47532363873061733716696e-01	 4.17809756088949768582097e-01
 3.87113927540245594816071e-01	-6.62766638730858281824965e-01	-2.38705747255253675209730e-01	 5.94897265010586928646319e-01
 6.26975250372642567420201e-01	-3.97549196412860572635850e-01	-2.15587147138518453459710e-01	 6.34333393288045388480612e-01
 8.09528465285509257753915e-01	-8.88918194218632218284171e-02	-1.58059182792232161274271e-01	 5.58371921811448901351582e-01
 3.74738704827203117364576e-01	 4.37013768032680216535368e-01	-6.95844974712562125418458e-01	 4.29406149026283601166654e-01
 3.02049068414704080520750e-01	 7.22361089788980281767294e-01	-4.87721914504577414017916e-01	 3.86119347275781787942606e-01
 3.75089269550888792376098e-03	 6.18815834358401928305682e-01	-6.59134481406087435750862e-01	 4.27310928216011964853038e-01
-2.05656191874217769699484e-01	 5.48304457423905433621769e-01	-4.94218024716668369311634e-01	 6.42507818441165889922218e-01
-4.99913881810616023138039e-01	 3.36721776586607401959839e-01	-4.80446223981649045420284e-01	 6.37083967626855041110900e-01
-6.10020349483281543179203e-01	 1.13596996713941369994139e-01	-6.35459489398423227335400e-01	 4.59523811012403360365397e-01
-5.68559565776343811549509e-01	-2.74828482885102420851808e-01	-5.93470787559050361181789e-01	 4.99000750974714413210620e-01
-2.69472328999833532492403e-01	-5.59913443591972592727757e-01	-6.12250798633542703264254e-01	 4.88907515958768579267257e-01
 6.25778216715513618817468e-02	-6.60273774214244268954133e-01	-4.61271321193263750259916e-01	 5.89365190322894583196955e-01
 3.59689294476248144771802e-01	-4.22701770217991490419251e-01	-4.83258685410388522107894e-01	 6.77058245551428461439514e-01
 5.39448164209273106628473e-01	-2.75157484084245951283521e-01	-6.83743368402931595007033e-01	 4.07159726948388034362125e-01
 5.82055873839982695905348e-01	 7.35571148056613638432921e-02	-6.79908029896078347498189e-01	 4.39915198046935462805607e-01
 6.80001647818200410933187e-02	 3.21992031491387220576428e-01	-7.08989124320525743172539e-01	 6.23723921972621608844634e-01
-2.54510016617149059658942e-01	 2.01263877175020672316563e-01	-7.33663052550433292253729e-01	 5.97039386061252286275192e-01
-2.91104079106517976693880e-01	-1.96959459283913257410248e-01	-7.66141017066858998063594e-01	 5.38045842372091520644517e-01
 4.46337237735688636269815e-03	-3.57404314515408993990775e-01	-6.46246655040635720190778e-01	 6.74245871416044417756552e-01
 2.50446156564142041744958e-01	-5.23936796889997280501916e-01	-6.86585502499847732948979e-01	 4.37455487202904669263859e-01
 2.80762038150207726694418e-01	 1.34972226744621531802082e-01	-8.57876680802307056694644e-01	 4.08659731900460954090448e-01
-1.84959148496000071182355e-02	-4.92155449687274107462009e-02	-8.94872251733340395851712e-01	 4.43214828661010307175872e-01
 6.55580627288720324541416e-02	 1.17901346739389678575094e-01	 9.80969872929187913790372e-01	 1.39640686239966144155389e-01
 5.13702673799090625550434e-01	 2.05255151987074779817988e-01	 7.77696683830575219431580e-01	 2.98609700902958241641727e-01
 8.78498666833236879769586e-02	 3.28897238722479001715726e-01	 9.25157359218500729980406e-01	-1.67907319579287950261914e-01
-2.07322609457742973448902e-01	 3.22040975056261558062687e-01	 9.20629371222469794489029e-01	 7.58189081625715716183933e-02
-2.75940950505850546292663e-01	-7.51497818038597831247216e-02	 9.38368399869119018674724e-01	 1.94097522539132733010447e-01
-2.46157076602535496157032e-01	-4.93360928689284661263770e-01	 8.30022402646685808491611e-01	 8.40505727878354674809103e-02
 8.69661493267159663167476e-02	-4.83403449541332908001579e-01	 8.23425646808630284922970e-01	 2.84127080758966366058615e-01
 3.44653734232084008048957e-01	-3.43587432102403833589221e-01	 8.72429264744132293429857e-01	 4.50406260965432111986750e-02
 5.66725364419127908277574e-01	 4.84496753118026715623223e-02	 8.21980497526630604632203e-01	-2.86888823773340725931114e-02
 6.78446521277168312913375e-01	 3.86395037423676368515402e-01	 6.24766503138870499256541e-01	 8.71833567214850072013554e-03
 4.34323334797521942718390e-01	 5.69494805504436985010841e-01	 6.68567388437402043699365e-01	 2.00141336239705952548817e-01
 8.37150597951320935008468e-02	 5.43722715015545143835141e-01	 8.27824970260834236412961e-01	 1.09832675248628844344445e-01
-1.38590269734655074929108e-01	 4.82993201618632239657813e-01	 7.68738751442562429083694e-01	 3.95665308506557233947376e-01
-4.59896315864695204300716e-01	 2.72564886131649641853869e-01	 7.94391222034272925789367e-01	 2.88351084369412202779159e-01
-4.87821055395746050464822e-01	-5.46944337725175852571446e-02	 7.57744085503747388798956e-01	 4.29957018445999983313754e-01
-5.36196203461625997555018e-01	-2.74244135203377537024494e-01	 7.84994752954375485387573e-01	 1.45144836401399662806355e-01
-4.08925485484697925908648e-01	-6.80976258230092779122344e-01	 5.82582929552368344872093e-01	 1.72187145984322387270993e-01
-3.65928153247376888868025e-02	-7.56262732768776979597192e-01	 6.33665359652047066596481e-01	 1.58732028490638749085306e-01
 3.29387955623026529305974e-01	-6.51420906247957787194025e-01	 6.79304124965141920000633e-01	 7.55002211845458015559984e-02
 3.31269840378687174808903e-01	-5.94773170193090977564410e-02	 9.08130543408445789488326e-01	 2.49041477959685814136392e-01
 7.89797176951984258863604e-01	 8.01655876758293334249927e-02	 5.80750944410969860420835e-01	 1.80339231441835085023584e-01
 6.94304039048991405991273e-01	 6.04045483502389179975012e-01	 3.46115812146469636889634e-01	 1.82413814725780470960004e-01
 4.07012858050245229790676e-01	 8.16076437915054353489097e-01	 3.89049621967794745369673e-01	 1.30384709641751639352947e-01
 1.17477632929561121022388e-01	 8.94519520783438437661061e-01	 4.08976580411893719801952e-01	-1.37010909686889198466631e-01
-1.82420696762228717879850e-01	 7.73844260113262349953800e-01	 5.08709574446869816632955e-01	 3.30306402221672568142452e-01
-5.12571943782498373742840e-01	 7.08707967370491132008681e-01	 4.59716667457262306850652e-01	 1.53829792610557014587158e-01
-6.94514566422637313891641e-01	 4.15193869906088364185592e-01	 5.69638966027790627499883e-01	 1.44135407870418036369031e-01
-8.58160483455661093898925e-01	 1.84025791008972400275567e-01	 4.04628025162928839364440e-01	 2.56848698909331707440629e-01
-7.60879281474153623676671e-01	-1.76598496034869961723857e-01	 5.19572465679443817876404e-01	 3.46294878866813538031977e-01
-6.06997799793719927663460e-01	-6.61549835354609760962319e-01	 3.21189461704930734331498e-01	 3.01235482766504247820194e-01
-4.36900349055165171385795e-01	-8.15970683628953752375423e-01	 3.70569398040959896434288e-01	-7.73837818223769152714553e-02
-1.03301455401297148650741e-01	-9.25945076079438655902720e-01	 3.62302987593232150853595e-01	 2.62882212641865689595200e-02
 2.77718419339435584891618e-01	-8.65297822717392084435062e-01	 3.89425302986514787484396e-01	 1.49933621826485313777155e-01
 5.88797598433532520800782e-01	-7.04532419260508246949826e-01	 3.90920633441092457704968e-01	 6.42846532218621230514444e-02
 6.14440441977128770645322e-01	-1.92563115845266752401699e-01	 7.34559175714679657431816e-01	 2.14021510723299751566273e-01
 9.01156738769846699099730e-01	 2.58060585692513222433320e-01	 2.90184086118057904535306e-01	 1.92651141822619775823000e-01
 8.53876774697872376052032e-01	 4.86889293422371749464617e-01	-2.48554552980046871563102e-03	 1.83921427913231488870949e-01
 3.80500524478585178123069e-01	 9.18559567079127337052569e-01	 5.02456878381959334833873e-02	 9.45676659995076940301573e-02
 1.31949281117796440865320e-01	 9.78517203639443833296241e-01	 5.66053220628263478730879e-02	-1.47950352849541527655575e-01
 7.40725560152828144122594e-02	 9.46956034853383421534545e-01	 2.49926651856962750430924e-01	 1.87947314936098397453179e-01
-2.94348663208241878574967e-01	 9.12318937998505496977941e-01	 2.12643040698080376671442e-01	 1.89251042479228998027807e-01
-5.83214178639461455766480e-01	 7.65581037653640938955846e-01	 7.88248577127909771933290e-02	 2.59872157850030593984059e-01
-7.99000555856168692692165e-01	 5.54501098406607328961115e-01	 2.21606529974182175912745e-01	 7.08321218106684746818047e-02
-9.26836843398666454518775e-01	 2.75812563544527655778893e-01	 7.60019203405291193798021e-02	 2.43155513230409403568899e-01
-9.50037712399745659652694e-01	-7.59367519230000065366681e-02	 1.81682899455772844943269e-01	 2.42184390023359258359292e-01
-8.44736215044269989071779e-01	-4.06985601199233271163536e-01	 2.36279939974476826947125e-01	 2.54863173830267963904106e-01
-7.14255729693670793345461e-01	-6.37728853930224381940661e-01	 2.81124665581273858183664e-01	-6.41060361153404090206465e-02
-5.41449725007967619383464e-01	-8.29816668057778761280474e-01	 7.31600194417687810233275e-02	 1.13508168241595958081191e-01
-2.57575893963745028436563e-01	-9.56731106497872074712063e-01	 7.82649124276646179776407e-02	-1.10430304675958504412314e-01
 3.91979697977723404167527e-02	-9.71128823277016106629844e-01	 6.78422206072865768833324e-02	 2.25321461178032006467120e-01
 4.23637762074514312438112e-01	-8.67113960290793350793592e-01	 9.64866480213576738211856e-02	 2.43587259861669597205136e-01
 7.37845108784579428728989e-01	-6.68622299724806246068454e-01	 5.44898168096356813605574e-02	 7.45632323429998439268118e-02
 8.15739300499870978455874e-01	-2.19891943199223560689859e-01	 4.49386828728405185451322e-01	 2.90290208414748340803868e-01
 9.51080172845028215533603e-01	-1.06172508169247406528690e-01	-2.29287207070109078088649e-01	 1.77767488602701306810161e-01
 8.79931891405710930875728e-01	 3.01820101430664011754601e-01	-3.09094418366802181630248e-01	 1.97699603929902156806975e-01
 7.28563053282482053774061e-01	 6.42334494522762255996895e-01	-2.37135485286842473406921e-01	 1.92103137837093228268426e-02
 4.68784434674763494932392e-01	 8.19602372509918186693767e-01	-2.94812503575440365555238e-01	 1.46896877156585253798582e-01
 1.92303072451800588504867e-01	 9.38877998109695743877978e-01	-2.83722019188214658047542e-01	-3.20850248385462499811638e-02
-8.37113473012949665941207e-02	 9.84061235192641992064466e-01	-8.21161951447539895099226e-02	 1.33689289844334008305893e-01
-4.38535517343384584343369e-01	 8.94955075807021938061325e-01	-7.85071123167717654922626e-02	-2.40550541736996408015425e-02
-6.19298242682433497385830e-01	 7.10065978425362676063060e-01	-2.87950461882180430706057e-01	 1.71349130126537657625718e-01
-8.44529422009108077240569e-01	 4.34560319241717563087946e-01	-2.98946860146440562822079e-01	 9.25103189383907481557756e-02
-9.64702286278443454925480e-01	 7.43515082022375151105109e-02	-2.01318519226899472762682e-01	 1.52617842644578144417622e-01
-9.36688990660341169736114e-01	-2.74257748102424481206896e-01	-1.10966939207524831201290e-01	 1.87303926238644918855769e-01
-8.19640262325584845193305e-01	-5.69224411431726307064594e-01	-6.37515774542440627481454e-02	 1.04473047790871065992890e-02
-5.99652768740062125374379e-01	-7.39584590922722884265283e-01	-2.75647292607969329747419e-01	 1.32097539303132088805981e-01
-3.57146650265391496503753e-01	-8.82857562311191723658510e-01	-2.92375628448334479170256e-01	-8.67484107266066478691968e-02
-2.60937722357021562036294e-01	-9.38975042928464231906105e-01	-9.91528027967391034636080e-02	 2.01012674988841955059371e-01
 3.29427617393658722644290e-01	-9.26476989677067708228719e-01	-1.75787239721005766890372e-01	 4.70816190091794123384616e-02
 5.82689335328851032436148e-01	-7.48106895320482467859335e-01	-2.11217413868921788377975e-01	 2.37057832071617929914353e-01
 8.16176930853766524620596e-01	-4.85943037125624033301108e-01	-3.04939987999789496875280e-01	 6.87472612540971084182928e-02
 8.24706057661684810433655e-01	-4.29660595639513864796299e-01	-1.13173492182648410819823e-01	 3.49919207357932804391965e-01
 8.16465510801405169871714e-01	 2.74024514690825778812089e-03	-5.53076763556228589990837e-01	 1.65778932143089502426747e-01
 6.78403868625638506451025e-01	 3.26204626815332854317120e-01	-6.14503331555081744319580e-01	 2.36102494662259104751811e-01
 4.93204114327777998205704e-01	 5.97457624627752537094239e-01	-6.23300085732067299382209e-01	 1.06259547856713973401632e-01
 1.91655384969437320163976e-01	 7.87006684436429404527757e-01	-5.82420731316042661340759e-01	 6.83723906111338292079793e-02
-5.58792562181948879174165e-02	 8.77825790986184295583428e-01	-4.19616134946443286590778e-01	 2.24101960492517265910450e-01
-3.36706302752145636425496e-01	 7.13277705901115610664931e-01	-5.01227405077005361277998e-01	 3.55857932820379585514559e-01
-6.30755595296646931480211e-01	 4.81219272625501681694971e-01	-5.40005367669074032299648e-01	 2.81015290588152832906843e-01
-8.24586076518225463694023e-01	 1.54816033909300460047476e-01	-5.16037234360240182340362e-01	 1.72613356408790524776364e-01
-8.53331661257580753598972e-01	-2.08496476527055940586308e-01	-4.74313909339141304144505e-01	 5.81430183134778524878250e-02
-5.59216864279103331725196e-01	-4.98419618339773329296349e-01	-6.21126625965368495130292e-01	 2.30339091942203477714202e-01
-3.21055865084175662271804e-01	-7.90087383216118599449374e-01	-4.69048078911627974729726e-01	 2.29518970996013565999405e-01
 2.33785244714740970961575e-02	-9.21471521830352857662660e-01	-3.41721670302456759227283e-01	 1.83221120766382083999702e-01
 3.24116317752078775260571e-01	-7.69798084039066798922590e-01	-4.63229465258608974487231e-01	 2.96273496777620382047758e-01
 5.97399966950036276358560e-01	-5.41645565244840865304354e-01	-4.51447396553225355209094e-01	 3.82006033046609905223789e-01
 7.85963118547945316372250e-01	-2.37500282011341740107113e-01	-4.28129978639508357307619e-01	 3.77571600781965610593716e-01
 5.49224006954692312021393e-01	-7.50243472497367225315656e-02	-8.22024020262082655285951e-01	 1.30387298524612033068237e-01
 4.37353485825369647788108e-01	 2.80234895354803448253023e-01	-8.47897234608419592127859e-01	 1.06116028031940312637005e-01
 1.78215445920724940842561e-01	 5.16353097267127858494007e-01	-8.18851207112136103560829e-01	 1.76355987675265862835161e-01
-1.43235911885945171873047e-01	 6.51532711271559983323698e-01	-7.35089794701773713292425e-01	 1.20961123567186606964086e-01
-3.46500261103189433065097e-01	 4.47675362165701806738127e-01	-7.34658354060725438117174e-01	 3.73900310208503505737809e-01
-5.83951877253395368327915e-01	 2.63903274672116161525537e-01	-7.58349846665358318098527e-01	 1.19418494096169308660293e-01
-6.49969523041671770613448e-01	-1.34493848518198899633092e-01	-7.16272150566781840019814e-01	 2.15418732124629974666874e-01
-3.49690261447809291883715e-01	-2.75237139756607851470704e-01	-8.73982833496345645762915e-01	 1.95231259538178408829978e-01
-2.50580507824637033209569e-01	-5.78136130504222411907733e-01	-7.65566617629701906544426e-01	 1.29906803805534848406111e-01
 7.20909598086872088068544e-03	-7.26901025191905580946639e-01	-6.29293975300705410447222e-01	 2.74867279173659828650500e-01
 4.17996204711266916564938e-01	-5.23080321229006273142659e-01	-7.29078942624945436357109e-01	 1.41809893205050274733736e-01
 6.96495716366413608611197e-01	-3.46228517991057360703167e-01	-6.23349374919924925642079e-01	 8.03435573016998832995839e-02
 2.13503355533343291972059e-01	 2.04366335926637471276379e-02	-9.71408710195122204744678e-01	 1.01802647020846626091384e-01
-3.87744939495902052328802e-02	 2.99216865899338713141731e-01	-8.95814229757467717085717e-01	 3.26316826940268978063386e-01
-3.71738430671973429930688e-01	 7.15361363192816707146093e-02	-8.65918384468377877460910e-01	 3.26922730628695368260139e-01
-4.55812737373455123535138e-01	 5.56522238428951588479210e-03	-8.89142474665245985399054e-01	-4.03662791707821572151360e-02
-4.84017649082154124973165e-02	-4.06414657306950366510989e-01	-8.37110315856764097830478e-01	 3.62947261411396826513709e-01
-1.53973634720388791868873e-02	-3.31195269566048056120167e-01	-9.43255001674380255671792e-01	 1.85099009032371614180690e-02
 2.54342220325205148334646e-01	-2.60659695893157572488263e-01	-8.90074833098124296171250e-01	 2.74104632179534124514220e-01
-1.29754670363245838693445e-01	-7.09680450305618347461856e-03	-9.86521693501077101551289e-01	 9.94399775570052879558602e-02
-1.44916360265264526629991e-01	 2.61216065161776374303759e-02	 9.77601540627514364878436e-01	-1.50373328629755664831436e-01
 2.51701427170275271461009e-01	-3.64424664623144711761427e-02	 9.57803970690578321267594e-01	-1.33902546383373427518748e-01
 1.41293540980240273086110e-01	 4.55388480694171760010391e-01	 7.64650640877638010373119e-01	-4.33551455231944493640128e-01
-2.40456180386304507745621e-01	 3.67644595933562801093331e-01	 8.49974681344258242710055e-01	-2.90794287200768442058774e-01
-4.77327895323303164065720e-01	 7.50611648658648655807468e-02	 8.74246888370814989599467e-01	-4.70773836268887010958473e-02
-3.29236062782540805926601e-01	-2.61809958505822004681818e-01	 8.89338115163789577621856e-01	-1.79267614218376697410307e-01
-7.97270825227210447327941e-04	-2.54588422351874343885214e-01	 9.65407113213967882359157e-01	 5.63312108824964019593295e-02
 4.53956239348568754699009e-02	-2.78405797656523013028362e-01	 9.11704508367415789038546e-01	-2.98704433481207509704092e-01
 5.08608482888293189638773e-01	-1.93998795824562725309548e-01	 7.90518550269296960131271e-01	-2.80646218632671973214343e-01
 6.58896245623350584885713e-01	 1.45893814639764585194825e-01	 6.68859849133800032916497e-01	-3.11764710270456490981417e-01
 3.69863659634731944958475e-01	 3.31924829445013724882330e-01	 8.67740638790096996402212e-01	 7.27768312420123356792923e-03
-7.05439320456600071906905e-02	 6.52707031413670146768879e-01	 7.32831220169329555780280e-01	-1.78760978795214270364866e-01
-2.91442032549146190500977e-01	 6.13060426937463542884643e-01	 7.26988840396983526659369e-01	 1.03468258539161417353114e-01
-5.09481223873653021883001e-01	 4.00825803993736851094098e-01	 7.56897448451531618118793e-01	-8.29084428785162308450651e-02
-7.04731295134836677185319e-01	 5.89770018587546587807147e-02	 6.90272226054753690327459e-01	 1.52969829857862060773499e-01
-6.63058615573699272616182e-01	-1.64940995259038075682057e-01	 7.10264113303889721429130e-01	-1.69329943450904601975893e-01
-5.04933393664394047917199e-01	-5.17011392825064808320690e-01	 6.79599876550214920811754e-01	-1.26037674703150776034377e-01
-2.14541436474081081975385e-01	-7.32479164025143791860728e-01	 6.22907921074181802900682e-01	-1.71557477737652702698412e-01
 4.64237167884077317481228e-02	-5.69450247114170138296174e-01	 8.14583861089600236304875e-01	-1.00121864912311356321517e-01
 6.07018792195964662639085e-01	-4.42889441219275481476103e-01	 6.56351232958908625825245e-01	-6.76770845319937391915133e-02
 7.88149975478471209733300e-01	-1.46406075139960234476888e-01	 5.85738114301970980157819e-01	-1.19564789003153801316692e-01
 8.64781254229178508730058e-01	 1.94231154217514190296612e-01	 4.42629030958193281364288e-01	-1.36041104149269093115393e-01
 5.90156973934148232352470e-01	 6.48676252775591821730927e-01	 4.59711145302193369133192e-01	-1.39998314585752237082517e-01
 2.85251014533053459665268e-01	 6.85060249980898761101855e-01	 6.58129675906304889565490e-01	-1.27238525201428281929950e-01
-1.99492661606992471856614e-01	 8.52170113166918263836180e-01	 4.82403742957059622487037e-01	-3.59917347603456866389493e-02
-4.18941746748772825270635e-01	 6.60952570152536056369286e-01	 5.81829903163510575581086e-01	-2.21593042816294633068352e-01
-7.05937559318074669967302e-01	 5.11011056989663203786733e-01	 4.50806974551555772467992e-01	-1.93113784267254756654708e-01
-9.06886199466397702195763e-01	 2.46719091571942300555875e-01	 3.29916202736401431572233e-01	-8.85573839005099477938998e-02
-8.83436052935906879213235e-01	-1.10600177250114659055491e-01	 4.55304349555866072485344e-01	 2.50807511421509941873520e-03
-7.22572156721260072664847e-01	-4.35407513485433605993080e-01	 5.29216115903513362184185e-01	 9.07748764781209221963465e-02
-5.00690369529914303114992e-01	-6.22588080329350535002675e-01	 4.71226037671547692831098e-01	-3.73683365313717097411228e-01
-1.02721077746309924494383e-01	-8.51681118461074859737892e-01	 3.72114653549248608488398e-01	-3.54426772771826270602702e-01
 1.66244158828339955169540e-01	-8.21732079795758463269806e-01	 5.25469800109687246170154e-01	-1.44916382312975516866160e-01
 4.77524457488110565250850e-01	-6.71596363047878619489950e-01	 4.98515755387686165800432e-01	-2.69092473458088954352263e-01
 8.21677714873546460871978e-01	-4.27940790828470196682787e-01	 3.76291478524736155986119e-01	-1.08229208145758006714976e-02
 9.54310757185773406163776e-01	-8.62733382031576206960821e-02	 2.86033319667713281653221e-01	 5.72973600327208228838449e-03
 8.47639686145560178331948e-01	 4.63429526976214312128377e-01	 2.32324172768739428684981e-01	-1.12984577465154667486047e-01
 6.61054020696395183698257e-01	 7.43692858519939270500743e-01	 9.40299883509331663189457e-02	-3.29677903156232673942405e-02
 4.04140890496989424462981e-01	 8.45689168803799184992442e-01	 2.46792696056348098698763e-01	-2.46116508120603122433678e-01
 9.35832091429418672090534e-02	 8.53718813935469666986933e-01	 2.10986653313987360114368e-01	-4.66787962379586973682422e-01
-2.01642721444675598885254e-01	 9.55048251312506035759498e-01	 1.51477949788634685956978e-01	-1.55812327115480653283441e-01
-5.46350682894968131542157e-01	 7.87777841625051156171367e-01	 2.65445500315072135943950e-01	-1.02204157974412762621697e-01
-7.82567931636921287896769e-01	 5.06973014077327532866946e-01	 1.30902856655360833038060e-01	-3.36794057979541816560953e-01
-9.34434698018037579458905e-01	 3.47243224646560100232762e-01	-1.99497612533610195473255e-02	-7.65241471885286794751835e-02
-9.93400102074631030646401e-01	-8.27652458337642914221188e-03	 7.30466725790411969265747e-02	-8.80449882961191476749008e-02
-9.15929694015474749058114e-01	-3.46040783700030274427917e-01	 1.84638861938855425304240e-01	-8.50709251090640272696675e-02
-7.10898427232754537286041e-01	-5.55209552667813133197683e-01	 1.71263833407836546518510e-01	-3.96275760236297791561100e-01
-4.05167309970193567636443e-01	-8.05721342971107312713741e-01	 1.80753246219242547088157e-01	-3.92403914855036228814811e-01
-1.82933246310417740865262e-02	-9.15186780715894432347568e-01	 4.01173486320140493255337e-02	-4.00610919740785720311038e-01
 1.50056679135252835077807e-01	-9.73048808059289838112704e-01	 1.48573818239877614155731e-01	-9.26543615536751796746273e-02
 4.86002516192678701845153e-01	-8.50963358572159433990123e-01	 1.54696547478512608231327e-01	-1.25426850475502116299964e-01
 7.18732770281741983886548e-01	-6.06916505003510686755419e-01	 2.17301095279651218517003e-01	-2.60491448742027897900186e-01
 9.30026626048295668169885e-01	-3.64714415635656485914495e-01	 3.12564530914415522611094e-02	 3.25100601184875256932649e-02
 9.66693253577566857792647e-01	-1.29434586363442072354246e-01	-1.01905050575472513885167e-01	-1.95872923110248675637735e-01
 9.88566534642304373114996e-01	 1.43150271498656361801594e-01	-7.91080980915271486653140e-03	 4.67078734618712673731800e-02
 8.93430075540635360020758e-01	 3.99431176209484095629421e-01	-1.05391553881710176021613e-01	-1.76437116168229574109105e-01
 4.61440949734999938947055e-01	 8.49309903061514659405873e-01	-1.33931413492917011920369e-01	-2.18648839349975560031325e-01
 1.63818923492913770534329e-01	 8.76283060227075027981414e-01	-1.44176641150394496682097e-01	-4.29539817492262110398826e-01
-1.22325162048295257855024e-01	 9.46622380057853152202085e-01	-2.36292555917036628532202e-01	-1.81957281584602448276655e-01
-5.05166027280309348768128e-01	 7.79235778834107772894413e-01	 7.05377553037931093182777e-02	-3.64174835681068620463208e-01
-7.27861047416066164750248e-01	 6.76650185136783322015219e-01	-6.49915548485371225018170e-02	-9.02159653670746158882210e-02
-8.26183472233443350063453e-01	 4.04087279571227531160815e-01	-2.63486621443381252571925e-01	-2.91048348247104793351525e-01
-9.22407247856060541479906e-01	 9.41241795506154721451253e-02	-3.31112884272650787043091e-01	-1.75127855566091894523595e-01
-9.40476305013916324959666e-01	-2.35932401013548231905048e-01	-1.95819038827998448404344e-01	-1.46612161473160973468310e-01
-7.92999553203086793295995e-01	-4.85308408539880331566962e-01	-1.57565479945303316133831e-01	-3.32867205879161021098156e-01
-6.00228141205157217363819e-01	-7.72443190266355883544236e-01	-4.88200336835542744728933e-02	-2.01678706430978599284387e-01
-2.88439396673389636394091e-01	-8.50926732294938426015563e-01	-1.75476793581477441552607e-01	-4.02410618183606849651568e-01
-1.39356912191397983719066e-02	-9.74056621673105360592615e-01	-1.93966400449660791860396e-01	-1.15743378996915863288208e-01
 3.04465040722333935008237e-01	-8.95408341698323950730298e-01	-1.20536312091045538785750e-01	-3.01688478504724189033226e-01
 6.17683332295691278623906e-01	-7.50891937897716132965797e-01	-1.84943288825894724958232e-01	-1.42914584709066261325461e-01
 8.24867801117413868006167e-01	-4.88018675513410271626924e-01	-1.28714228974007194317153e-01	-2.54683195930721806288233e-01
 8.71030575360445702415291e-01	-2.10707455831719209227160e-01	-4.26848363241843054005642e-01	-1.21278933215685960633756e-01
 9.18650444346677752527341e-01	 1.35824493495280002042236e-01	-3.52418349508616723930743e-01	-1.15906751304765520682594e-01
 7.59591644641763763523556e-01	 4.23855318447957596372788e-01	-4.84903217668155750441628e-01	-9.07528066170416591873504e-02
 5.12607270404067727476161e-01	 6.92721931041996197286892e-01	-4.70679965367672314968672e-01	-1.89289415403570887574958e-01
 2.10010040063490915906996e-01	 7.97963736318237470968029e-01	-4.74269125508357480835997e-01	-3.06950248709961293069881e-01
-1.05517064942611857314425e-01	 7.93294381437585016669800e-01	-5.76667837761671964180721e-01	-1.64330089383332295094320e-01
-3.51676750115665015528066e-01	 8.31472791687548951067299e-01	-4.29529084910611647085688e-01	 2.19368486171219630176399e-02
-6.27870400549499718678703e-01	 6.39512677696290721129913e-01	-4.10497426346796256968474e-01	-1.68208674396380430948739e-01
-7.31392137462187563734517e-01	 3.52220792240563906894124e-01	-5.67543314379919117129702e-01	-1.37479602394604466519823e-01
-7.61676014600211392924223e-01	-2.50020732282682400793306e-01	-5.11174266686891809463589e-01	-3.09903454786629006800780e-01
-7.44883314690848563621728e-01	-5.11685165503750649662607e-01	-4.22940691744209451563563e-01	-6.66956532729336831755163e-02
-4.58911603755683739080951e-01	-6.66968070997419837375730e-01	-5.81586035204502693751749e-01	-7.94444199643623838458240e-02
-1.02075106188991848732428e-01	-8.24403205249985893132703e-01	-5.50967821005403757261831e-01	-7.98403913230211620399857e-02
 2.53886642741947998747065e-01	-8.26401915798235742194322e-01	-4.98396404309386864550646e-01	-6.48264635291996849097984e-02
 5.63548655230503459101499e-01	-6.69607348349900544093316e-01	-4.83771698234090441470556e-01	 1.96372386299171986998036e-03
 6.91753336254528061743940e-01	-4.63893469362532617772388e-01	-4.69976852571554304383028e-01	-2.92236084203266577308256e-01
 6.97871158090799359463574e-01	 1.36296387036255017832787e-01	-6.96163454903312550747785e-01	-9.87703682434835500414394e-02
 4.98491981168540876367956e-01	 4.05868498720256654088701e-01	-7.38717623381278221117441e-01	-2.02664203457700670130137e-01
 1.99874508407197559733959e-01	 5.95857404670086854281408e-01	-7.59650937594874897662578e-01	-1.67136432892523639770488e-01
-1.54036686988904408801559e-01	 5.07674941741378171755628e-01	-8.21201703796810011937168e-01	-2.10158545556889120309307e-01
-4.59914551485755718207571e-01	 5.80031772929037847674749e-01	-6.72232637564654900153016e-01	-1.20427869415840708977594e-02
-4.84787669563947309914198e-01	 3.12241705129145508124111e-01	-7.64749241123619083460028e-01	-2.87479792711852699671482e-01
-7.36379725583227062735148e-01	 9.22181999714772292209286e-03	-6.65549028371876572052201e-01	-1.21261488606905554199500e-01
-5.68206345570120840982042e-01	-3.38361314979452931783754e-01	-7.46229047069834727778925e-01	-7.61273846159869066463344e-02
-1.89766881605840320723644e-01	-5.53323160421359538929664e-01	-7.84127987505301549120418e-01	-2.07280751633621362906013e-01
 1.25423117757675006700424e-01	-6.07484935364927203238494e-01	-7.84352640694480629512952e-01	 4.69359906784669322910020e-03
 4.29340384306514000201105e-01	-5.20019336822802324959980e-01	-7.04256030824749967855780e-01	-2.21968841914527925673895e-01
 6.31924761890976682821019e-01	-2.00204635070162062504551e-01	-7.15268978464417726215174e-01	-2.21313099142196934021598e-01
 4.01586303681632061923779e-01	 7.85350215877617385817899e-02	-8.87146636466791926878273e-01	-2.13381199933807330637592e-01
 8.37359008963681761272824e-02	 3.00399744160553872074360e-01	-9.48921569958830035673714e-01	-4.79181247151491337965545e-02
-2.73123701471771451743109e-01	 3.38039102288221982028915e-01	-8.98730664748593310875435e-01	 5.84482784954657164089298e-02
-1.98751355326536732759379e-01	 1.45482271769988402709828e-01	-9.34631850315046919241979e-01	-2.56507527634531107274540e-01
-2.68219430917024770355539e-01	-2.42180036466473208589534e-01	-9.05581849809983907562128e-01	-2.22100608081952505257206e-01
 9.30154817608083855917656e-02	-3.67010358116858614874189e-01	-8.48577168995039987642315e-01	-3.69551492282338744921333e-01
 3.34933716595349872946485e-01	-2.80412030761568786818572e-01	-8.95128706970511833773685e-01	-8.90679316538706689065918e-02
 6.97767011146069315863372e-02	-6.29832118405135588101729e-02	-9.67127115873698595116537e-01	-2.36282603569618110395112e-01
 4.46779169420236880322372e-03	 8.36417448739171370819534e-02	 8.94401837124712884019573e-01	-4.39351170591091411132822e-01
 3.51126526681837969334765e-01	 1.44783623910502035059267e-01	 8.38402259295247698211995e-01	-3.90934158287958855027000e-01
-1.58361060805693593112053e-01	 2.67921126977626045118086e-01	 7.23788719229878863004046e-01	-6.15848953928725850737180e-01
-4.00535561271175732933614e-01	 4.44985050924603040001237e-02	 8.27828289836460506911919e-01	-3.90245396831483237765070e-01
-1.72936420179519240170052e-01	-1.76353425031427923919125e-01	 7.90406060355456019372866e-01	-5.60580702315504608712615e-01
-1.87190957166739418982004e-01	-4.88987876991667902437655e-01	 7.61355659874924595165169e-01	-3.82345342441358204688129e-01
 2.26470453328522031144487e-01	-1.80456567686821001128550e-01	 7.85167821839607982248310e-01	-5.47410314568068101515053e-01
 7.01585688863700651651811e-01	 3.90818388250222026325531e-01	 4.36843312751750312283860e-01	-4.05223924134819724063306e-01
 4.63311787298246235966559e-01	 4.45350740790243337929866e-01	 7.14201688259391009871990e-01	-2.77346090499797415240835e-01
 1.11705494749907444096415e-01	 4.70607098959844649677109e-01	 5.36069374541054188831879e-01	-6.91867376402761635745264e-01
-2.18218083668594575730282e-01	 5.70123078178798370352354e-01	 6.11397113089316435186049e-01	-5.03521711343203004496161e-01
-5.18751648024398770431276e-01	 3.42084138655231295711445e-01	 6.45429872346285571360625e-01	-4.44179524106567136243484e-01
-7.38912244134242390813938e-01	 1.76972049901075484390489e-01	 6.22879354296614007324706e-01	-1.86308612289776687198639e-01
-6.42223183304006184357604e-01	-8.91864148743112816752898e-03	 5.88403803139494030460810e-01	-4.91172887191330176381854e-01
-4.87806830744032693392143e-01	-3.22047564174336997666614e-01	 6.70820706772973451847975e-01	-4.56431201446008960598277e-01
-2.14934847384236904499488e-01	-6.05094076500343414082295e-01	 4.97569393528572823104383e-01	-5.83171388690940095678172e-01
 1.09748022024708291599637e-01	-6.50890781156245767924418e-01	 6.17388174378970533417998e-01	-4.27935047413130653648494e-01
 3.21940506369590151436455e-01	-4.73767892414143465540377e-01	 7.65803063742171774563872e-01	-2.92307991746814654909770e-01
 5.41255523990331943728904e-01	-6.98287550172330129250042e-02	 6.20838327006978385469438e-01	-5.62784305433147724606613e-01
 9.45243788443554500133814e-01	 1.14085996151925272990013e-01	 1.34439046672631484780069e-01	-2.74635592414118778759047e-01
 6.67070671584592878033959e-01	 6.25481473942020804734909e-01	 1.56010494132058780136774e-01	-3.73430543190655772622932e-01
 4.11044540186099316425583e-01	 6.36951675837155617543317e-01	 4.52483524294635230944550e-01	-4.69673938890953657221417e-01
 8.55597835600741679629166e-02	 7.29951723005830221957524e-01	 5.30291916625639125904002e-01	-4.22658832487242897002488e-01
-2.42148306507726535086178e-01	 8.11706353926217594185744e-01	 3.56435070474033943721537e-01	-3.94272790320885302417508e-01
-5.28060616993243581163142e-01	 5.95363316365117856143740e-01	 3.46568245458239665435229e-01	-4.96573214689879138816764e-01
-7.48889686318162883793548e-01	 2.71409812633754909949602e-01	 3.66054068957239187032116e-01	-4.81150049290491377274037e-01
-8.69851423843345239461655e-01	-3.05681727713140172220108e-02	 3.60960691203480288358207e-01	-3.34860368895803395261623e-01
-7.59806990718671859674771e-01	-3.69021466502291339839559e-01	 4.59263419089421809360374e-01	-2.74942914078228850538466e-01
-4.64865808543783121109527e-01	-5.33732321374162044236300e-01	 2.59983647588491850743964e-01	-6.56839472134604696051952e-01
-1.58861947930922675631393e-01	-7.23832268279126500587495e-01	 1.64707107006685310457428e-01	-6.50923419304433981125158e-01
 2.73749163966297948125117e-01	-8.34547237874284086878163e-01	 2.84073682985107045517736e-01	-3.84570468990317493318543e-01
 4.90226858118978148226574e-01	-5.96567062707767603590980e-01	 2.88080680926939003416720e-01	-5.66387578030885907587333e-01
 6.85675659160783546042239e-01	-3.74998553816115576253765e-01	 4.92836439167232631675120e-01	-3.82540480602000465548684e-01
 8.07106230418407899485089e-01	-2.55943043069639594722098e-02	 4.01329030805531061787406e-01	-4.32272452788196204220839e-01
 8.59124352950913716675529e-01	 1.75959856297656841439547e-01	-1.98527970599882919167101e-01	-4.37641542849709186402407e-01
 7.95714313830481412281870e-01	 3.16590862706476072752082e-01	 1.22101895363511153691505e-01	-5.01697203066444941121915e-01
 6.94370537921868424824368e-01	 6.07907645665443197025013e-01	-1.94043599949231204693234e-01	-3.32633329247590425747916e-01
 4.09353770859894439126947e-01	 7.30087290281666301261509e-01	 4.08444414377658673864779e-02	-5.45649860675869513571001e-01
-1.91217353365267572762320e-01	 8.59653776810413217113194e-01	-1.17274179229491966325316e-02	-4.73596637927715058413725e-01
-3.69440433274652590966980e-01	 6.24734406230362471212914e-01	 5.75219801045876860667860e-02	-6.85501210603366439855222e-01
-6.30843812382802182625596e-01	 3.70613272412795347054981e-01	 1.09080967606965520411144e-01	-6.72891692024607634969868e-01
-9.08367636910746290013208e-01	 1.67437845483654118572403e-01	 4.38656096647018142742347e-02	-3.80668638584429064319892e-01
-8.79892510498377466987563e-01	-2.34236356092626413216706e-01	 9.15791564149385645121626e-02	-4.03157236774486504859993e-01
-6.65229193007752184207959e-01	-3.26712212317728067922928e-01	-2.32719861921921872260910e-02	-6.70960256461871962230248e-01
-5.04926738913721862012096e-01	-6.39710266672474103799573e-01	-8.78901737380842484892440e-02	-5.72795845309718831828150e-01
-8.68182714279567696591400e-02	-7.22643142744128663679248e-01	-1.94182977144917667811086e-01	-6.57679593250609206833701e-01
 2.27323539649719325028698e-01	-7.57971326687395308141504e-01	 2.72353433776633645224674e-02	-6.10787780093849819174068e-01
 5.48455866056364094163200e-01	-7.03353407162699784116455e-01	-2.86977192639093839354736e-02	-4.51294347992565680893762e-01
 7.34438073476572195197321e-01	-4.02979477911144134960608e-01	 5.55681326397863689647849e-02	-5.43249886558119676749357e-01
 8.90485581487013733159586e-01	-2.73462209594334981765940e-01	 2.04899443680881532259264e-01	-3.00449774615965337076773e-01
 7.60858553840534024281794e-01	 2.96718717298726161746281e-02	-5.29451572560493466390596e-01	-3.74025230952348630708570e-01
 6.76189941786609294283039e-01	 3.80722802005265315017368e-01	-4.62870430209599059701020e-01	-4.28448684789044853538087e-01
 4.06107544856373958719331e-01	 6.71215788162509596759264e-01	-3.02142730696521477629091e-01	-5.41530976047869705425342e-01
-8.48454417868506477473645e-02	 7.84015286897365215601496e-01	-3.73033381646107775608812e-01	-4.88842896130142812172181e-01
-4.14175502499164016612099e-01	 8.04505142395049999137768e-01	-2.80532676804455427532758e-01	-3.20205475022542873642095e-01
-6.29088071353691713483158e-01	 5.82479618644884622469249e-01	-1.51711718049782590123087e-01	-4.91883367222541556529336e-01
-7.52666576151984956233321e-01	 2.44523296915455129463268e-01	-1.94988972367899804361002e-01	-5.79379567351278601528008e-01
-8.49019489181209618955393e-01	-9.48240831739348422058100e-02	-2.29828585964173215394624e-01	-4.66211455580415101707104e-01
-6.39545090705014529497419e-01	-3.75510496489973366607273e-01	-3.45833508622728269532587e-01	-5.74780939397490753250963e-01
-5.60442189700460002832472e-01	-6.62157762072871025615939e-01	-3.63884409158110988524726e-01	-3.39175156669902888584289e-01
-2.39839321325520715699753e-01	-7.21184533921862547245496e-01	-5.13959898696185080169130e-01	-3.97762731424434190508066e-01
 6.95289446863635862694508e-02	-8.43407783131409960475366e-01	-3.55510148764331790349758e-01	-3.96789076626012704451796e-01
 4.26434892273450993904760e-01	-7.22994877310574324269510e-01	-4.07503524224437252421183e-01	-3.59683983211737445806477e-01
 5.96562167826526823510846e-01	-4.88174078039099568204762e-01	-2.81027175959084718481762e-01	-5.71684682164260715708792e-01
 8.22384848183923655717820e-01	-2.02208472420603357910807e-01	-2.56329871076159787612880e-01	-4.65929063649082264575441e-01
 4.90678514171340451888170e-01	 1.64445417974272284356019e-01	-6.92804622247657597711168e-01	-5.02209175175198585527880e-01
 3.67439823274033627864554e-01	 5.19283490631951893945484e-01	-6.07534688880698392488000e-01	-4.75640867079433760089557e-01
 2.32394934023940659406637e-03	 5.83994242904963045681654e-01	-6.51883200242411087188543e-01	-4.83728866985458916261109e-01
-3.51985190720330021196816e-01	 6.16693680792110843214004e-01	-5.94896088355859387064584e-01	-3.76688164990020168954032e-01
-5.72168958396159554880001e-01	 4.26401908236285154263356e-01	-4.86639145306487330699952e-01	-5.03970671721758245453771e-01
-7.23475932217561457093780e-01	 1.08536171738219860971597e-01	-5.19153211063233310795795e-01	-4.41907703450704791858783e-01
-5.11351081764195303236420e-01	-4.41193180018000716269277e-02	-7.73425510199761245822003e-01	-3.72003410105179621591986e-01
-4.92518264025858576449224e-01	-4.41658929663410582122651e-01	-6.47697473196937378858706e-01	-3.77956522187179788652145e-01
 2.09234963669589976720253e-02	-5.75829647587149273668672e-01	-5.20124068710334230836168e-01	-6.30439035440897299622520e-01
 1.20459436795472357717429e-01	-6.65773103329783233483852e-01	-6.57986668023238130409425e-01	-3.30589237080133269142124e-01
 3.57887904245557331162075e-01	-4.71733281123324077466208e-01	-5.91305846031789483774332e-01	-5.47486397935122548474851e-01
 5.86566936837941144133879e-01	-2.07563739279294584560986e-01	-5.21666929776795074147344e-01	-5.83712375337549604914500e-01
 1.64873616655133670150235e-01	 3.13979052176489137337967e-01	-8.57276451252995674856550e-01	-3.73243796267908101160771e-01
-1.96012088296557751565530e-01	 3.01935787451621084898079e-01	-7.73191560166316405044995e-01	-5.22100424042319044559690e-01
-4.32861707232612968887508e-01	 1.62295837210672172501447e-01	-5.92260261870561910413358e-01	-6.59938319727509048462366e-01
-2.02873568161717754421147e-01	-7.18804532623421865711322e-02	-8.13874948287660715529057e-01	-5.39706479792387283644928e-01
 1.09987127414809524039718e-01	-2.59217249857437492810419e-01	-6.52664782409742239011052e-01	-7.03376094974395127401579e-01
 3.84106935308870578449358e-01	-1.83227349127802585648794e-01	-7.83659855185839249180901e-01	-4.52511692831616463283950e-01
 1.26431131513917327513497e-01	 2.42697670732812953442448e-02	-8.28058853936110672577797e-01	-5.45659859077369135960112e-01
 1.67348792369308357885771e-01	 1.38590707598349849316577e-01	 6.88104194151212489316549e-01	-6.92314679500177332371891e-01
 4.42441135080012648561620e-01	 3.13695652447470885171299e-01	 5.80614965137276062279170e-01	-6.07229068707440311492007e-01
-7.19099644240191876454205e-02	 2.47618765088538111962535e-01	 4.39171012016954742662733e-01	-8.60606022751739474507815e-01
-3.58887195136225078950787e-01	 4.17052468664599329528642e-02	 6.09621034342497036817576e-01	-7.05565622772428624465135e-01
-3.62972675357621302194566e-02	-9.62595797549961745831482e-02	 5.64026875175081765512175e-01	-8.19323065557818752679964e-01
 3.83499109462658582803130e-02	-3.95372714833549354640496e-01	 6.17520334861695774364421e-01	-6.78880207936467638951683e-01
 3.23224462526625011538073e-01	-8.76172909901437590995954e-02	 5.00094443636415086906766e-01	-7.98595457405003816830913e-01
 6.24033344597974104495108e-01	 1.23512247387475765370013e-01	 3.44799399972330888886063e-01	-6.90246682972023850588528e-01
 5.19301952950839362799229e-01	 4.49439827321368057244655e-01	 2.23525727552543573839472e-01	-6.91639770690559041455003e-01
 2.18727673913830855667584e-01	 6.17404180118671153110199e-01	 2.50915314445544046506598e-01	-7.12749456690729532581940e-01
-1.43987257477165897512350e-01	 6.29792982065468853747348e-01	 3.11506056103211137475739e-01	-6.96844635795032418812411e-01
-3.88635133568257129521584e-01	 3.76440128593054645911309e-01	 4.41565142305968549862882e-01	-7.15734439328957527948205e-01
-5.67092941244241699472184e-01	 7.95050978932932556064728e-02	 3.38968113792917080662193e-01	-7.46448359387040905055244e-01
-6.74549478055031515033590e-01	-2.57682575733701013653842e-01	 3.55365524222017892252978e-01	-5.93546995623211226522642e-01
-3.50634515636197519050654e-01	-2.92477049992694748681288e-01	 5.09023488106754462556580e-01	-7.29662730463721098672636e-01
 1.32902683215353256684921e-01	-6.47077863541503983668690e-01	 3.55685952156568452320329e-01	-6.61146442739577566705123e-01
 3.89525191006506732449566e-01	-4.22943480004372152070147e-01	 5.72863086053391201701857e-01	-5.84137674637170256630725e-01
 6.15792266523111697651416e-01	-2.60883170323207791430065e-01	 3.17868128530086890837225e-01	-6.72086087340915794285934e-01
 8.04686727867886864018487e-01	-4.44325127334542976931253e-02	 5.89864155446050697495508e-02	-5.89088808743354119812352e-01
 5.84726600497205262207956e-01	 1.83947596614609909515536e-01	-8.62548908996882239541559e-03	-7.90052963609813363454748e-01
 6.31211577652572852770163e-01	 4.43005093246061021350357e-01	-1.43418273765550691178916e-01	-6.20281895871150013022088e-01
 1.67136873178772363268685e-02	 6.99461140650712631661179e-01	-4.59547367713976709358015e-02	-7.12995741603072885617109e-01
-3.25335509928396160450603e-01	 3.33347707196801734674807e-01	 1.39618439077272560311371e-01	-8.73809363394494553745062e-01
-4.76286624554775384066119e-01	 5.86787320854810917625244e-02	-2.31152124932222126363346e-02	-8.77025395654226325170555e-01
-7.50938633480260242514248e-01	 4.80498791572371835439936e-03	 8.06570310641979704158189e-02	-6.55410195356952218759261e-01
-4.01844535012496395509629e-01	-2.46156323209297117626804e-01	-2.29738083635330936349561e-01	-8.51556485003923002707893e-01
-2.88477079469472041939326e-01	-5.06713758988487139589552e-01	-3.11085484864172638619362e-02	-8.11821654850121365853965e-01
 8.17523174439439281879771e-02	-5.26698289831884047806909e-01	 3.30075570067750040381682e-02	-8.45467900786988857397830e-01
 4.35916356323976850184465e-01	-4.67970388391287406282260e-01	 1.14723706260189822758733e-02	-7.68667047941014924816727e-01
 6.04701170494453377202149e-01	-1.93491683043326284652252e-01	-1.44071619662824085272845e-01	-7.59039413603423751553123e-01
 6.53296734421048741481286e-01	 9.24058836604529920677464e-02	-3.47770248268815806991228e-01	-6.66123399888317035966168e-01
 4.24193778761416895317637e-01	 3.45482802968887670047593e-01	-4.03346231470717686562466e-01	-7.33493754895868876886311e-01
 1.14610794667706336613655e-01	 5.86506992107996505403378e-01	-3.70302098071563889902791e-01	-7.11161212467233294631797e-01
-3.32561025027019618871549e-01	 6.34442381152559797818924e-01	-2.92045726206075328956757e-01	-6.33715490922554525177190e-01
-4.78431844936217209873774e-01	 3.42555669310968591290134e-01	-2.33843770089523311783708e-01	-7.73999789640901769693926e-01
-6.15069191785810764905307e-01	-1.66319122507794375787071e-02	-3.12296301739421966470189e-01	-7.23798513904741258606634e-01
-4.90057052138785198547311e-01	-1.82419742226036463161876e-01	-5.84266408218978683386524e-01	-6.20644735353587218007476e-01
-3.38797644388871665999119e-01	-5.33935511524358141777213e-01	-3.95140476326030887221918e-01	-6.66328019565897711196101e-01
-1.35826681204929619606325e-02	-4.22023982280690990176453e-01	-2.93786984706929210631188e-01	-8.57554941169069495643384e-01
 2.75890854585580602709172e-01	-6.35957345122832196082641e-01	-2.78569945953359876522626e-01	-6.64711423665863554433031e-01
 3.33560401057930167034726e-01	-3.19476485007725963249925e-01	-3.65936334853600164773724e-01	-8.07937394361156524524858e-01
 1.58448738474453787450358e-01	 3.15565059591963903429246e-01	-6.41100731793660671975488e-01	-6.81397492022246420440013e-01
-1.98751980129273420061509e-01	 4.18207365105513317882213e-01	-5.06691604080942936683130e-01	-7.27230272004733002688681e-01
-2.77934198473657356753819e-01	 9.50954711498898652699552e-02	-3.40472148885913983296092e-01	-8.93189872601897749682109e-01
-1.93592849834308522449788e-01	-4.03577806082886514360553e-01	-7.16845385021375292033952e-01	-5.34583442414662823871652e-01
 4.58425756357297292664654e-02	-8.20355772732859894746937e-02	-3.39204380360447532716250e-01	-9.36006950115652824884194e-01
 3.27628151748185270086822e-01	 3.58347301617583248022764e-04	-5.72137300609276144847115e-01	-7.51876702006925135002291e-01
-7.21498531444258323075402e-02	 8.04416115396978520513116e-02	-6.14576345611049457140496e-01	-7.81421436383403777981016e-01
 9.14327688291414059085227e-02	-5.54624049150558365295360e-02	 2.52040768354922339877788e-01	-9.61789697133596632738772e-01
 2.98362708528072784197605e-01	 2.41929585889441606250116e-01	 3.45834698854607158757801e-01	-8.56065494398237536444185e-01
 2.60248582610025265549059e-02	 4.12620372762963261159541e-01	 1.46386864380107534211461e-01	-8.98686831254585594130901e-01
-2.53844955402248106945962e-01	-1.04003290595270042433185e-04	 2.92091637211519039585284e-01	-9.22087416285050753828045e-01
-4.50376918118405522584169e-01	-2.38545797348531651849157e-01	 1.71488740509545128931634e-01	-8.43118109206515753406563e-01
-1.09404415517957848136277e-01	-3.88284493932513741221157e-01	 3.07081597473912004669927e-01	-8.61955171763367444803805e-01
 2.60774439081600972745179e-01	-3.69948787819106783558709e-01	 3.15978277179988831235846e-01	-8.33841900280392511746186e-01
 4.58766298379026271625492e-01	-8.75292048820040663459352e-02	 1.57638583252970310155661e-01	-8.70070226380794564668975e-01
 3.12367289038349704721753e-01	 4.82552058087138024955465e-01	-8.39677026229878747942692e-02	-8.13953077818934778164817e-01
-1.47468829527763467535095e-01	 4.49039459077817948440270e-01	-1.65640379740577464717788e-01	-8.65551716021757622243626e-01
-1.00951446323614607569752e-01	 1.23223303851173943135322e-01	-4.13851804207700860183117e-02	-9.86363061815836772439070e-01
-2.09182544671000780756032e-01	-2.28805228965649448680253e-01	-5.17685485106804899047006e-01	-7.97428723280440787668510e-01
-1.37922249668349233830966e-01	-2.12356055378725705473641e-01	-1.40814397887487341431978e-02	-9.67307640745117325309366e-01
 2.22024176850417587214537e-01	-2.23870629558265338276968e-01	-5.12656860915802828349008e-02	-9.47607004799268182182459e-01
 3.80986006297133583675674e-01	 3.52384004811359535791482e-02	-2.60586111249520413490899e-01	-8.86398779760635857627449e-01
 9.93811529365161983040622e-02	 2.69136274940404762734403e-01	-3.34736958087183511523222e-01	-8.97574632463925548009342e-01
 2.44584291395371827837479e-01	 1.77099026747020465988314e-01	 1.11981235433435272197400e-02	-9.53251835118606005714526e-01
