 9.89658203092372429354739e-02	-1.52055424266861333171263e-01	-4.34585221480506614377681e-02	-1.25967989546136888145966e-01	 9.74334817618644044578957e-01
 1.68351370259881942537117e-02	-1.99609841244677038707422e-01	 5.71383751118941310420674e-02	 6.74497648981914554866535e-01	 7.08280041401022075753247e-01
-1.67734073256919136163390e-01	-2.66440605749355685638591e-01	 4.34325174553534698596025e-01	 3.94499295160273988347654e-01	 7.46060743601784648326714e-01
 8.96907860240152149389203e-02	 6.68807070812896115041823e-02	 1.26393837722985319382829e-01	 3.15339689774349118955854e-01	 9.33845817981412862351931e-01
-4.41132120399555460732444e-01	 4.15705396588108844202480e-02	 1.64704001286855805652465e-01	 5.98760589913933660710654e-01	 6.46554476057729310412014e-01
 4.80883537208502576110192e-01	-3.83465389708491199982632e-01	 1.12422281275709759484904e-01	 4.84091137624067524569682e-01	 6.12145668680384447135623e-01
 5.27125062124172205635375e-01	 4.29289059531127503710479e-01	-1.24568558251603039854771e-01	 5.29675824779655801677336e-01	 4.91707501657821122176273e-01
-3.19876048563865700291586e-01	 3.89043748066585259870465e-01	-9.01479074780585087900420e-02	 3.32299454811460892589281e-01	 7.92322347756772571436557e-01
-3.10862228739326285076316e-01	-5.48368681153607817613249e-01	-5.59303593380546873459203e-02	 4.14214054671536213714234e-01	 6.54182677919519339759802e-01
 1.39369062766949436404929e-01	-2.85858526352854303009821e-01	-2.91570404288286288974064e-01	 3.46121487352220591482421e-01	 8.33095302226035117065805e-01
 1.83834618969889035389187e-01	 1.71255270994326025402188e-01	-3.88308488117437122788544e-01	 5.10035822015997286626998e-01	 7.25228545591851347928980e-01
 1.00326172196536958503010e-01	 1.33828793345674212922347e-01	 6.00893182389806601584326e-01	 1.03538816564492083815985e-01	 7.74746158471216195273712e-01
 4.74178524569726977944129e-01	 2.46391656834634958928021e-01	 2.13934873477332782032434e-01	-7.86679590768596254113376e-02	 8.13934334208896270723699e-01
-4.83654035582727556685789e-02	 6.93671839116867139374278e-01	 2.24246615898364698438172e-01	 4.15881186227499005658714e-02	 6.81515994678349334989775e-01
-2.76866619619564435783587e-01	-1.64983264436811244424419e-01	 3.87791369900366333922648e-01	-9.89247250576229253393734e-02	 8.57879449339637445426376e-01
-5.14292195711384847456316e-01	-5.22853836862871679258546e-01	 2.50140644280738899674077e-01	 2.43403155718003999519183e-02	 6.31636453844154233117081e-01
 8.53867878275323954895271e-02	-5.05313773320718584436406e-01	 1.34854156829488619484536e-01	 1.73149369531249319731359e-01	 8.30181148408955293938050e-01
 1.53601104653974335212396e-01	-5.45282561963664619275605e-02	 3.96574952400580604816582e-01	-3.70674041456233616109728e-01	 8.23870397601614290472583e-01
 1.82253568634361567957214e-01	 4.62753498935403073666350e-01	-1.32794087739125543645713e-01	 1.59575200340342310267872e-01	 8.42344538559463229532298e-01
-9.47071101454637770400424e-02	 1.38554775560463777628328e-01	-4.35637752134855338326247e-01	 1.10140557012712470008609e-01	 8.77451961119869228156176e-01
-3.49359975542109069124308e-01	-1.37657417837082990397235e-01	-2.12114682087556558065522e-02	 1.88542850567119224525214e-01	 9.07193314525684746385537e-01
-3.14837767663677270402189e-01	-3.33710819539750902507080e-01	-4.55730100580758079598098e-01	 8.12876037254995492675747e-02	 7.58430398836886565661075e-01
 1.04827179728929534285875e-01	-5.82502726059478059816854e-01	-3.15131010274480982680245e-01	-1.16593545097655432174477e-01	 7.32666519044170128083238e-01
 4.12812713188251467766321e-01	 2.13965036823573311053348e-02	-3.80902319227282959435144e-01	-3.17210134349656600050160e-02	 8.26459348046993058645171e-01
 1.47302599071896550553262e-01	-2.66333966720500192604248e-01	-7.08812390303910078159788e-01	 1.99033166340666992089048e-02	 6.36047966600168712680841e-01
-2.65660294774511196447264e-01	-2.42755408690081359024404e-01	 3.76690481136123078709232e-01	-5.54333952806662311196817e-01	 6.49085949254186833634606e-01
 1.97273132303580928104125e-01	 4.85986300912552016129098e-01	 4.78289021308772877016935e-01	-2.45157975303271213896039e-01	 6.60331587792955310156628e-01
-5.21789033193923112996515e-01	 1.79561651475479394646229e-01	 1.82681232189957354350440e-01	-4.10416941282307434768484e-01	 7.02623170605683577960576e-01
 1.02959584761504144290178e-01	-5.57093156775497089228111e-01	 3.05140633634166602572435e-01	-2.95864986385197314966433e-01	 7.05974250320984819673242e-01
 2.19764811678746924128447e-01	 3.60982003294465336740160e-01	-1.93017560182439262828069e-01	-3.46726745271586422880716e-01	 8.14812988617578892736049e-01
-1.21875407836479932033313e-01	 2.69414640767015767242043e-01	 1.58213388094748136358803e-01	-1.18162493973919299761199e-01	 9.34648749611593721020597e-01
-2.93014769522303153426179e-01	-4.44985713637023716504615e-01	-3.03885913620213048147445e-02	-2.80452407991737096004670e-01	 7.97842741313981584916348e-01
 4.95958188283401157914199e-01	-1.67325372134682903713099e-01	 1.03125883690916644863655e-02	-3.61936612728869344657312e-01	 7.71312669545962115158488e-01
 4.11936304709866474293989e-02	-7.96433621448102840867378e-02	-4.61347440500605276980650e-01	-3.67666424259585178369036e-01	 8.02458696314397035287413e-01
-7.48918589223872693816375e-02	 8.68351786921931212415160e-02	-2.62601206514261097460516e-03	-5.98095832922226344763317e-01	 7.93174217880502241406759e-01
-1.89009090337921681346245e-01	-2.48969041211142307068460e-02	 2.25474447769954365605738e-02	 9.34248135501607568365046e-01	 3.00545740246994264044389e-01
-1.11424529590066934137127e-01	 3.66260147505436317247329e-03	 5.35228863259032516808134e-01	 7.01225730579847605916655e-01	 4.57584635082156188090607e-01
 2.33708283195117383357342e-01	 1.73287113532738790144805e-01	 2.54600992160112116202697e-01	 8.75969389480543925152745e-01	 2.88457931306546622174380e-01
-2.48160429950761485251576e-01	 3.25711721999755565715162e-01	 4.41121079269416072055066e-01	 3.39774250620460849248161e-01	 7.22699057144879142278171e-01
-5.36319500146865690837217e-01	-4.27134736320225402717021e-02	 4.44188370929267384301653e-01	 6.93928027567294658517483e-01	 1.78038020153758608232764e-01
-2.67261606416752783843549e-01	-4.36774511114747465700958e-01	 2.95936889940676184362900e-01	 7.32484287171112691261499e-01	 3.37175601720642759140389e-01
 2.35221747111304446686830e-01	-3.50892710399357765638229e-01	 2.28386932041909823665193e-01	 8.30247395881484218094215e-01	 2.82972978178122447356913e-01
 2.52662256858228573275227e-01	 4.12164641889500749094566e-01	-2.19918148835551163777779e-01	 8.24250213448482149658503e-01	 1.96289799475882681401018e-01
 2.14805834202324678894325e-02	 3.25091997721126346743148e-01	 7.01812136668555491825217e-02	 6.87811149141060007572435e-01	 6.44859828117022138016523e-01
-4.25470433492037003464503e-01	 3.79877444711513578834428e-01	-1.23094229579662928220074e-01	 7.18450496150450423904488e-01	 3.78608943963174293667606e-01
-5.53533728696580573647168e-01	-2.91131552024340656270596e-01	-1.25855870283379134288992e-01	 6.97451998956835295118140e-01	 3.26441173379656279784911e-01
-1.60352427754911278090511e-02	-4.00004678515609779498874e-01	-2.69524762149120744592068e-01	 7.57416153293886673658619e-01	 4.39791202131996072921538e-01
 4.33357135419163708167645e-01	-2.68054952529082173018349e-02	-1.13962145702532630098247e-01	 7.53532980400089869021940e-01	 4.80295466772043877501375e-01
-7.00342898660572116265044e-02	 1.35403011645001597473836e-01	-3.95321941501763030046845e-01	 8.09658849107401268341278e-01	 4.06121082079933359842983e-01
 6.56903311819544005745186e-02	-5.97847240317892353322904e-02	 8.39773664032298583492775e-01	 3.55966316426151008212031e-01	 4.00223365046836754288506e-01
 3.32418977030135509576070e-01	 1.55449114072097865218991e-02	 4.21673283687861666368946e-01	 5.42643367452873337519748e-01	 6.45744374364099593677224e-01
 7.98877357662789999714903e-02	 4.54207699928331432026596e-01	 6.23648780838705674156586e-01	 4.98258631090996995105513e-01	 3.87445286074916517282674e-01
-4.66301765584726246594016e-01	-3.80393354606319150645888e-02	 6.55982397333083722124059e-01	 1.53333691971706209677961e-01	 5.72094000725184126388001e-01
-3.53098926905701271383720e-01	-3.93522148719999576016448e-01	 6.98060477018948244420926e-01	 3.60340507193152803644409e-01	 3.21446349465500491593417e-01
-1.50659486167826178748541e-01	-7.09433068219969542589354e-01	 4.26201462769865258017887e-01	 2.60955782519023515853007e-01	 4.73561858310356409429431e-01
 2.61729628241577860769951e-01	-4.48485398347783614791950e-01	 5.53940691897673698207427e-01	 4.77632943329334758164606e-01	 4.42012364618726782961033e-01
 7.43018056658533709857295e-01	 7.97146108174550671598979e-02	 2.68256514587713656982970e-01	 4.27730273858113740903519e-01	 4.32035882199745535636737e-01
 3.06275820441989810039018e-01	 4.82960054172662023308504e-01	 2.94616480761623111828129e-01	 3.61455242260862952274891e-01	 6.74904396927374139458777e-01
-2.94771070818237945765361e-01	 6.87975604815667884928132e-01	 1.71816633111213201701162e-01	 4.49746241744123753658613e-01	 4.56077784605376790327824e-01
-6.66845764843359778417664e-01	 3.54900109742467328999282e-01	 3.32904640524108841326267e-01	 4.16944970634144707055668e-01	 3.80386684566725363776385e-01
-6.70042664816434152541547e-01	-2.75622562950320504349122e-01	 3.13142881847373266701595e-01	 3.92108844516997734341857e-01	 4.72511608024877183265033e-01
-5.30809770311598816405763e-01	-7.08579965701655489773714e-01	 1.51808904501952002252807e-01	 3.69664434377909967288645e-01	 2.37608254103189336925439e-01
 5.24261976324985723429961e-01	-7.21030261249471227102958e-01	-1.87869820671195744687942e-02	 4.23686737252628176086944e-01	 1.59377980045462303015924e-01
 5.63051711522722264646745e-01	 5.45194642488203429220306e-02	-6.93802060379204860174340e-02	 3.05040021720732357213279e-01	 7.62979272541597697276927e-01
 6.32182675465324805941236e-01	 6.11149044475753688843156e-01	-3.55921488203353064694312e-01	 2.85141280715718536953318e-01	 1.37318077996989501565750e-01
-2.32137727468623815407778e-02	 6.29706236502678318167625e-01	-3.01825178666656479542496e-01	 5.07674783177436528269766e-01	 5.04082386632456858066575e-01
-5.88954741101552547988263e-01	 5.73243137261773560986455e-01	-2.84198388044628824644633e-01	 3.20943333156081755941358e-01	 3.75168324424892896118422e-01
-7.93468799353099107918297e-01	 1.24124379152121711022971e-01	-1.06224768124244209333007e-01	 4.56020812825806587387234e-01	 3.68458572786538429699732e-01
-8.57937674952959694607557e-01	-1.84426539493753455234426e-01	-3.48170308343673295947696e-01	 3.14231033482732624584344e-01	 9.98303130863269494454926e-02
-3.42595232868096039036132e-02	-6.68548533880447659605295e-01	-4.64717866406591240124868e-01	 2.96718787772883851872052e-01	 4.97859828200227894079433e-01
 4.14805620346917147678312e-01	-4.65019125482909967406187e-01	-4.02584495200278835724816e-01	 4.73112334876287010665408e-01	 4.75167289568593886883718e-01
 8.73346185442910538654360e-01	 1.85211240314509972826329e-01	-2.21478538174860378751063e-01	 1.56797835137742730404753e-01	 3.59617759374481482659291e-01
 3.16832125359282568144437e-01	 4.07574201631183463678809e-01	-6.07444571586728931933408e-01	 5.11749492860600563304274e-01	 3.20350157658392087345334e-01
-2.82447480550153284806214e-01	 3.47044654228921500838112e-01	-6.13950411552182218066775e-01	 3.95484924493012979240802e-01	 5.16178259282256912676701e-01
-3.57446831569947776063856e-01	-5.68170369647460274387107e-02	-3.31633842555327906786999e-01	 5.46092010685083728560585e-01	 6.78827000972311411786109e-01
-5.35868791828869525661894e-02	-2.06078389577693227296962e-01	-6.77248523904402488504672e-01	 4.68532427685623309443486e-01	 5.25805995405936310582717e-01
 5.30452642470703450428005e-01	-3.98867334290348707348528e-02	-5.80052665917808796258726e-01	 3.28220242142564677667593e-01	 5.22340329671880154727148e-01
 6.27841387257657479459283e-01	 2.81047029346323751219927e-01	-6.93126844062289304559954e-01	 2.29922288362339674594459e-02	 2.14182854578464976214036e-01
 1.26206207329681546758238e-01	 1.94924015399938505010979e-01	-8.14294174514971880185499e-01	 2.20590936388904673703948e-01	 4.84088068006089722317142e-01
 1.80340420901312567525387e-02	 3.74500754567849647447275e-01	 8.45445394436218689016016e-01	 2.08870244278380479954413e-04	 3.80323545884040881137622e-01
 4.80914617334427973993627e-01	 2.51674759856137963964784e-01	 6.67890540593738757380038e-01	 1.81466742135482361764076e-01	 4.75786709954758968432742e-01
 3.08481786142411562590127e-01	 7.27382360959976548286932e-01	 4.81530942502432668383960e-01	 9.06625913882638800878055e-02	 3.68323410222811842285040e-01
-2.66725060518128609388100e-01	 6.53621066360925651039793e-01	 5.89376261411761692698974e-01	 1.31290073599769629986156e-01	 3.70183444739589917471534e-01
-6.48978688524314839547458e-01	-1.36330466705230801682802e-01	 5.09601511933434947465571e-01	-2.80251458029839306540509e-01	 4.71175216874254620957885e-01
-1.45209369534176457872121e-01	-6.66753860930585778854507e-02	 8.10971708848545191905544e-01	-2.24039308635143374903720e-01	 5.16333136184756291697795e-01
 9.60130390321353305305152e-02	-3.65066736488312781894194e-01	 6.59041989334259059596377e-01	 3.75257531424093224159400e-02	 6.49433020711931208168721e-01
 4.42316249561722052430213e-01	-2.01783169325481931410948e-01	 3.50528607132871816709496e-01	 8.22871855429001819448587e-02	 7.96240166424385664711849e-01
 8.31249150356306643061544e-01	-1.84052132136050178301545e-01	 8.25280919132398566029352e-02	-9.93714406250396399544744e-03	 5.17918941438844204760983e-01
 7.09214650677523761324039e-01	 5.00454331431191334900177e-01	 1.59880427686813764154294e-01	 1.28216713970017381907240e-01	 4.52281731355058724819429e-01
 4.12600552143465193477567e-01	 6.76987507106143859836322e-01	 4.44483033047256351211196e-02	-2.29010388596643632563854e-01	 5.63051764797218190494732e-01
 1.27118649194586375017479e-02	 9.52899123125006020096350e-01	 1.65567974304188930689818e-01	 1.95651524603699167315085e-01	 1.61645898317649694408971e-01
-5.71504425588469477936826e-01	 5.60552882530290674800710e-01	 1.73119553211733917530424e-01	-3.57826725654259644726629e-02	 5.72636340149331624083118e-01
-6.56917129459049897732825e-01	 1.13224204317823179399838e-01	 1.92819727007453922684732e-01	 8.23291802846113779379422e-02	 7.15319944871043444933889e-01
-9.31224427550279010290524e-01	-4.19485833514883429962161e-02	 1.93666714661593825086428e-01	 5.19286076223221468306512e-02	 3.01426616659926260854974e-01
-7.36975511032977648184783e-01	-4.90687502876570758036934e-01	 4.25095135554490410889628e-01	-2.47311032643401408626094e-02	 1.86481551145615431774871e-01
-2.88311735704230021060113e-01	-5.61455979766644852624324e-01	 6.03674317905750212887028e-01	-1.93868692731062164380518e-01	 4.46806192570411153663912e-01
-9.70866432792298755805049e-02	-8.35262829828407271648416e-01	 4.42884705496686334469381e-02	-3.26498535607229259380979e-02	 5.38407566108284996175826e-01
 4.63491998681847705565673e-01	-6.79588696554787929926533e-01	 2.30543213212823061564194e-01	 1.09314342684370680025552e-01	 5.08167858092049451457228e-01
 7.95469957104182223694977e-01	-5.29132970710536221226050e-01	 2.46932395431399193119759e-01	 4.93233720240933495859714e-02	 1.54393794274242962538679e-01
 8.05947747856580298808638e-01	 2.62497367420614136079848e-01	-3.87566605793720597716856e-01	-3.42445838281593473162445e-01	 1.18601575618981130988416e-01
 5.27348247820480287018086e-01	 4.56121128885047300016709e-01	-4.03253274508469761183704e-01	 7.32566403229697599153170e-02	 5.88113596639362801177242e-01
-1.21208021423474268662979e-01	 7.11790210531502931523562e-01	-5.36262389155373386806502e-01	-3.99550868178591644941378e-01	 1.77327565395879266363366e-01
-2.58304675483269241542672e-01	 8.34582728437068266380550e-01	-1.67579101090031767906652e-01	 6.86378688378752044307873e-02	 4.51615380448090242282433e-01
-3.29153258840146678565475e-01	 4.78820799223120152632305e-01	-2.13600999951208764260357e-01	-1.71170165034666449388467e-01	 7.66462107248683910398768e-01
-6.41626859414963779393304e-01	 1.84715506374130589151150e-01	-3.32649417780635670016665e-01	 1.24349100239959015068436e-01	 6.54275798957867249505682e-01
-7.31784205450326297182073e-01	-2.89439305627114784602583e-01	-1.62047038965137363275559e-01	 2.00506712576129314529183e-01	 5.60584142110774452660849e-01
-4.72716235921824379229150e-01	-6.77727973824787000012293e-01	-2.71096021324713609690349e-01	-8.10592748682350955347076e-02	 4.86991267859083198921155e-01
-4.97331584504879020691703e-01	-5.39391835178044010135068e-01	-4.39571262377926319508958e-01	 3.87836097181741779049702e-01	 3.43624810238491174008146e-01
 2.86298254211483416131756e-01	-8.63002120253039906039305e-01	-2.29726327947332914503065e-01	 8.01790447427992575279987e-02	 3.37724421838547395058328e-01
 5.34536835686135858303203e-01	-4.40348200327068006743048e-01	-2.00864518129061947471214e-01	 3.54559736672600683826673e-02	 6.91924962009213717628597e-01
 7.83739613440526228238525e-01	-1.76556591647862415328518e-01	-5.74826111783025561763338e-01	 1.16853882563299427133074e-01	 1.02469993715603849282481e-01
 2.86156399895387381082656e-01	 2.16626305167734872769714e-01	-6.99400991936855009889484e-01	-2.55117740550804161792087e-01	 5.62974910313312926213314e-01
 1.74650447371780363770011e-02	 5.74067645017925398676084e-01	-5.35497368172699217403476e-01	 2.33552833684343673359418e-02	 6.18739372090377437451991e-01
-3.02989661515398800428756e-01	 8.01793722921805146475194e-02	-7.38376582393525215941565e-01	-9.15161387101595669157916e-02	 5.90079106732357083764384e-01
-6.81984925372797534670610e-01	-2.34450208248330627114342e-01	-5.19354150012296011951207e-01	-1.65554763556102046972995e-01	 4.27542452331301170431743e-01
-2.79657665545872013979078e-01	-4.42357544189377005494634e-01	-7.81222724458862871621534e-01	 2.68975985726264132935626e-02	 3.39232909931029613659348e-01
 4.40828671530603899419987e-01	-5.25828689528166193234426e-01	-6.36211423345807602913737e-01	 4.03045494260416345411180e-02	 3.50406677626896367883091e-01
 3.66486876429908181584949e-01	-1.02564684759347490849990e-01	-8.92386409919221690323354e-01	-6.93989216911457401648633e-02	 2.32374998449605074668511e-01
-3.39544524560474458851900e-02	-1.52582760469917311230148e-01	-8.33541720335183700107962e-01	-3.81756103613583863687353e-01	 3.67472548879813176725406e-01
 6.79727509746203134577414e-02	 2.04107017694868039803247e-02	 8.46993117530737249509798e-01	-5.09842496193408489801868e-01	 1.32764439173508774771904e-01
 3.94457177611332088229545e-01	 1.07426148474412327948890e-01	 6.48548081714004798215001e-01	-3.73823776010532016211840e-01	 5.22019470756759917939860e-01
-1.30392331407255621794627e-02	 5.56130636820210466630954e-01	 6.43174022842653014819803e-01	-4.39420829179105576489661e-01	 2.89456740140897172963719e-01
-3.06374114249644002860862e-01	 3.39028888936227235095799e-01	 5.63027966385262979009951e-01	-2.00750272831288378849734e-01	 6.58705663867141799627802e-01
-3.65173622171370670930202e-01	-2.41633219278001520891053e-01	 6.34893279598849225031643e-01	-6.09097487589773445293417e-01	 1.84857748400314103598419e-01
 1.35468810160070424197798e-01	-3.76176285811298805050740e-01	 6.37960157838980856936928e-01	-5.08637875662008687172033e-01	 4.17652908428915947691706e-01
 5.83980922262630985919429e-01	-3.64877669845635577150489e-01	 4.40944817686028778247476e-01	-2.68761258578503137162130e-01	 5.09083119072357703771559e-01
 7.65707385352372149611710e-01	 1.30620456460671996445910e-01	 4.35975998643001627641524e-01	-1.43262790886637486620359e-01	 4.31313340537304190647205e-01
 2.09261842850658380532636e-01	 6.92493189382313079072162e-01	 2.34820697403012201842643e-01	-5.86461813167974188587550e-01	 2.78539845538754882170451e-01
-1.94085486257788986108608e-01	 8.62267334868984769435940e-01	 2.81236774266230282748324e-01	-2.32441839899166363681005e-01	 2.92749953213713609567748e-01
-8.38606758313424016648696e-01	 2.22681296960741459400879e-01	 2.19497238827141311068303e-01	-3.79078942930968831870331e-01	 2.35099685385865092568380e-01
-7.43194326118246428869440e-01	-2.43444688736613706891987e-01	 9.37103026906860488154383e-03	-2.81565368891655176675215e-01	 5.55904671669685934709548e-01
-4.86418507240463815488596e-01	-6.00890156213967907561369e-01	 2.01032422339049943182943e-01	-4.61496426365210155040586e-01	 3.85921066540485691032103e-01
 3.83495101564926943460421e-01	-7.05818970814840795924283e-01	 2.92186356860933270796626e-04	-3.39758492213316276586710e-01	 4.89198496634701551766256e-01
 7.26010882934960966039739e-01	 2.51028665736440281808228e-01	-1.11689616678815759054366e-01	-2.72321053824043368685182e-01	 5.68559126220732458101281e-01
 6.09334844668553254898313e-01	 4.57212872182266527598671e-01	-1.02987208521509755743129e-02	-5.99332025137943591452938e-01	 2.45687803068148691298944e-01
 3.31381446592947104257121e-02	 7.80327640194241278770448e-01	-1.96251653144686843965872e-01	-3.36549063479908983076427e-01	 4.88068288076781486850564e-01
-5.44109748707877982631942e-01	 6.65251332609491319303174e-01	-1.53807680100443516790776e-01	-3.49197894719200707669415e-01	 3.40278229818105737436440e-01
-7.54766630045218933631190e-01	 2.24268822087826724676063e-01	-2.30275599990608259570735e-01	-3.22331277546228589514499e-01	 4.72341534457752287856636e-01
-6.42042736020800752783089e-01	-4.85986863767110199852084e-01	-2.57388975020543697702635e-01	-4.90024716487014733168337e-01	 2.12660730127655350774063e-01
-9.99038551556992310276328e-02	-7.61394270891001090362238e-01	-1.77178494920654711064500e-01	-4.78148060766400762044981e-01	 3.87659898496571231341079e-01
 7.06418807227830902739640e-01	-3.96471027504249395878588e-01	-8.73487733350380990415829e-02	-4.35945882131081097199399e-01	 3.82236278752228264554702e-01
 7.45986196805124568420808e-01	 1.99601001695383951928253e-02	 1.91916966861950505363055e-01	-5.53107243689951122433968e-01	 3.16775067493737405577292e-01
 8.23379762214595731228961e-03	 2.73297456984643916122479e-01	-6.98441514595295909195727e-01	-6.30524025801260545875948e-01	 1.99648711890772878607692e-01
-1.27800069136443456008223e-01	 3.82234383810458433483603e-01	-5.15577299148436751785596e-01	-4.58922590585788880979123e-01	 6.00944359000557870587045e-01
-4.20471213495781537261564e-01	-1.06145697053478121896219e-02	-2.64698570058393478632297e-01	-2.83723355382706710070551e-01	 8.20077443995855581704291e-01
-2.37878071265886809060319e-01	-4.46120369565066621220240e-01	-5.12935614918642479587163e-01	-4.25095958053561207012905e-01	 5.48252788834228788061864e-01
 3.41401789967499702527221e-01	-4.15741552253144186490630e-01	-5.18952498484046342852594e-01	-4.29654490812801381771635e-01	 5.06644947057297345693883e-01
 6.97627259828030310551128e-01	-1.16115019092294435854029e-01	-4.70110250561928788570754e-01	-2.00278332965530575515700e-01	 4.88588221662351163132598e-01
-4.70664080582555877096951e-01	-6.81240554739154301026882e-04	-5.59969110309856854534871e-01	-5.41725756095874810824853e-01	 4.14056348631226589507293e-01
-7.29961486981453577804757e-02	 1.59130386729028711068068e-01	 5.30194263717737812591224e-01	-6.57650014351330414186236e-01	 5.05707013634583590899751e-01
 3.49888598434132780390371e-01	 2.61686907409929503387502e-01	 1.90664020195755706810203e-01	-6.23800481711133891771226e-01	 6.19369131936501116086902e-01
-1.40479032967787353936018e-01	 5.42320939159816051144958e-01	 1.62977256723494889900650e-01	-5.05612298154846762088255e-01	 6.35569239336446267785163e-01
-5.04255851277987665604030e-01	 5.06636799808970542113862e-02	 2.70808156288161183677943e-01	-7.39762270252891762645220e-01	 3.50105632603647076717124e-01
-5.56549192600709410894133e-02	-5.01224851934413684340086e-01	 2.09432571803385841890943e-01	-7.52154094455683153164216e-01	 3.68888050534102895916533e-01
 3.88274778779995666244673e-01	-2.32174135975408396648234e-01	 2.74146686111367943183836e-01	-7.14491855708512479949945e-01	 4.57911399036734390044501e-01
 4.52546164270732242940198e-01	 6.65780424644391299882074e-02	-3.05025903422084077032395e-01	-6.31872933881431730895883e-01	 5.46319619943366086012304e-01
 1.49475392939306533923727e-01	 4.25592996929677835904471e-01	-2.05910887688377175486210e-01	-7.70448291971466470151597e-01	 4.00671740455562808147505e-01
-3.75139597095230259427012e-01	 3.41026621887255743104106e-01	-1.83141556697065860381812e-01	-6.97670726896247650472560e-01	 4.71896019158915991376091e-01
-4.21237475781042647327013e-01	-2.29501261539902856601003e-01	-1.16310456615146690095841e-01	-6.85026431088230358668056e-01	 5.35816037779485387915201e-01
 1.15369489001303796027464e-01	-3.76299249510375466432066e-01	-9.78780881929980778322076e-02	-5.92538372525461154438631e-01	 6.95993471781214290139417e-01
 3.39155641849534172926894e-01	-3.62447903196551790561131e-01	-1.96522887932942175170936e-01	-7.96210285323496913534314e-01	 2.84662790216117733699264e-01
-2.97611324609448968728231e-03	-5.06363012472785534168196e-02	-4.41396261877293083486506e-01	-7.58660136807894458499391e-01	 4.76477958110677335401562e-01
 1.06323472357421067169270e-02	-2.17555571445966419719120e-02	 6.92579472792021755278569e-02	-9.09796453672821581193375e-01	 4.08518541254391298611637e-01
-1.50840987421387833639086e-02	-3.85873258868538793198155e-01	-9.72859179561193776475392e-02	 9.16376282424311905394632e-01	-4.07953089575762428697914e-02
-1.29273755107280896581301e-01	 5.04761575768843551853537e-03	 2.95789633000103746596210e-01	 9.40848918762004049476388e-01	-1.02832985416438482673129e-01
 2.30339068740036706506302e-01	 3.87972850110165301540377e-01	 3.65660136150395553844561e-01	 8.00955564481422577216563e-01	-1.45546657625957642778758e-01
-2.69645891556896499796636e-01	 3.96650994648296284506017e-01	 3.76462757195550334898826e-01	 7.59198007965249610506930e-01	 2.27713106248464913772267e-01
-5.33639819617875321711153e-01	-2.60115319848782493294959e-02	 4.28706951308510220144399e-01	 6.57735641215356547917281e-01	-3.13282810407445877487476e-01
 4.46920403195296411791304e-02	-6.85188119079175539383186e-01	 4.35928715214135453770439e-01	 5.75299076088596872402547e-01	 8.67005842435862733585950e-02
 3.45956325959066224307037e-01	-1.99480557373093364548211e-01	 3.91827412617442860653938e-01	 8.13531971847247459272978e-01	-1.58615060012831377012077e-01
-1.33424330745174402057529e-01	 5.13958806942607315804139e-01	-2.55902658104243986569859e-02	 8.46878506906165284817689e-01	-1.36464488959670109113897e-02
-5.84550267323708072630950e-01	 1.33785013582729844783259e-01	 1.22600805744754355608439e-02	 7.99567975377234563261197e-01	-3.07131614769296755473871e-02
-4.87186807417907818962277e-01	-3.61723666579066460702307e-01	 3.02500438977920324545856e-02	 7.83775783544064519325900e-01	-1.28784547553703498934397e-01
 4.89530901395454576263688e-01	-3.79887251286249616466506e-01	-1.43564579062280345267411e-01	 7.70264812917625829591373e-01	 4.61140164025752863352636e-02
 2.70974393057728468736656e-01	 3.79813503261926463383524e-02	-1.00493501974543250621075e-01	 9.53160461540430214988362e-01	-8.07247542660946559855972e-02
-2.61225437179325614689418e-01	 5.14435124508876073790020e-01	-4.77379755433360974947732e-01	 6.59582019634097571625375e-01	 6.46366932925629827932923e-02
-5.52844658148179290968471e-01	 4.67029322776339739231588e-02	-4.71348124743524943269790e-01	 6.70404500555679461193392e-01	 1.43423746322377781980961e-01
-2.37395232393596777864531e-01	-3.91998000320197215184947e-01	-5.29019668968508938178275e-01	 7.08277400086939512569018e-01	 9.19912264962887554764492e-02
 2.98613686910157105636188e-01	-1.27103715915851123163804e-01	-5.18790417088223154706839e-01	 7.58162160811750029942857e-01	 2.25213570730075723913544e-01
 1.90735188125405158432457e-01	 2.50272213879236316014243e-01	-5.55698668702821807485748e-01	 7.49596723849528689953559e-01	-1.74033468524640327901309e-01
-1.93023636237221102307515e-01	 4.89397778542834879789147e-02	-3.27276884300658821302932e-01	 9.17082549460899287829818e-01	-1.10436463516744104440548e-01
-7.37655879384449958413583e-02	 2.24804944091174740972150e-01	 7.19469141229246211821646e-01	 6.50260035788456258742940e-01	-5.95601865637277669285332e-02
 4.21003575090833304095383e-01	 7.21119074546983512830067e-02	 6.25844931779614754852048e-01	 6.26303210825262191008278e-01	 1.83352862098520086320264e-01
-1.12841540367206477624151e-01	 4.78798455409052137188297e-01	 8.35521276690590175562079e-01	 2.16167704045510222776727e-01	-1.14867514078093799212432e-01
-3.58452231640634166875969e-01	 2.24136516416259451434101e-01	 7.88372843175743409638301e-01	 3.52164295845927566297462e-01	 2.75178830063233736957784e-01
-3.57633055479816164279327e-01	-1.66051363691659098487108e-01	 8.13763381944625274755367e-01	 4.06964455404016822726021e-01	-1.29207710637055273039664e-01
-1.87052656404046759031079e-02	-2.55029667862251729903988e-01	 6.65069920808489589703072e-01	 7.00815224597269637030195e-01	 3.39116934973677508491363e-02
 4.41387692521449326310545e-01	-2.90508903742754842625118e-01	 7.48522531388239320548905e-01	 3.96643051897732967780996e-01	-5.63008980582728676966831e-02
 6.93722719725253345046667e-01	 6.63227877862714587653414e-02	 4.90206387945806676409433e-01	 4.79151021091088813452785e-01	-2.10860314335692772269581e-01
 2.80154911665610961701844e-01	 6.43387767268664978459469e-01	 5.90924164974125143423578e-01	 3.97503473922391270534149e-01	-1.91056501574739107107703e-02
 1.44806923483149968534534e-01	 6.98102393223664297039477e-01	 1.60252261257416400708209e-01	 6.17904297575060712510719e-01	 2.90168046633141774037767e-01
-2.22485896378572356457681e-01	 7.41614160107382458519965e-01	 4.45006488347531037330640e-01	 4.49817312140609215642684e-01	-1.19194994878671512578139e-02
-5.79813449873700759162887e-01	 3.90347217135381119312854e-01	 5.69177015905400374151668e-01	 4.26059980079342093262085e-01	-7.71740329387780449321710e-02
-7.57699975821404692055694e-01	-8.25627960661048376778126e-02	 5.91104918696426229196561e-01	 2.52197166780846637745839e-01	 7.78825751153272988203113e-02
-4.96742164750077541679474e-01	-5.07504703532831280554660e-01	 4.71901050838825109057240e-01	 5.12187326496920891649722e-01	-1.03246009339872393817394e-01
 6.75175152225423041985053e-02	-9.44543757007896167543493e-01	 2.45231490848765470991211e-01	 1.70307170312301608960937e-01	 1.18892640108170327684078e-01
 4.50351708184051069405740e-01	-6.97352355809039314848974e-01	 4.63421800767196800929781e-01	 3.05205606546341823293034e-01	-5.45234178097697835818636e-02
 7.87360791761116951548161e-01	-2.60835372100895412916799e-01	-1.65458953671105746252579e-01	 4.00373350880752876257418e-01	 3.52636366265414002985068e-01
 9.41615362646164189008857e-01	-2.83582602079617031309855e-02	 2.77613405628932441437939e-01	 1.82927950200668459901365e-01	 4.49942213756175379835156e-02
 5.56209997163506608686134e-01	 4.62420234476173031001878e-01	 2.92405133459937349726943e-01	 5.94773959264411122838112e-01	 1.93755364079517239384032e-01
 2.88187038235191428370285e-01	 8.04804799114530289294578e-01	-1.24479199540372745258487e-01	 1.96494585545512912005961e-01	 4.63823536540066416744565e-01
-2.89889174545198469168383e-01	 8.46411713617871708237317e-01	-1.39139224022333557462261e-01	 4.24351954325426994341086e-01	-1.08246353571573583618459e-02
-6.07986840133927564089333e-01	 5.77867977329491355753532e-01	 8.10660347880376025431204e-02	 5.35536040232744814382215e-01	-5.52272633457552841740323e-02
-8.82676710076690906880970e-01	 1.53305382215107394161535e-01	 1.63681294445257918823700e-01	 4.06177446035975497906634e-01	-7.48839198525706462028495e-02
-8.33026503309561849874854e-01	-3.28346388069822692212796e-01	 1.34411601984761375216948e-01	 4.24481908288312781429852e-01	 2.03101283821686354885694e-03
-1.95984019278060722646373e-01	-7.32971515693286446158083e-01	-5.30704140057892542747808e-02	 6.41247316231315811485558e-01	 1.01628893299554226570258e-01
 1.26468333896667423088545e-01	-7.22367849142162454789684e-01	 3.90518204733503598857780e-02	 4.99863660199410531070896e-01	 4.59131492686891073962130e-01
 6.65532235314786779767360e-01	-3.65715007882856879550815e-01	 3.19419205614524026604073e-01	 5.50700685307656145894839e-01	 1.34236742557355209770620e-01
 6.98282635969820431043331e-01	 6.04088532723880758390500e-02	 8.32420551415578580112253e-02	 7.07756959750790226593153e-01	 3.00495745308063458289816e-02
 6.98173974241012129660078e-01	 1.40385965964213960122109e-01	-3.83423136971889400026470e-01	 5.70539099485956047175250e-01	 1.42536718936543488345237e-01
 5.25060225399989644046173e-01	 3.78924266941049248114126e-01	-6.13993744355893933395407e-01	 3.90025539233862073018599e-01	-2.27200176635637546285196e-01
 2.03835665055544040802360e-01	 7.81593372455265500420296e-01	-3.39198392442937979307516e-01	 4.79173184783010852605400e-01	 5.38547243461715008372437e-02
-1.71338886784094673876311e-01	 7.66204795960251705544408e-01	-5.59823244176881229527964e-01	 1.90333675019917575310657e-01	 1.84239583031933940038272e-01
-7.39435838194688166424839e-01	 3.81477650228551623534656e-01	-3.68933393859733393949085e-01	 4.08248316551600265444932e-01	-7.02204136796791555941155e-02
-7.24560968766580826283530e-01	-8.18704253928716346733196e-02	-2.70335396971549180022976e-01	 5.37957572147941709417296e-01	-3.25313786518418357474047e-01
-2.04747673742302099819668e-01	-7.02940638059397215897661e-01	-6.28238888518638405322747e-01	 2.58641548269588905650807e-01	-4.87165056560823345188638e-02
 1.56026199910872409581941e-01	-9.26302454517958562263402e-01	-1.62983827165459421726368e-01	 2.44623154419643079604541e-01	-1.76678725656658930365239e-01
 1.77719406570663734923343e-01	-7.01693042712423942219857e-01	-4.01332448035165656463619e-01	 5.56189950049170822587996e-01	 7.50179442237228488732370e-02
 8.96517073586350798919398e-01	-2.49444944047518574192779e-01	-1.10764320291990389644177e-01	 3.30675601741350855267143e-01	-1.11441771434883846181307e-01
 4.23419016228999689488433e-01	-1.07911366287932429519625e-02	-7.98347801599834649977083e-01	 4.26458644147799603718596e-01	 3.70634668947291273655154e-02
 1.36530528333095521609231e-02	 4.59755542373509074050020e-01	-8.02932807678802595852119e-01	 3.78561324127808185302513e-01	-2.07042419037052581598513e-02
-4.71993256034593855474668e-01	 3.39075847904001304033983e-01	-7.71550993904717041793617e-01	 2.46501323276728662170498e-01	 7.87152911035094576819304e-02
-5.39051449136916938087438e-01	-6.90641533774044580340501e-02	-6.76298055562767563841930e-01	 2.95326750255489656193930e-01	 4.00070904374716818097113e-01
 1.40832609184319557105169e-01	-4.32167816247641389804102e-01	-8.00314293094108175630197e-01	 3.66804834253888989437087e-01	 1.35456268320578110397889e-01
 6.00697976752938567202023e-01	-4.40431297191633486232121e-01	-5.00130026587071840893373e-01	 4.38929077389843325107677e-01	-4.89227422242160328580418e-02
-1.05267305716612330490634e-01	 5.98736030167337368590452e-02	-7.70621853279090385235861e-01	 6.12578607761787630181516e-01	 1.27370932988220858517181e-01
 2.66395689968157267646376e-01	-1.44145003493988427267780e-01	 9.23708136031856863468192e-01	-1.23330658464613218683326e-01	-1.99520381027464943635152e-01
 3.11545722380790091055047e-01	 2.00476335063678068326709e-01	 8.88260646627362815408446e-01	 2.71528287039046523076991e-01	 3.73027297229839346209834e-03
-7.83289686383869115937628e-02	 3.91484098850786110812550e-01	 8.57712739125344847401777e-01	-2.91963954989578777787784e-01	-1.40323480387195942409306e-01
-4.79830071867285934406056e-01	 1.66106645743297726136589e-01	 8.42309976930681436613213e-01	 1.18654831835678913759535e-02	-1.80401766741907387814337e-01
-9.86331892470640736458876e-02	 7.45767481790128930474459e-03	 9.92437708021937092794929e-01	 3.15231077056088784815735e-02	 6.54947817922031244597392e-02
 5.11190883058318529252873e-02	-4.72583536660866998513342e-01	 8.48201424180148544351709e-01	 2.11933617052783296319518e-01	 9.84384359362716482300115e-02
 3.44480852389685510139827e-01	-1.58733418494756750583008e-01	 8.63184675893504338439755e-01	-7.99152919421876190009257e-02	 3.23515696074031688933559e-01
 6.38186144590485837646554e-01	-2.49976686858268071222966e-01	 5.89118564096388297457452e-01	 2.06554945148975904745114e-01	 3.74839262820223062533387e-01
 3.98139507455102792388146e-01	 4.75099791785935254839757e-01	 7.15571163122697306846476e-01	 1.70248991077598769983137e-02	-3.21610297978734027690706e-01
 8.18674208316974433286006e-02	 7.89690135680129801087901e-01	 6.02836209344146389810248e-01	-7.90789889656332567469121e-02	-4.71521193770292959546175e-03
-4.63303624164228045057001e-01	 6.22487406198108050858764e-01	 6.21705619744121640302126e-01	-1.02005125302215338134459e-01	-3.05983292305401083366334e-02
-6.88756031281755776163322e-01	 3.23130835525889503756503e-01	 5.68553725310902202672025e-01	-1.72103490994218663590054e-02	 3.12493292446921033800322e-01
-4.54995578872658568148069e-01	-2.73030332539641651390383e-01	 8.32203176080670181669063e-01	-8.27005792593657751421432e-02	 1.37956328709622905170917e-01
-2.99277875117948122252187e-01	-7.40408446258452257460192e-01	 5.93499077409125885829155e-01	 9.99108975376702679316310e-02	 2.17803621734673907850421e-03
 1.31092806066132605558039e-01	-7.79598638228624296608871e-01	 5.61615317893863541520716e-01	-1.64240812390289481204064e-01	-1.80703706996106105986399e-01
 2.59917931935372936713691e-01	-6.93132751300263194593754e-01	 5.92385381501326246933559e-01	-2.91849971791686008115718e-02	 3.16602990283646357205782e-01
 5.32844801201654671984898e-01	-4.77920551320183906174321e-01	 6.89465883065687012987155e-01	-1.03109995064613643722673e-01	-4.09083055675554044250397e-02
 8.52855131194320881249382e-01	-2.43491478252323478859154e-01	 3.54933353942384954837763e-01	-2.95240572527327438390188e-01	 1.43298222934527888505762e-02
 7.00118771562095565386130e-01	 4.22903867122367993491849e-01	 5.41283279857267207724192e-01	 1.83202592818106690941704e-01	 6.65976411820362879101509e-02
 5.01737133236359711396801e-01	 8.11733617564187381887564e-01	 1.20560365459720278402678e-01	 2.68834085380076415194850e-01	 5.04164265492263174994747e-02
 8.55225115913862687921920e-02	 9.25888980812836881462147e-01	-1.41353144695016974541346e-01	 1.52805151027601532343070e-01	-3.03455712624970841417849e-01
-2.62667276655524417616761e-01	 8.94178911179142166254508e-01	 2.63564723173595472083264e-01	 2.65619531584007917413004e-02	-2.47544088840131570883329e-01
-5.82076846348494325589229e-01	 7.66565799382305290698980e-01	 1.99107033949485479062957e-01	 1.27003109437420380611883e-01	 1.33379231469610753935129e-01
-8.51424039007195210260193e-01	 3.66169906240321307855368e-01	 3.52314649801101387183166e-01	-1.68194577011929122245526e-02	-1.28795182141234143546882e-01
-9.24859596711534615032235e-01	-1.93481083612088433643095e-01	 2.47379892562993281002193e-01	-6.64973992817499554019989e-02	-2.03914396988430696167072e-01
-6.36465827604917766535664e-01	-6.68762606874773180010152e-01	 2.09087110723656349753341e-01	 1.49283937903665397950448e-01	-2.85770383263298843878886e-01
-4.33726432058835820182452e-01	-8.68179791439508408146253e-01	 1.64342958855832332876190e-01	-9.87793730926113111578957e-02	 1.46216480587875563568190e-01
 4.57232945183813355161107e-01	-8.67794835759507443562200e-01	 1.32364415344369101834587e-01	-1.38431531141244901217391e-01	 3.44460390190128792897717e-02
 5.79053951251414233958315e-01	-6.01801211564832017053561e-01	 3.23547247159736317545509e-01	-2.58507098721939720942231e-01	-3.61971106671440168156550e-01
 7.44270593218888332209815e-01	-3.44599046615927495640364e-01	 4.31642887544116726772359e-01	 1.75980802039004097236941e-01	-3.31704621745437522317701e-01
 8.62844482367356224727928e-01	 3.97429775895707715349658e-01	 3.64683033467075867761764e-02	 3.08840003736374435483469e-01	-2.89290065993522658993609e-02
 6.89366051437399374179904e-01	 6.83796401238378481757252e-01	-1.15581370437283587060406e-01	-1.58733825788765881004139e-01	 1.36533688653580009830790e-01
 2.51482669290455318478195e-01	 9.02889747368455175546842e-01	-3.28349179986463290958909e-01	-6.40850694890620076193954e-02	 9.81146829698505557049160e-02
-2.21606340397456691437839e-01	 9.46592296500856633656440e-01	-1.80192559697813364794072e-01	-1.48667594342412640040507e-01	-1.68000572281956257747471e-02
-6.02959792418744533470942e-01	 7.13621754470485369914456e-01	-3.56627842986150744852836e-01	-2.43387345147323582968471e-04	 5.14048296272247927482697e-05
-8.78233695242984446771572e-01	 4.15796160775808221199412e-01	-3.25792829913901377247853e-02	 5.48542219175914905204827e-02	 2.27483480458546855063062e-01
-9.50193288318943896086921e-01	-1.44378545239426808732830e-01	-1.82069833533409358716781e-01	-1.83603804032027112524972e-01	 9.70967011296717114054999e-02
-7.94752219502160239805733e-01	-5.79952132556239008387422e-01	-7.56057764048260055878004e-02	 6.17899522696860586251644e-03	 1.62080289153460205264778e-01
-4.15864039813881647411620e-01	-8.03327155988680097209453e-01	-3.37515482812736800077857e-01	-2.60386071591530487978616e-01	 2.23011740340245054325941e-03
-2.45637740265949144902180e-01	-9.04574174573493539064373e-01	-2.22999461125635789482402e-01	 2.05557793548480027823189e-01	 1.71536868051382906941171e-01
 6.66677547103919687643270e-01	-6.78961982016779264093032e-01	-1.47648771283928770953198e-02	 1.72106136293546208015925e-01	-2.54387797303326779196908e-01
 7.30631802786207096289672e-01	-5.96222463217046416694700e-01	-2.48834016477331942951423e-01	 9.13371679965507138332370e-04	 2.20854570042614328784225e-01
 9.57343335919752735918564e-01	-1.58222214866590799031698e-01	-1.59687419205904929109252e-01	-1.64747081342336343379174e-01	 7.62744729859828884954709e-02
 6.11257395054173646720130e-01	 5.83735085814146681393311e-01	-4.79295754385510641704116e-01	-1.65352099829467857894372e-01	-1.68973398767813698384543e-01
 2.73257176598587614435587e-01	 6.14433892975800977076517e-01	-7.05495541211729082498039e-01	 1.53918360379069439625166e-02	 2.23250172035145522109190e-01
-1.91830512580461076677096e-01	 6.51973261286977967543521e-01	-6.98208829556265730964526e-01	-1.21342966782953740056961e-01	-1.89505239378545908834894e-01
-4.76057207606805588007148e-01	 4.97112715320045694955553e-01	-5.93279385459844488259762e-01	-1.11476996327029745370574e-01	 4.02294585386175740371328e-01
-8.12323561984316100392789e-01	 1.84225232758614021477683e-01	-5.22362236640362187500841e-01	 8.94993315322509599973877e-03	 1.82343320932736169259769e-01
-6.54726091120016118196645e-01	-4.99518844603462575104658e-01	-5.66962060027292547026434e-01	-6.54889301672498605477735e-03	 1.80500410689411194820053e-02
-1.61430844122522273997866e-02	-7.65175156457806315835057e-01	-5.60255351052216465923550e-01	-1.76948542883591103391794e-01	 2.62772783130526044192976e-01
 3.61483011811500221099891e-01	-7.56099073431019119695407e-01	-5.27914928195761690155052e-01	 8.92339080898499614757924e-02	-1.04820616118764267654662e-01
 7.18716506331698368192917e-01	-5.03041985143705683292126e-01	-3.70646506473573222883999e-01	-1.00116123802549278343221e-01	-2.88085531921902893159881e-01
 8.72600875301834832953318e-01	 2.02509091529396778597061e-01	-3.87788901464690749509856e-01	 1.43827827392234153247585e-01	-1.62760880554413622789411e-01
-1.06773316754823113794437e-01	 3.63148586943114026759361e-01	-8.87398272252701292295285e-01	-1.58653915515634041932813e-01	 2.09942382869378552090467e-01
-2.57518968890570965069031e-01	 1.98925859581370351181207e-01	-8.94613142134045524755948e-01	 2.88371560261447244799538e-02	-3.04874117308642444967859e-01
-4.75794706734020966809595e-01	 8.88102248428014086345517e-03	-8.50409430269525756784788e-01	-2.07051589569092336917677e-01	 8.64520945327174328287612e-02
-2.98773485592694121315560e-01	-3.43262116612557177663945e-01	-8.49444303354752405788020e-01	-4.98384866734285433831353e-02	-2.62423368528264533416916e-01
 4.46839425261662870347834e-01	-3.09501027552151308785966e-01	-8.00429468902208451908109e-01	 8.25505294117530874498101e-02	-2.38834079190464704245400e-01
 2.58361048767202394760290e-01	 2.32302419897612799637443e-01	-9.23301189729468507749743e-01	 6.51372128935577415775882e-02	-1.50190581363253444768802e-01
-1.12303045966157824531173e-01	-5.84168261795657561830097e-02	-9.70605914715840345508013e-01	 1.42244065399938279803393e-01	 1.47194716151614751753485e-01
-2.50976741850275575362872e-01	-9.91697358077939100651221e-02	 8.18718352013720562787569e-01	-4.36201124219053104624777e-01	-2.58079208492285494536134e-01
 3.86167945143736424107317e-01	 3.71791865537370480598867e-01	 8.08234443338945895973779e-01	-2.16193129712340947889970e-01	 1.12528850209504663326676e-01
-5.34813272243257059601618e-03	 3.17758374161847600980479e-01	 5.78200847393312011845978e-01	-7.42553144398218178956483e-01	-1.15323982520451465139111e-01
-4.08312874693119221003457e-01	 2.27406232444804817793838e-01	 7.72464739643279107994545e-01	-3.70349676289972618015156e-01	 2.18417822269278666391656e-01
-2.79281005555363434633698e-02	-4.72208617665939689445054e-01	 8.29247761325596965953366e-01	-2.93382035431161425353963e-01	 5.01415419002717646645984e-02
 2.69685407659990272755124e-01	-3.62314333950118361293846e-01	 6.59303594319682773061686e-01	-5.23779654083676993181484e-01	-2.94909729908454931734951e-01
 7.83107670211130313386860e-02	-1.21075912560722559474513e-01	 4.70584804687001923007017e-01	-8.65136132964554271929103e-01	 9.64233384766706030921668e-02
 7.07717626565424917650660e-01	 2.70543963252858510326604e-01	 4.96774018400828021313487e-01	-4.02336847561999499944818e-01	-1.31462392842227299150082e-01
 5.86135407785889239740129e-01	 5.66797849334318204483907e-01	 4.23501804436296647171645e-01	-2.91286839519871276760199e-01	 2.66427627117359067110414e-01
-2.47057728179008201374600e-01	 6.77572314825883537103834e-01	 4.35798451832942634887047e-01	-5.23753241826622639720767e-01	-1.24981951435537572137058e-01
-5.04087900533231381139387e-01	 5.25714674693763206470010e-01	 3.84013459661393607991187e-01	-4.74215508434717991637086e-01	 3.11725494155545401753216e-01
-7.83972506020805481874447e-01	 2.32844663152829312036118e-01	 2.08515310096320738431075e-01	-4.56367351444254221171093e-01	-2.81816746549766738993981e-01
-7.42338150502590554680182e-01	-2.54032702405938837220134e-02	 6.02033450076375320492161e-01	-2.89518195803056266335318e-01	-4.49853693722346154038050e-02
-4.65855007785895336436255e-01	-6.04502619863368950703375e-01	 5.22372836681668561986669e-01	-3.73318044505373258790115e-01	-7.29105715445842322841585e-02
-1.76357053644308203743662e-02	-8.35431192666906685673212e-01	 3.46787736205304064629473e-01	-3.51360232581778619831425e-01	 2.40889927546021953563837e-01
 4.59630888208496068969566e-01	-6.06562643202454010449287e-01	 4.13645358262372420110609e-01	-4.78100105085351390066251e-01	 1.45392618730425943196494e-01
 5.23252078659177777275602e-01	-1.30121739034159550341130e-01	 6.48470517896559295323300e-01	-5.30474479269588017338322e-01	 8.57811720146289674593376e-02
 9.31956690984777624819912e-01	 2.79772255439386219322273e-01	 1.10474485638067970727505e-01	-1.90891029507206738680125e-01	 6.73811107933513092627109e-02
 6.16389597015771006915941e-01	 5.01659310029445304479623e-01	 6.51616971312256459958334e-02	-5.54584180332157949955274e-01	-2.37891028632445933332917e-01
 2.92021041753244781080667e-01	 9.14453645686064575670571e-01	 1.56009747167019957592160e-01	-2.27407754752553620258837e-01	 4.94460608350176314407243e-02
-1.90829103625287821444090e-01	 7.64559583940303100213498e-01	-3.28970665038952406189487e-02	-6.04957625982306068657124e-01	 1.09439250709654711801733e-01
-6.24378144748879759795557e-01	 6.98138937091062006246034e-01	 1.36862257477021131979456e-01	-3.10659686154889314035898e-01	-8.66789406588956146126890e-02
-7.82201321285144191008953e-01	-2.85498358006315844370704e-01	 2.23269341729104064953049e-01	-4.99161524874092266124137e-01	 8.74091167138509594902729e-02
-6.77540824001186758884785e-01	-6.11068751407578436563028e-01	 4.62783055313987848333745e-02	-3.40579042201975934478497e-01	-2.22255815030571124424341e-01
-1.79933935618166396253059e-01	-4.48998909968140957893468e-01	-3.02372009513826867088682e-01	-7.99280822446959415827905e-01	 1.89063725742040389388166e-01
 2.14345001176619760763220e-02	-9.66584775861239253735846e-01	-1.08668437595884001534152e-01	-2.27168606632240088760710e-01	-4.28955488275869489811498e-02
 7.22115581994394295506368e-01	-5.35121308297396347519737e-01	-2.94664924494702877566521e-02	-4.28033698892355485288164e-01	-9.00730263854504498155507e-02
 7.84291095067095378468025e-01	 2.02899542915122195474442e-02	 8.97518915318952503756833e-02	-5.71447040332046074517791e-01	-2.23312950845885371808919e-01
 6.80432685447607044082474e-01	-9.20045085743625562502146e-02	-2.69191355025035106152131e-01	-6.69837281122586447601464e-01	 8.60265201820604452631613e-02
 2.71661028543514371236256e-01	 7.62099423434034473068266e-01	-2.61131479850894021588203e-01	-5.25719355463885928969603e-01	-2.88836267409578774378875e-02
 5.67969999319405186022358e-02	 7.10593590042146283636271e-01	-4.08383040685340426012573e-01	-3.71849634810550500052528e-01	-4.32182822150072476485860e-01
-5.18491248611794519618456e-01	 3.81652758954929172130477e-01	-5.64851897354811449680767e-01	-5.05886428601253990144926e-01	 1.02612144051332038197089e-01
-8.39743464365652392267236e-01	 3.59000391422805931185280e-01	-2.29198958363044491548521e-01	-3.28473902478144064165377e-01	-7.43126226795860073126576e-02
-7.24747303540144716116345e-01	-1.11266999484339185189086e-01	-5.52631046809479609116522e-01	-3.73886757132088631827571e-01	-1.31029079904237705234138e-01
-4.86848919810150160270013e-01	-3.94362410099303506427759e-01	-2.74191359117110289300712e-01	-6.94195542904927576088880e-01	-2.24428308323178726801927e-01
-7.10279318183446028989181e-02	-7.55027790344013460810402e-01	-5.41860880143008927234405e-01	-1.52277007924313673159489e-01	-3.28765217348349347847858e-01
 3.88049175521309408498638e-01	-7.35856460815921376017457e-01	-3.94237057547462299567087e-01	-3.77005203007005074145042e-01	 1.01869160272697184543844e-01
 6.20660002699809254522734e-01	-3.40286205804541219688275e-01	-6.04899696049979951339992e-01	-3.62698839492669733441943e-01	 3.91454816950164083411146e-02
 4.23751539839704205459014e-01	 5.53417583658368794630178e-01	-4.53337802951935209261336e-01	-4.01904426083918464573941e-01	 3.83563918128492498116344e-01
-1.86040493634682085888343e-01	 3.16105871103302460412010e-01	-7.21587637023208938735763e-01	-5.01251660412428190483070e-01	-3.05817049902767201796649e-01
-6.16198850253881214023011e-01	 3.90493340986839354567195e-01	-6.18054952258017653576871e-01	-1.37352064318738947834575e-01	-2.58759374723799506767818e-01
-3.51359816413898184972453e-01	-4.69548352706349536589414e-01	-6.85523047908781602011175e-01	-4.26324712365196256680377e-01	 6.61514496661440576374957e-02
 1.05679524878514105590277e-01	-4.87905400083728679749839e-01	-8.52611840100373052919736e-01	-1.54316220923713443013980e-01	 4.43989538928174585358244e-03
 4.48420668783261755496738e-01	 5.40695894705094798338152e-02	-6.94549036207925851726941e-01	-5.21227419124798752037009e-01	 2.04741293240043947809781e-01
 4.39682573795184897247346e-02	-2.36366354193618642687280e-02	-9.30458813613731394731587e-01	-3.41181614014958944913758e-01	-1.23893519748758049181525e-01
 7.44542848988960503930912e-02	-3.70734387675116572324896e-01	 3.32249811019272867085306e-02	-9.11817997288824400037299e-01	-1.56513940932827860796905e-01
 3.95419039067187283453819e-01	 2.90276036917873014875369e-01	 4.77987727265224038308844e-01	-7.06008030480513304460999e-01	 1.80177688450286727084304e-01
-1.31704513757350177849403e-01	 3.84776079859042441366768e-01	 2.30096693757078168962593e-01	-8.54795418728840128430591e-01	 2.25791038499087104440832e-01
-4.64321338727372356913747e-01	 1.86316066278126551969407e-01	 4.89158492470208039470947e-01	-7.10745941273465575704904e-01	-7.24996141826596690593831e-02
-3.64644116371522844510800e-02	-5.52818233320599761171366e-01	 4.87552130571163533367951e-01	-6.72027322171768526359870e-01	-6.11109304659041563390076e-02
 4.99930037913016045436621e-01	-3.10054877999670019939060e-01	 2.48015596886536543452806e-01	-7.61538023369901173609264e-01	-1.11731967152552513766750e-01
 1.91076098606132616097852e-01	 5.28891107372292057497987e-01	 7.63795748988666117762492e-02	-8.09645877120879653432439e-01	-1.49679107705117581117449e-01
-5.59501574851358318696271e-01	 4.08742358143081352395143e-01	-3.63084514205269052317115e-03	-7.20877440478769337950382e-01	 1.44984540836615959091827e-02
-3.99952535956954235984995e-01	-3.08711626647948267354593e-01	 1.95604574115044560489451e-01	-8.39985637490615499878288e-01	 2.99679820597889313982254e-02
 2.63726980952688039305798e-01	-7.14335928828834565429418e-01	 9.24948356781251680713840e-03	-6.43660511228347775869452e-01	 7.60779445096785161828379e-02
 4.01809651988482008366788e-01	 1.04375785101477130956127e-01	 5.90817517196568706139281e-02	-9.03181128345012296243510e-01	 9.18035678419566042451905e-02
-1.27190964152528063202396e-01	 4.48081163534061355235849e-01	-3.47881305562139808706945e-01	-8.13605001228035584759368e-01	-8.43971214093687353841045e-03
-7.23575419099035110903628e-01	-1.73849342658867513089493e-02	-1.96140994006836322238740e-01	-6.51217840533101055555676e-01	 1.16535022965808310324576e-01
 1.53793266561229047262316e-01	-3.93227511474105007049928e-01	-6.45659549857242831549797e-01	-6.30662733204008119081152e-01	 8.43090624197795207583894e-02
 1.66631609170195094105082e-01	-1.36585078632413068483453e-02	-3.81139792567651347621194e-01	-9.09205267914973247478372e-01	 1.12067526719702367787868e-02
 4.54642396309663354703190e-01	 3.49421942130649421098809e-01	-3.83170742176960843483613e-01	-7.23025485998013861532741e-01	-4.02358891084205402832730e-02
-2.93573266730833615234530e-01	-6.20255600508867327436135e-02	-6.47719738722754567739059e-01	-6.99258074141164587267383e-01	-3.82733951809488756601318e-02
-3.08813028078163687162316e-01	 2.15256058956027687689705e-02	-1.94597408825443518587406e-01	-9.25634519120499765776344e-01	 9.74871656732666930222919e-02
 4.13433501882975104613216e-02	 2.92642080795510739488208e-01	-2.90461133219838754659925e-02	 8.35759412752764441201236e-01	-4.61859142205632400290938e-01
 1.98168279145166034704850e-02	-6.27045698191228736279035e-03	 4.67290035636662826057375e-01	 7.05478828181472561453802e-01	-5.32454336336016020858608e-01
 4.47046953804565050383246e-01	 1.15150210371123482011591e-01	 1.51120589718378106613983e-01	 7.31773307336881506657278e-01	-4.78079328331561581588716e-01
-2.81260917873759230811714e-01	 4.26624609540220467440719e-01	 3.37527117042381030742604e-01	 7.16268806373226762929107e-01	-3.34541747602891348378762e-01
-3.20556989113258195001066e-01	-5.84651856534867467307670e-02	 1.90572900656421177767452e-02	 7.91890956529103795524804e-01	-5.16111006916071146655156e-01
-1.12310039646463785678598e-01	-4.43756350520374376333876e-01	 3.34672024407721535599336e-01	 7.58892336475463613609804e-01	-3.20224630665877363355776e-01
 1.70054635823284866491534e-01	-2.88506642088210585317398e-01	-7.53962350343931331231317e-02	 8.05784060967024484689603e-01	-4.82568951695116987732348e-01
 5.17844688581174938946106e-01	 4.72753827770676926522952e-01	-1.26894925714355816248613e-01	 6.78170658662693104368202e-01	-1.79785795861064273681862e-01
 7.20856806461015742204523e-02	 6.14876991493287006207424e-01	-3.49463576289635702298852e-01	 5.92648981526143758813419e-01	-3.78645392842478945016893e-01
-4.13217801803731632492855e-01	 3.87346166775263844872512e-01	-2.26292516366236956537605e-01	 6.91309995628902829167828e-01	-3.87422485585445008915428e-01
-3.33523638188003568316731e-01	-2.68659808862020454967023e-01	-4.53312047280827135065095e-01	 6.80490510351021038459862e-01	-3.84739838052069405005540e-01
-9.49540420331249218621750e-02	-6.70003177411717776301714e-01	-2.85993390536052216610585e-01	 5.73364609536197833428162e-01	-3.62684818073310821784361e-01
 5.82643294939814038180259e-01	-3.17303208185691840159670e-02	-3.58495961612322944223052e-01	 6.59844347550356591369791e-01	-3.09202296427319278659951e-01
 2.92583248653875103995059e-02	 3.69572840860293919118540e-02	-4.34358685833405144816055e-01	 6.82582517397258503599744e-01	-5.85825698108024761623369e-01
 8.84037441704315085644339e-02	-1.32741713194502064521174e-01	 8.38120624471317410275617e-01	 3.78200269533891686446481e-01	-3.59280935418424485217059e-01
 2.98241967929038509499406e-01	 2.65518118478911935298470e-01	 6.46862270458262056394005e-01	 4.98220757156583149427576e-01	-4.17009757105437972590778e-01
-4.27358391023565722943722e-02	 6.23873156851221799534812e-01	 5.20740302682296318792510e-01	 3.42416900761542131181869e-01	-4.69612750521021249383580e-01
-2.69762029871958741722437e-01	 1.85533478198961210292595e-01	 7.06621424536191033993759e-01	 3.67200748229645823617062e-01	-5.08581899592178365843154e-01
-3.38681392033218897630320e-01	-2.98622086767631855774852e-01	 5.05486377187173707703494e-01	 4.22766285621273385508800e-01	-6.01557939192198243283372e-01
-1.16943118647186584252440e-02	-6.15288369518751654396738e-01	 6.23648546181664653609289e-01	 3.47075353766676586442230e-01	-3.34491636753745158472384e-01
 3.55635028519640350452846e-01	-3.67369906476440077902623e-01	 4.91156508597283103512154e-01	 4.83327837888855416093037e-01	-5.13539252141000157614315e-01
 5.76614069862555034262641e-01	 5.11164305911928074088735e-01	 3.11946636288878698106686e-01	 4.04231108875428735149882e-01	-3.81462676448840465326384e-01
 1.43181865216444076382984e-01	 7.66266946284244632181526e-01	 1.29193879242002124252409e-01	 5.66587217050759428538242e-01	-2.33713045306498695685704e-01
-2.52225562782074474998950e-01	 2.67418598749580738171971e-01	 2.75881277920353606969428e-01	 4.61803287037072518472769e-01	-7.58615055938691607018143e-01
-6.65667325084860261874553e-01	 2.66263953832638677887701e-01	 1.06262592776964009955165e-01	 4.43546794024666291011982e-01	-5.27223882321860348731946e-01
-7.35501243904303492193719e-01	-2.45303810087825757690894e-01	 1.51258725622188339166030e-01	 3.40916549475409835778805e-01	-5.09667210234825973635964e-01
-2.17057043150058109892697e-01	-8.36127740690202347906279e-01	 1.94138852752095636411411e-01	 3.85266553857789462167460e-01	-2.60108495820292162648002e-01
 2.79542086565027936284622e-01	-6.77624467062262758609847e-01	 1.12241256566282782136668e-01	 6.34636960597370736181233e-01	-2.17529611882171819425835e-01
 6.40968029232256375493648e-01	-3.40946215009230557679842e-01	 9.16664479187624670064594e-02	 5.65432263580403438041344e-01	-3.80525007852696606214238e-01
 5.64323732226382990262437e-01	 6.74712684167724896511231e-01	-1.77258365725601108042753e-01	 2.51206593242247089303731e-01	-3.63009970057549313793288e-01
 1.26863895534147730348451e-01	 6.25731433660010494257619e-01	-2.98368130932563868640273e-01	 1.35628428730397293522358e-01	-6.96381441958084379528771e-01
-3.28079172097535509688981e-01	 6.57950090575160850825398e-01	-5.05856445365285734006022e-01	 3.10432233503446231015488e-01	-3.27424526009266469994685e-01
-4.38395934901084749490963e-01	-7.16515016464589621358883e-02	-1.87705753404236869164023e-01	 4.18282004457979084133257e-01	-7.69728381612354572993695e-01
-5.93914462417814204009403e-01	-5.92482926908195151050052e-01	-2.64733877643259840617418e-01	 4.61329809871566021151068e-01	-1.15413921192747029320635e-01
 2.31195409526660476673410e-02	-7.55968693927083879025020e-01	-1.76934272532950825906894e-01	 1.03608162180480412040140e-01	-6.21237822867487410327669e-01
 4.17478618171688020677124e-01	-5.79154037037872604365418e-01	-3.06411046375357987159305e-01	 4.32601754352145595472479e-01	-4.57449666676888966332371e-01
 8.00595862231935018193951e-01	 1.40206956380033359588211e-01	-1.69038865132542515112846e-02	 3.64019507594612046208482e-01	-4.54524291398243407424928e-01
 4.63111971280634263092857e-02	 3.47815072353245713365766e-01	-6.99195611513687254046090e-01	 3.22765198968813893376506e-01	-5.32755170448016568407468e-01
-3.73457512114629630595175e-01	 1.83334405373353132029379e-01	-6.58394613962482111446661e-01	 5.36064519843805209475818e-01	-3.25682890740940089724376e-01
-4.68252485130525364365184e-01	-2.52954003437077024063484e-01	-7.56155713315520117134838e-01	 3.77163145810878397412580e-01	-5.22530475339133410050962e-02
-4.48700664163775186921157e-01	-4.69701402960052860624529e-01	-5.24235963717061492772586e-01	 2.45397747326904724918251e-01	-4.92955277879108977323597e-01
 1.84687344461737318335182e-01	-3.16121520724129967394589e-01	-5.52888632075770547480431e-01	 7.07489482415092352241004e-01	-2.44398366860630211760963e-01
 3.72482477033645453801114e-01	-5.22459672715888737148937e-02	-6.71776245884431189026031e-01	 3.55963097060369548785275e-01	-5.29654710356989077979506e-01
-2.66746382241276336344526e-02	-1.36691734226439015609245e-01	-8.58395829750615235731459e-01	 3.98784275948177835413588e-01	-2.91086815560273437508698e-01
-4.00442949650974822084493e-01	-1.23639035354104379060836e-01	 6.16628487367512190253649e-01	-1.62056446343607968296752e-01	-6.46425440230246839412587e-01
 7.02736790637239927548308e-01	 8.59765051983366751509053e-03	 7.10824812733486743887568e-01	-1.66749655193231885452754e-02	-2.31757333809285183401361e-02
-1.45350067534356971327147e-02	 1.59866127452851253254451e-01	 8.41427420165938855234344e-01	-4.45119287309065220226145e-02	-5.14052662346430988549173e-01
-5.73808565958345700996901e-02	 6.26244792736464384041994e-01	 5.74457909301386182576721e-01	-1.90968944972177478991426e-01	-4.87907644297652876019811e-01
-6.95794888069888983750388e-01	 3.52900889119911048696920e-02	 5.36218402531698168367313e-01	 1.75656172969601787059446e-01	-4.42988506673053061835077e-01
-1.64915670720202522936404e-01	-3.67332938683332221874167e-01	 8.35086414196529291942284e-01	-1.04095993987167127065030e-02	-3.74688743858037742739953e-01
 2.87508929968051052394884e-01	-4.71596575966942821445116e-01	 6.27523508774043281555066e-01	-2.23323438185729118699019e-02	-5.48316329394232360172623e-01
 4.86130013375155323185339e-01	-8.15495876262354278674049e-03	 7.04221563576699294273453e-01	 8.25711605686138133686214e-02	-5.10749546822503286414019e-01
 7.96744242233828559029973e-01	 1.95099699308816709741876e-01	 3.72604577863160368877971e-01	 7.09620658876812006321533e-03	-4.33878084494155491501743e-01
 6.67878026496563914626847e-01	 6.46437627231402078820111e-01	 2.91249745762435674478752e-01	-9.68214577323047581591808e-02	-2.04588676955490628150969e-01
 2.70980021295674888825999e-01	 8.20572988818146997758163e-01	 3.12727592857551084382095e-01	 7.56362975448507807163523e-02	-3.86924283600651508496782e-01
-2.84646966448691807194393e-01	 7.09077074939816309750995e-01	 2.76103217676075089748178e-02	 3.98763213452694553762257e-01	-5.06370789061850845591550e-01
-7.14646274768768852148071e-01	 6.02108569458022824250065e-01	-4.02844056398162925214379e-02	 1.08545189760896901298715e-01	-3.36661671394817618718776e-01
-5.21965564330575948481794e-01	 5.60568847812169424038586e-01	 4.33368509400018142585509e-01	 1.64688173428303663570205e-01	-4.45403252243240621588427e-01
-7.47312575098453057975689e-01	 1.42900477852587914906479e-01	 1.75625029795140413790833e-01	-6.31497963868423162203669e-02	-6.21507297346521547787290e-01
-5.96690549353497967643989e-01	-4.19936628565747427366261e-01	 6.08930278657050516599725e-01	 3.05700746816630238023027e-02	-3.09649806345262623707981e-01
-2.15472377541870430128768e-01	-8.78597508955211603520752e-01	 2.39328548633942567169797e-01	-1.49679846180121839394062e-01	-3.19305279051907198173410e-01
 2.59402009935911614935122e-01	-8.19573392918978793630913e-01	 2.49924225857241194548308e-01	 1.33363279938989248707415e-01	-4.25161343202854813405622e-01
 5.46503160254316222577131e-01	-4.56907977536237353000104e-01	 1.06295693810521577060690e-01	 1.32491596855551951872343e-01	-6.80967398731977535675242e-01
 5.94734068625006218056228e-01	-3.67963750631696173698515e-01	-5.82044121157261895582735e-02	-3.98991435617072065511479e-01	-5.90179757830012197139524e-01
 8.32119198845677310316660e-01	 3.47280022685535372239940e-01	-9.01506592000155260180350e-02	-1.54776954018868734275216e-01	-3.93562165237470618084359e-01
 5.15841045792356012178459e-01	 4.60639306231098388799694e-01	 1.00048688745262098764854e-01	 5.03342548654710092437270e-02	-7.13565811749885092751811e-01
 2.29049231465521557771226e-01	 7.12402224210178180996422e-01	-5.88431284103392959750067e-01	 1.07580973925732362173058e-01	-2.86695794254237135145758e-01
-3.26127329355498984941875e-01	 7.67337511814976891422191e-01	-2.28946662971046099865902e-01	-5.90814638632619973379612e-02	-4.98925760160012943256191e-01
-3.92123264318758268931475e-01	 4.08750560262229278851720e-01	-1.60855514261695545230602e-02	 6.30036431426991699877860e-02	-8.21543742628095485791562e-01
-9.38254767503334696776562e-01	 1.30030383463090759565972e-01	-1.60755767261786919331001e-01	 7.10397966930807200913733e-02	-2.68106361751422994643690e-01
-8.23787209143992948945368e-01	-4.08002428351689261365465e-01	-2.13415580074897498485953e-01	 7.05495933636525185406185e-02	-3.23086981426665698080569e-01
-5.39781174690934784088370e-01	-5.00790824384780730582634e-01	-4.49988982830987038763482e-01	-2.70392220516744108405049e-01	-4.26899046703133777658223e-01
-4.03218564448459715343631e-01	-8.26395169217896352620301e-01	-2.08176326378495840652150e-01	 1.05954950978191103638792e-01	-3.16104380033259024784797e-01
 3.54103492227093641364633e-01	-7.88420626718288275469604e-01	-1.87923339410965811735466e-01	-2.35292291751762250306967e-01	-4.02896994409926934022081e-01
 3.70336324230402358370640e-01	-4.57784090495856832436772e-01	-3.78961910356016729028994e-01	-1.46330532053707542891607e-03	-7.13912083299654609547247e-01
 8.90975269627965138496961e-01	-1.86823949172996300882588e-01	 5.53036697208683647453142e-02	-7.55829052718248184383754e-02	-4.03098758957226299681764e-01
 5.59101735857493120640527e-01	 3.23990944898983279642835e-01	-4.77166940758668667310616e-01	 4.82160838054739721014741e-02	-5.93651443604813477961102e-01
 1.88777701971751921128373e-01	 3.43531462563936351717331e-01	-7.17580704979231653872773e-01	-2.04187630845891532338499e-01	-5.38269873500271445188048e-01
-6.06733811792741994928235e-01	 3.20488151240767238370211e-01	-3.92905373107470201610170e-01	 2.35696351861997444032681e-01	-5.65007985823164915473171e-01
-7.11937111865655225528826e-01	-4.34630335373933571196936e-02	-6.27233407177732016357652e-01	 1.26912423021502379638648e-01	-2.85881099877452471424988e-01
-1.14595240213916982341402e-01	-3.95967315941499420350880e-01	-4.73785724952340558946418e-01	-1.48410961462673129940271e-01	-7.63923483717780182900015e-01
 7.90492566007463814958811e-02	-5.34820290583896351677140e-01	-6.66784414948325965255549e-01	 2.52077188703665855395997e-01	-4.46737178582554794736836e-01
 7.30782446287327025480351e-01	-1.68330512097383533376416e-01	-4.27376773269991960813030e-01	 1.77840184788879723809529e-01	-4.72592654660363764573816e-01
 9.80612275575866304544448e-02	-1.35486379578966392722705e-01	-8.11749717651888302860641e-01	-8.64666219681428926957523e-02	-5.52823078186847838288998e-01
 9.09567870671445094510332e-02	-1.15065995667665940671576e-01	 6.02906733993515464575808e-01	-3.57720804762695521183957e-01	-6.97872463615403670900150e-01
 3.09857662462903471478626e-01	 1.60149077973769232707824e-01	 7.48547200222432596028455e-01	-4.49569551200259154288830e-01	-3.40447954186733070525150e-01
-9.05652319247076537100938e-02	 2.94452933014046791537766e-01	 5.01642380431784107308602e-01	-5.58302806633655945844907e-01	-5.84592428334104519116465e-01
-5.12394799434105818747298e-01	 3.15053839778447863917421e-01	 6.02444268758853818113153e-01	-3.46774600923339559876979e-01	-3.93701570669723055484468e-01
-5.87531762104045007788500e-01	-2.43538402907227141680480e-01	 4.37962040517025141816987e-01	-5.20017506433137710608605e-01	-3.65056870771580277423851e-01
-1.73128039096342944969109e-01	-5.44707480903125040860857e-01	 5.31319114676488735149462e-01	-3.75502083046150958445253e-01	-5.00018625987293185986005e-01
 6.42368833716685738721708e-01	-1.46097794564653049587122e-01	 4.73882518701443433695175e-01	-3.60130260021849168960983e-01	-4.60173087195004049121394e-01
 5.56686476861157908402333e-01	 1.50413222605844582036028e-01	 8.29009064463468031691562e-02	-4.51561394369393909187238e-01	-6.75792701773834658673934e-01
 3.04928658291558907222907e-01	 6.49006823567598090107822e-01	 4.72122088817412577377297e-01	-4.70606608479062660244097e-01	-2.03565246596082355390323e-01
-4.55800422570377672393249e-01	 6.01503634882548099405142e-01	 1.99336458332994764797164e-01	-3.03791758445353110573706e-01	-5.46273645609675950751694e-01
-6.57676838127675966738650e-01	 3.22861241746115135153872e-01	-2.35495222019238253929885e-01	-3.03029317346816262634945e-01	-5.62082759389550656869972e-01
-8.05875478400651545918265e-01	-1.50094856963031708652068e-01	-1.09211457051401478191011e-01	-4.20604273217961455166858e-01	-3.73096703584028799305372e-01
-2.97848903597668968057377e-01	-7.39566923186217084484895e-01	 7.07026647616526282558169e-02	-5.96072640400988396081061e-01	-6.34455460653769315326755e-02
 1.74524282979756667488758e-01	-7.32076420066373856343489e-01	 1.81876593879705006351344e-01	-5.24703729301741028656636e-01	-3.53853487885545991975533e-01
 4.17393922477285073124875e-01	-1.23260676706719612960583e-01	 3.30369609814582465556754e-01	-1.33182359339903105821534e-01	-8.26866070853342627344773e-01
 4.24600930184670710687556e-01	 7.56244743604933655767297e-01	-9.04657825154325245797793e-02	-2.25288202058899295066041e-01	-4.34590733982168242466315e-01
-2.10941791346247395355640e-02	 8.47776003325004912092311e-01	 9.08006274341960628593284e-02	-3.99085658623103745057392e-01	-3.36625558940252589401609e-01
-4.08552208079298206921948e-01	 6.55438156261931248458552e-01	-3.09131622922758586557990e-01	-4.85413044910206425974764e-01	-2.68882376011581381014537e-01
-6.69669469034301134691134e-01	-1.05821465724930396934411e-01	-2.76324466782307320844581e-01	-2.72353103923295980504093e-02	-6.80622984155289656449384e-01
-6.23117534912272286184987e-01	-3.90382307566112252139590e-01	 1.98483043255419849826282e-01	-1.96348070916227745996707e-01	-6.17558182045832682049991e-01
-2.53391990641684161644775e-01	-7.04328827937685364446452e-01	-1.00945968322964513275153e-01	-3.42267944967121318100567e-01	-5.58906044467130325159587e-01
 4.31638550351267136218070e-01	-4.17873138254260756419001e-01	-2.91954348890625325907422e-01	-6.98862736443523702156710e-01	-2.55780640296940753319888e-01
 7.86212249914853056331765e-01	-4.44813599549695598556198e-02	-3.57115089502006599619932e-01	-3.80254571315100264872200e-01	-3.28278815253625844139407e-01
 2.73584523242457855474186e-01	 4.75567473369677029548797e-01	-7.32775230553733503136016e-01	-3.94895455902922465352134e-01	-7.80072260058294469908802e-02
-2.41713428661243956430127e-01	 3.98038928785779455576943e-01	-5.39069758938528043046290e-01	-8.76473719094689046604785e-02	-6.96319871015624314303238e-01
-4.47272358783891210709527e-01	-1.07866195331216725705747e-02	-6.50143843681301625281321e-01	-2.89502633888194638167590e-01	-5.41601600258015292155278e-01
-1.40949833267368124234409e-01	-3.32587383730771901646506e-01	-6.72045953205706370070516e-01	-5.06953870500708836388526e-01	-4.01087006333047169093220e-01
 3.25590025420276207857029e-01	-4.80878893933474882427248e-01	-6.31534911059791426168886e-01	-3.44163398892667005135593e-01	-3.81394593159748496180583e-01
 5.95768501701408714765762e-01	 8.78431726566078763251966e-02	-7.37538060625860580898916e-01	-1.91677751999522527626141e-01	-2.37993104763003615609307e-01
 4.53817173019328667926686e-01	-8.92571250343854871722726e-02	-5.01706233591720285325266e-01	-3.13296729711078525415502e-01	-6.60468889071161524562115e-01
-1.20500577688677959486974e-01	-1.29241902260087665466060e-01	 4.86462643845588404989400e-01	-7.61594050287981105817892e-01	-3.90006077113674409773125e-01
 3.71415551080486516788426e-01	 1.37762973062301147253450e-01	 3.57191357118265329084750e-01	-7.63078923154615229584863e-01	-3.64961289873075467315999e-01
-2.81681352227753534211985e-01	 4.62720245510180205883444e-01	 1.07444791598655581266186e-01	-7.33921775761763428569395e-01	-3.95423866279166591475303e-01
-4.90983512686603562613641e-01	-5.54878436235545051402607e-03	 7.89394348913894094987853e-02	-7.94029071964372668013254e-01	-3.49558006282861655211747e-01
-2.58144001631824993037156e-01	-4.45321933434808248097880e-01	 1.29085246452027652130923e-01	-6.88677833526974980671298e-01	-4.94074782578916960051885e-01
 2.73151884100370778707401e-01	-3.00320678089913362107666e-01	 2.47769379303643150214143e-01	-6.51728411640501992252439e-01	-5.90809572251557169053626e-01
 5.02617844775636646303951e-01	 3.71688957404229691761088e-01	-3.70550623660948319493258e-01	-4.89945992330315160945275e-01	-4.81526511171291637936065e-01
 5.55234650893330350385213e-02	 3.62905157274859779814591e-01	-3.34955411476134889969813e-01	-7.49088449752962737271389e-01	-4.38050634535939675817673e-01
-4.77507359281440058040857e-01	 1.75919835256919482313620e-01	-3.67878538492613094135208e-01	-6.83639905197537478542813e-01	-3.71941923333851953703544e-01
-8.37541025204231737166793e-02	-1.60645758770610103116638e-01	-3.23497374931959735810949e-01	-8.36423601783175540980153e-01	-4.03637457741726546345262e-01
-2.95123842498544071422106e-02	-6.83604937328398665208340e-01	-3.60031969635983328803519e-01	-6.04026596558171924300495e-01	-1.93241197280783760792389e-01
 4.03010394934978977143913e-01	 7.10993511343354679665740e-03	-1.50832155293140313112588e-01	-7.86622709704982936429474e-01	-4.42726150010422536684729e-01
 2.96456834263389090722285e-01	-1.40130477397986501209015e-02	-6.54142840162442618101579e-01	-6.25579079625257272745387e-01	-3.04409164958942712875256e-01
-3.56775167542648791174642e-02	 1.10021360041016272313108e-01	 1.01853239567480810534583e-01	-9.67085975244698303754376e-01	-2.02467402827207099136331e-01
 2.28559423250203203048514e-02	-8.23380880142407511890212e-02	 1.07633295984271473710869e-01	 5.47798680290390693770064e-01	-8.25245251201279672592648e-01
 1.90224180915035512295930e-01	 3.09741237456698403907041e-01	 5.04079527722592790617284e-01	 1.52414287505752338303111e-01	-7.68471757131697574827456e-01
 1.84046515058210125026505e-01	 5.10551580692390816196280e-01	 1.43161601943503469236418e-01	 4.79815284784906814774530e-01	-6.74348583421940706017494e-01
-3.82227872646686062108046e-01	-1.02155767446621817406971e-01	 2.23930917920479033433878e-01	 1.39103887268444442737447e-01	-8.79756275962542022561763e-01
 9.63875616713423949422079e-02	-5.51390950148122893637037e-01	 1.58102447844705756851980e-01	 4.43186300121561405074289e-01	-6.82104814101086032174237e-01
 4.12907136318489353943306e-01	 3.17860698822838017019166e-01	-2.63829333053154813093499e-01	 4.85235127528917953299015e-01	-6.50702103080852078953455e-01
-1.53738026629832436054102e-01	 3.31117730419875633263160e-01	-2.71428213409896923469233e-01	 4.28421546718843249124120e-01	-7.80709530518041927571460e-01
-3.88417540547477679879762e-01	-5.10606640236058950677034e-01	 2.36199628089578499146040e-02	 5.17205157840071483299482e-01	-5.65997875616527812425716e-01
 4.20582099109946982995467e-01	-1.66843015844161612903918e-01	-1.85058709997846904116159e-01	 4.41966856986997613798707e-01	-7.52125439771361037344377e-01
-3.02481751157400377549855e-02	-3.47067675968694255850266e-01	-3.62911246857128555465266e-01	 4.04916299137998370039071e-01	-7.63522949096389957901465e-01
 3.24970201529064667278490e-02	-1.79721686267997587949097e-01	 5.26543038625820636333685e-01	 1.80135759942631284991066e-01	-8.10523038309675314394553e-01
 4.14937810517061078652290e-01	 3.92053628299381784483302e-01	 4.51606278437363228839274e-01	-2.82784033929979250476805e-01	-6.24664330157278291366652e-01
 1.73622820906549867048252e-03	 6.61472503705657466355206e-01	 1.44232882760208208638986e-01	-6.14153193090169816081847e-02	-7.33400399807517588968153e-01
-2.95043938598702759623649e-01	 2.99884208745653246808160e-01	 4.75350589910087828471319e-01	-3.35337650658112731982818e-02	-7.71968806956473629909965e-01
-1.79653198854692108810127e-01	-2.89142575931880196904444e-01	 2.10525798056109797462554e-01	-3.32417471166907563251414e-01	-8.53989936791171744268070e-01
-2.33388231621452890696133e-01	-6.07524406388668114509244e-01	 3.73295210978043134897320e-01	 7.83447378490889911883954e-02	-6.56473012769697383816947e-01
 4.95049091363472526516887e-01	 1.25757821091573799426877e-02	 3.03578760756120502595223e-01	 3.48650068449961048067109e-01	-7.35561902651407750752810e-01
 2.39187880701076521772208e-01	 3.75395084713009030696895e-01	-2.30942473899193617681291e-01	-2.57074047879357170387493e-01	-8.26103017640828385381724e-01
-2.89390288440950216308778e-01	-4.46551517757463600766243e-02	-6.38476920694348248908057e-01	 2.06917256450911857257324e-01	-6.81022502638084059611856e-01
-2.52281591892173029378910e-01	 2.49556251084584457267113e-02	-2.16455875597921454378536e-01	-1.08845914847566768712817e-01	-9.36499138231280281452484e-01
-3.95635279736966161134859e-01	-4.96832052060666828907642e-01	-1.06313006137972829168170e-01	 6.59278274017443127741345e-02	-7.62221558191994885689269e-01
 7.19462631353508380582795e-02	-3.07416579142998247498042e-01	 1.11410079648805102059406e-02	 9.36856861662869466744752e-02	-9.44149168425177376384738e-01
 6.10430514524229583805948e-01	 8.37891329736591312926652e-03	-1.12966421869110600351149e-01	-6.17607670975948812308598e-03	-7.83903581032900254044193e-01
 1.57242575636798082028278e-01	 4.38998435678378332025495e-02	-4.58975167219857316247555e-01	 1.02808102749796487218603e-01	-8.67248445387085564739493e-01
 2.78791774438568867866550e-02	 1.98280359080247464698132e-01	 2.36094605851831729204093e-01	-2.77267076189190497803594e-01	-9.09554812101628140652565e-01
 1.94638036008590198377988e-01	 5.15976479349674166385853e-01	 1.16527677119627109947331e-01	-5.63258106591821738895476e-01	-6.04190295784642672494158e-01
-4.57819750546605730434635e-01	 9.51381374518986688837430e-02	 2.10284112082565505241760e-01	-4.63984247016131556851093e-01	-7.22391183181347984465503e-01
 1.78844927718875279509803e-01	-5.89910134471764879826594e-01	 1.86844228055012356870535e-01	-2.14620724441173915675307e-01	-7.34198681665669261597884e-01
 2.04522473277035682359681e-01	-1.32806471893614469470535e-01	-1.22382220432941821175454e-01	-3.55215266375193183812087e-01	-8.94079250180719986573763e-01
-2.22563136965756941387795e-01	 4.09775116258480343045534e-01	-1.67607658712859569627440e-01	-4.51520292412080026522858e-01	-7.42015567518777952038533e-01
-4.02768467221083004137228e-01	-1.96188783582407849648277e-01	-2.15262128164345228897858e-01	-4.96536072412984919033363e-01	-7.11619046948350542081130e-01
 1.12606657088844722136578e-01	-4.66265754701211065924582e-01	-2.44929677690689323599216e-01	-5.51175788991001947003667e-01	-6.37283837382266460380720e-01
-1.83240187162079931626479e-02	 5.34782526534246099858549e-02	-4.97552955041622169130022e-01	-4.90099727282356900648352e-01	-7.13475732648513827349745e-01
-1.21713857436859390626083e-02	 4.62866624234395049319879e-02	 5.12970402783806400659472e-02	-7.19642314857346532264160e-01	-6.90791542056078622380255e-01
 1.30553850309112623451213e-01	 1.99092713818556033000817e-01	 1.86948204043085736136831e-02	 1.69812870517240505074952e-01	-9.56102440207415416040249e-01
