-8.61535208235902627560421e-02	 2.69444257668135789263175e-01	-8.10378098308379285485969e-02	-4.79629153014239119345863e-03	 9.55712944259281993453214e-01
 2.95639520726244282855522e-02	-5.74962023058770491101832e-02	-1.30620484342093362561954e-01	 7.85122143140933981264595e-01	 6.01948227739124597235332e-01
-4.49474491079129984116847e-02	-1.09211719780364022169827e-01	 2.97590621734232285700017e-01	 5.21620864175594722844664e-01	 7.90824900337518399418002e-01
 8.44890269215526068524724e-02	 3.50037551644451550014736e-01	 3.30289531986425854981348e-01	 1.89940161023702647202782e-01	 8.51567306241312382830699e-01
-3.74291835275279316519459e-01	 2.46422859463586683970160e-02	-1.90853973546998498256322e-02	 3.76002046564413272555782e-01	 8.47087119708939462192632e-01
 8.62691833401376811929495e-02	-2.99757426219916800480547e-01	-1.23815602279009284725220e-01	 1.46608977841872101244292e-01	 9.30525989793022811902290e-01
 1.83998602566721042306241e-01	 1.28298633884265184113005e-01	-1.45238235847080843221590e-01	 4.23232808072758870387986e-01	 8.65715784663650622654529e-01
-2.47505911344291479325719e-01	 4.35222235957008207751784e-01	-2.25721101781974436972789e-01	 4.34009126058839400652545e-01	 7.14148788339088458343440e-01
-2.55134350796327846744305e-01	-4.62585135714214112923059e-01	-5.84068478865399295929528e-02	 3.86301307358860368523779e-01	 7.53844410546892662594587e-01
 2.77873082255755410319153e-01	-3.55799798587625004664403e-01	-5.35109797734430681082074e-01	 2.76639101289371303060705e-01	 6.58271498311386427104708e-01
-1.62920468685178287948645e-01	-1.29137453280433328606236e-01	-4.58523126057681029710267e-01	 4.59276253711728865702923e-01	 7.31848553110858834891417e-01
-2.47836969051624722570892e-01	-6.69984348560175857478782e-02	 2.60153604529167359338260e-01	 6.09059180140205953107868e-03	 9.30790552831376016840181e-01
 4.98316253202235714958590e-01	 4.50663354282390238303435e-01	 2.27167159618835823309269e-01	-2.68444317964385802122163e-02	 7.04455755156892071688901e-01
-1.79932907785093687547118e-01	 7.06088381464256231723198e-01	 1.75834197385342574926348e-02	-1.38777297643937862214880e-02	 6.84515579241315008651725e-01
-4.68884677170339936314036e-01	 2.62122910735663294801157e-01	 4.94261378579569421454210e-01	-1.21142636276734994016380e-01	 6.72658078449129948062080e-01
-4.41491391589822035346202e-01	-3.80200949658042408607628e-01	 4.08997895051375959241113e-01	 1.53137716470038404148468e-01	 6.85421148396437307503959e-01
-5.78262464698783909544666e-02	-6.28289492333570231963336e-01	 1.86516244794888985669701e-01	-2.49329389898583324292058e-02	 7.52660931644103969873072e-01
 3.87140792115919563087800e-01	 1.82670076129829231370572e-02	 7.64365897476957517620022e-03	-6.94076967923664828186148e-02	 9.19191204057230981661064e-01
 2.57347618611719175518715e-01	 5.63954421562708474446879e-01	-1.62693581534412073930085e-01	 2.25143312210302926068550e-01	 7.33872537358653209693671e-01
-3.27045961686975195092941e-01	 1.07489460094470787310250e-01	-4.99182460071467881679297e-01	 3.59442523132861430079643e-02	 7.94362535115722301348740e-01
-5.06383387538273166406100e-01	-2.47685525798426453558676e-01	-1.53928512128522015922627e-01	-5.05111023685954133033427e-02	 8.09927396021784762325524e-01
-2.06581133419023399433456e-01	-4.17672188730791871247305e-01	-5.03634583887138886915125e-01	 1.28801726615067804043724e-02	 7.27365441261254686011739e-01
-5.64644175588148097832963e-02	-1.40867893548510370038684e-01	-1.63761456352998796548448e-01	-3.38489393280838157807011e-01	 9.14097982804066955253575e-01
 6.68813019921966622760579e-01	 2.16149629943689775002369e-01	-1.32564429368092290273395e-01	 2.54596120340596754338947e-01	 6.50827142513197176576512e-01
 1.82308451942735288975328e-01	 5.14140391467892837740195e-02	-4.87188509611249487285534e-01	-2.35062798465469867392752e-02	 8.52182513220848258939100e-01
-1.58881649275331882087414e-01	 2.70462850457786285751638e-01	 5.31130584797280369535599e-01	-5.80775415177792075915875e-01	 5.31231293377716906611852e-01
 5.19224546069424475192022e-02	 4.86603312112229346997339e-01	 1.89703872859705469089420e-01	-3.55303182470912415347186e-01	 7.73494256279300795853260e-01
-4.42558450674784387146588e-01	 1.19247005054776603061306e-01	 1.21120258410096090506691e-01	-3.91899627875733680415493e-01	 7.88458454324217239417294e-01
 2.67202424656840964445337e-01	-3.83059199385155424444349e-01	 1.49526368826601835371193e-01	-3.93963250607865467234348e-01	 7.77369497870815995277383e-01
 3.19786751074487118895462e-01	 3.76821867963081480468190e-01	-2.12138413989344659649205e-01	-3.28386262481099422405606e-01	 7.76467301040950519386286e-01
-2.19964128239869494141345e-01	 3.42958929468796802630948e-01	-2.87253193738113310473636e-01	-4.12870065300320998602501e-01	 7.62245935936331608928640e-01
-2.88031508906868016772762e-01	-3.73169194652279934132366e-01	 2.33233842295394233623540e-01	-3.91804929017223801945846e-01	 7.54899645280971864913511e-01
 3.70955683399538216349356e-01	-7.91974451915476024277396e-02	-2.82525341997466705734610e-01	-5.21788235155127622100224e-01	 7.09955008723528346870069e-01
-4.06028863012892315964564e-01	-2.08368213978694094556943e-01	-2.66360533843119362540364e-01	-5.88494928132723305047591e-01	 6.11922409604891304191199e-01
-1.97068476417087967700326e-03	 1.21434333688023185504612e-01	 4.24016841282866610574054e-02	-6.99306067652550211732887e-01	 7.03152145648947013434338e-01
 1.12527224815007712704906e-02	 2.43115216513215798288527e-01	 1.52774936125942128323230e-02	 9.48810138245112066890385e-01	 2.00734370471763068355386e-01
-1.27755125369481442598740e-01	 4.97650390178602103352645e-02	 4.10638286845920352785555e-01	 8.07641964929120659277828e-01	 4.00365736165141705704684e-01
 3.54259662475998604591609e-01	 2.93866800996691601710609e-01	 4.17894699832186355958896e-01	 7.31316955741800001078445e-01	 2.80502985565351026231440e-01
 2.76195605033647088866200e-02	 3.91123906490661754631333e-01	 1.36231498697243269546675e-01	 6.60102349528058574001932e-01	 6.26071175314216965546166e-01
-4.41740873362939323598653e-01	 7.76970193797341251995547e-02	 2.45792267084072695026986e-02	 7.44486060437072771911460e-01	 4.93927668195816738094805e-01
-2.54699399215129185236606e-01	-4.39478604533974415158326e-01	 2.49079085295173169312122e-01	 6.78708328063692967191400e-01	 4.68296259735041187077798e-01
 3.08685274116369701147278e-01	-2.34637229122189205909876e-01	 2.45927591543050216849053e-01	 7.63913113279409250466756e-01	 4.53448064645950776885286e-01
 4.96730290732980583889855e-01	 1.77432017576705514105839e-01	-6.25365395607383883769259e-02	 7.29346500477133119488826e-01	 4.31184138006624584349424e-01
 3.45467808335434764521743e-02	 7.20248469138037972214761e-01	-3.15233201112433969459659e-01	 4.64117126508911570503813e-01	 4.06536572076696189892431e-01
-3.22783741509140631453789e-01	 2.53167459081949042243309e-01	-4.31267002345180339162312e-01	 7.10520096739409745545402e-01	 3.75348982544208065181834e-01
-3.31131639828299517702703e-01	-3.30896540792892768223510e-01	-3.11308903448838047989256e-01	 7.27738993205670814390373e-01	 3.92863896021761804799866e-01
 1.50793407330712947445051e-01	-5.12065593854613809732257e-01	-2.37300507337565358412235e-01	 6.33063275845416106868413e-01	 5.07907013034000431872528e-01
 6.77695148425650706336398e-01	-2.50415536407692040921091e-01	-2.29621190234234356930543e-01	 5.76380595759137026590224e-01	 3.05091564540449389220100e-01
 7.67530643320168542986792e-02	-9.90723091424987045705564e-02	-6.35153816949714622452916e-01	 6.79694597437703551534582e-01	 3.44802157338125025987097e-01
 1.79353078324280934552348e-01	-3.80328771799377865492353e-02	 7.02699071864199664716466e-01	 5.16382229633735367890779e-01	 4.53816461654604264008839e-01
 4.18698103961054279853471e-01	 1.38110520085752142005475e-01	 3.26220522335262164137504e-01	 4.57548595875485353268175e-01	 6.99890588021257586959223e-01
-6.55982995804760132818600e-02	 3.94976885972619040643394e-01	 6.22462573746992875456385e-01	 4.66765041399990754378280e-01	 4.84108317477253635718881e-01
-5.28040891764651298956323e-01	-2.97190672930039458121687e-02	 4.81015918883200999101035e-01	 4.60950148751957278214775e-01	 5.25773943639397334237628e-01
-4.63289031509583337786751e-01	-4.67506337452272824339872e-01	 6.05475797494385847841158e-01	 4.06874658382243292731317e-01	 1.86153615972788732957355e-01
-4.38134349356763333482867e-02	-4.36171357409612436839552e-01	 6.30095507740252025463690e-01	 3.83946341470745577950652e-01	 5.13224890171333103516815e-01
 5.12441406728850301632860e-01	-3.50001861427139071558656e-01	 4.94219969943154979752364e-01	 3.14493782395581900068748e-01	 5.21289539326468931434988e-01
 7.46008187947467371614607e-01	 3.52575732060356583641436e-01	 2.95072461739326996621458e-01	 3.11027587431405849738297e-01	 3.67907894529503731728681e-01
 2.48811252498182922110459e-01	 8.32971217732326074667526e-01	 3.79062651539092687613675e-01	 3.07084040469078167756578e-01	 7.91379135253729992793836e-02
-3.77863950130678138972229e-01	 4.06489332282284954178664e-01	 3.06770514330092725074906e-01	 3.21329059334947597648124e-01	 7.03295631364869611168444e-01
-6.99542916903436617914736e-01	 3.94523980178202560153977e-01	 1.31631395473754114061604e-02	 4.03031310671815745649837e-01	 4.38614900396687212857927e-01
-6.60810000669183161825515e-01	-3.20047150824411819058923e-01	 2.11464095441460699087433e-02	 4.62148117540132075120596e-01	 4.96862064442712247913647e-01
-2.93686655701512089322591e-01	-7.60775324846313383275742e-01	-1.11192158446440966801383e-01	 4.55502361352163764873779e-01	 3.39297739559921429641776e-01
 1.77619106755508598949334e-01	-6.06798628807348694458312e-01	 2.10928019463539395683682e-01	 4.33183919058933497581165e-01	 6.06718995801869498407655e-01
 4.81512372589227688468583e-01	-2.58107626183362748317762e-01	-3.23808451504679281618415e-02	 4.32240502679001159513916e-01	 7.16690949475872862706183e-01
 4.03386217669768953886233e-01	 6.20141590520223329185967e-01	 1.14628865342230934487588e-01	 4.90423235268824309063262e-01	 4.46149347909349291985137e-01
-1.09381864986893048707906e-01	 7.78987442858450562788164e-01	 2.06694393980084933915009e-01	 3.82790269422119744380240e-01	 4.38136061759115735814163e-01
-4.71633090124425058409230e-01	 7.34275270663481416377749e-01	-2.24917405599909497881939e-01	 2.19278271291644566431955e-01	 3.73806441342723450027563e-01
-6.71491447325432977422111e-01	 4.71153895578061907012390e-02	-3.36057947915480492717677e-01	 3.49346268917126001607443e-01	 5.58481527243409270333530e-01
-5.72813492169666482745072e-01	-4.45086709018634785195445e-01	-4.37579263200888468610117e-01	 2.71073773748886692747107e-01	 4.56974750118053441028110e-01
 4.07608463259308967385763e-02	-7.54682066460977796218401e-01	-2.29210188187180530228204e-01	 1.54548998486019051323836e-01	 5.93608312498357881814570e-01
 5.20681914699651748890119e-01	-6.45496937460758868354560e-01	-2.44006732231017209322488e-01	 2.86222730783438572554900e-01	 4.13232755771245685583182e-01
 6.74371013043795541896941e-01	-2.73120976827477546233780e-01	-6.04803484970257709818497e-01	 1.71293280535266129183114e-01	 2.74772679490496718468506e-01
 5.29132591900351514913048e-02	 2.97084338464637665033763e-01	-6.16064076169166696672619e-01	 3.59981087454514403489725e-01	 6.32313018662286729920652e-01
-3.33287253863796609221204e-02	 3.85145987092639807691796e-01	-7.99197985730147442140492e-01	 4.23721542088680236393117e-01	 1.79706424663732211577383e-01
-4.16461638475124074076916e-01	-6.88237860047239136118691e-02	-7.16094948597553404567861e-01	 4.57984888314827143229735e-01	 3.15088649155937761126012e-01
-1.02897883013648605565749e-01	-5.69751775194716425509966e-01	-6.31545728083414026343689e-01	 3.80256766848508842571164e-01	 3.48352874165390014038479e-01
 3.47557327860517351059144e-01	-4.34077706873141511145775e-01	-6.30693558612705151844580e-01	 5.12298829372278441418587e-01	 1.74802725363329108931865e-01
 4.58110029661249251731192e-01	 3.62548473301699814008714e-02	-4.75488736743887419056165e-01	 4.70671140370170049127552e-01	 5.84123210993349850639333e-01
 3.47704762791568255941854e-01	 8.81896374255733694891290e-02	-8.40328125224763189393684e-01	 2.85472906719582475432162e-01	 2.89271234774756913488147e-01
-1.65559775004953613208869e-01	 2.17645704886891902529733e-02	 6.84490096066051489920312e-01	 1.78394556779052415595999e-01	 6.86851479485081406473057e-01
 3.54967793344671656008416e-01	 1.32114535930751397785343e-01	 6.69725974375084742717945e-01	 2.41765347346502221248521e-02	 6.38299482609366086727221e-01
 3.36597534775142814833515e-01	 5.34054458122508624029479e-01	 6.07134532241221047677016e-01	 2.26243685704036412431606e-01	 4.26250383908398533527873e-01
-2.57202504986748736737212e-01	 7.08083547081103326092943e-01	 5.96473520030086912235845e-01	 1.95238455890133361103622e-01	 1.96381890779517814804578e-01
-6.78438659832405699390279e-01	-1.06178838650540480204043e-01	 6.40582525384794432277147e-01	-1.83874441371867890226977e-02	 3.43166095553411154561729e-01
-2.77488660644578277736372e-01	-2.86994583593131735721471e-01	 8.60682592702185722544073e-01	 3.90597821071437117934622e-02	 3.13582461631815745395357e-01
 2.15339335859408675943882e-01	-2.34633653750447090935438e-01	 3.89641037879156659773372e-01	 1.19048441599774401655765e-01	 8.55910830117520449178414e-01
 6.58930474586220393806713e-02	 5.54779223691244383065424e-02	 4.19067151810860683003312e-01	-3.02767350597050510785380e-01	 8.51642507224596778669934e-01
 7.08774717316328906058231e-01	-2.86696487474548886154047e-02	 2.80072789780552000582503e-01	 2.71288820127552517125213e-02	 6.46250499047491988591219e-01
 6.31518226003970117865549e-01	 6.62317588590475292420479e-01	 3.63991378896060813197266e-01	-2.68662882652765076796353e-02	 1.71197607204913337941576e-01
 2.29231543339715126972322e-01	 8.27613307363908479175052e-01	 2.03122368169385753011724e-01	 1.70131982462623128349311e-02	 4.70064854724280445363860e-01
-3.60097972917354583466398e-02	 8.21194937021960891243566e-01	 1.62642812550187837450366e-01	-4.22732726170743422500209e-01	 3.45234018686631560779432e-01
-5.64030251440524210693184e-01	 6.78140472876164746018901e-01	 2.54245884666274235552663e-01	-1.03513564595153987474285e-02	 3.96544138850825012010404e-01
-7.56518345411085535445750e-01	 3.50752638795990445697015e-01	 4.69301071542389480750757e-01	 1.44818885116912127175581e-01	 2.51866183114729913494756e-01
-7.47889016825339592031696e-01	 4.78354098750012265983678e-02	 1.86924163959571038029495e-01	 1.04064979671834548224929e-01	 6.26580903800964761352077e-01
-7.90527270205706678041224e-01	-4.07619483622707945436048e-01	 3.08287507861268905706709e-01	 2.01507271778258806316231e-01	 2.70678081028814743191901e-01
-2.46338350450089837995193e-01	-7.79993124334062870595119e-01	 3.78047506033382607615323e-01	 2.03454660064088216353539e-01	 3.82902634581249790013402e-01
 3.00764171954671921671576e-01	-7.03355810441277040645502e-01	 4.57996504271238946692790e-01	-6.55905070427466188945353e-04	 4.52846871084231772375261e-01
 5.11120578494763666554945e-01	-5.11171758823497413004588e-01	 7.22737585575170676799317e-02	-4.89516908979799932749577e-03	 6.87176635490484688517654e-01
 8.72876734257096109637075e-01	-2.61354038258335863442738e-01	 2.84058093625146959593231e-02	 1.90966924995472270287777e-01	 3.64012385820814354797648e-01
 8.76731582522247698818774e-01	 1.84624755976211030183975e-01	-1.77977825799311206722564e-01	 3.60631425060214394484603e-01	 1.88478912538110832119997e-01
 6.77576598640917904248226e-01	 6.10627735577035202219065e-01	-1.42079360430533679915399e-01	 2.78137699340245646284497e-02	 3.83488684396260159914505e-01
 1.96102282265457450449730e-01	 6.98850948080301570541906e-01	-6.26836013657576796020976e-01	 1.27194024411102835081522e-01	 2.53080104697166241578543e-01
-1.23554721635860009776309e-01	 5.90757727899359874612628e-01	-4.89842899532350606328635e-01	-3.01482150451798831813921e-02	 6.28398405946418936451892e-01
-5.65304329764427349047651e-01	 3.96023040386568381254762e-01	-1.35664761717941145802158e-01	-2.47839568676317470452553e-02	 7.10336254278611134438393e-01
-7.93654345319229181932030e-01	 3.60135870429245386059591e-01	-4.03441673148072887933324e-01	-2.67685085691389892947889e-03	 2.78644192157398717935024e-01
-5.45415045055959279984847e-01	-6.50068268917666891582030e-01	-7.09125164656277794800188e-03	 9.80289120743851015438164e-03	 5.28949233714403055373054e-01
-3.10417396889304697538137e-01	-8.01261263585570371326128e-01	-4.26486615377302147322780e-01	 6.47994137967180128950817e-03	 2.82291700992878147324916e-01
-1.96304598965643201102793e-01	-9.30960469052640959830569e-01	 3.45355528791006158306764e-02	-1.22036508125417150760761e-01	 2.80520045198404566200168e-01
 3.28063001975087475958759e-01	-8.56153683922161956587615e-01	-3.53520465997859481555032e-02	-1.39054726800653005724939e-01	 3.72544697985633721515342e-01
 3.09171488042352227143539e-01	-4.61785905396337903461301e-01	-3.65415083704863419278297e-01	-2.15117596447357284361601e-01	 7.15096500382040534127270e-01
 6.61704526712025620227564e-01	-1.47194926401867737242313e-01	-3.36818913251657525709248e-01	-3.70302816966331313497385e-02	 6.52428195960140344666911e-01
 4.33581075314962649525086e-01	 3.95583436288694800797572e-01	-5.39367837641394620717961e-01	 1.97365071814107305436803e-02	 6.03501451584893100488216e-01
-8.10047670050922929974035e-02	 2.77131211704486069002940e-01	-8.62189044389782499600017e-01	-6.05949251780858524907281e-02	 4.11818923798494052057606e-01
-4.58029288738686479742768e-01	 3.86692402564525417041352e-01	-6.28735620511551851485876e-01	 2.50766586607484909254850e-01	 4.27183561244569021120299e-01
-5.48477576196184868351224e-01	-9.04453762460377813647838e-02	-7.13903175778897836067927e-01	-4.48774263916501409132920e-02	 4.23462223272557169995167e-01
 2.47037869372376595045182e-01	-6.76741906925580227749606e-01	-5.92048879712085973636704e-01	-4.75208783364650250158334e-02	 3.58067832484964654327086e-01
 5.13762013363154745881900e-01	-3.98871973738567142664380e-01	-6.38479909352104746389500e-01	-3.51408630462009818895552e-01	 2.14021311979625539212435e-01
 3.38962710660084765024180e-01	-1.24507706283751809483995e-01	-7.61581308332198947397274e-01	-1.23845346908488918025171e-01	 5.23696813725326171251595e-01
-7.22009387525705120802755e-02	-1.65899973438448117279975e-01	-8.46942884504966020386973e-01	 1.51815528024414586605317e-01	 4.76344433255439292373978e-01
-5.09270494032162870240432e-03	 1.29137325668767011244142e-01	 8.19967404367112795426920e-01	-2.37352797021073341765529e-01	 5.04593619655701153270400e-01
 3.93251564513140527967749e-01	 6.87143703489940110840095e-02	 5.88406969192103890264889e-01	-6.13196127003757140982998e-01	 3.44091980071119241113564e-01
-9.53826886179413580002517e-02	 5.80198214283499491550344e-01	 5.52136309314241735535234e-01	-5.75470854270072468272801e-02	 5.88307745784428792745757e-01
-4.11825675691706527548064e-01	-1.30211817311353172943456e-01	 6.27870997463282232153858e-01	-3.86658916953326659005086e-01	 5.19343227508059279706742e-01
-4.08420907560069046393636e-01	-3.44642399633497187316777e-01	 7.56713346732731384491899e-01	-3.75252695583458084627182e-01	-3.13736191181729281995949e-02
-2.56150638919685168237717e-02	-4.05741767851287404855753e-01	 6.27695506613791809336078e-01	-1.80073214478976229013796e-01	 6.38975331860930584326752e-01
 4.71196072797247844654578e-01	-2.69705814215044858972448e-01	 5.63959331091855586848283e-01	-2.71461891854081982522473e-01	 5.59902981689221035388471e-01
 7.10270681021709759939142e-01	 2.41258226301232836519262e-01	 5.25997237138891904351112e-01	-2.14270302022610853454054e-01	 3.38711045164357127390531e-01
 2.99523472069175455967383e-01	 5.01520860522294054106851e-01	 5.68872156357306812957120e-01	-3.41528588624045725818945e-01	 4.67445407523123579451862e-01
-4.04647524585050377687878e-01	 5.51987948433335540165956e-01	 1.94959546121335286494869e-01	-4.46650641312363205770453e-01	 5.42276373838069813970719e-01
-8.11973865514297843404279e-01	 3.37612797302404454846680e-01	 6.38184979332604984669786e-02	-2.75904428617913810573015e-01	 3.82779292033907869718945e-01
-7.29390279482530656807171e-01	-2.39449331779468144176803e-01	 1.80547620223904414782368e-01	-2.92929674797646422135244e-01	 5.40600222124623330799409e-01
-4.98349251686277361361732e-01	-5.83518804456783279910326e-01	 4.86528868070747688712174e-01	-1.96545403646959493393354e-01	 3.68528686845548569817055e-01
 1.11100981738380318064076e-04	-7.44638316194377369861002e-01	 2.81025422553351500454255e-01	-4.20910426941413617907273e-01	 4.35169955399590413502864e-01
 4.82044267189520869720809e-01	 1.33997092492924546602850e-01	 2.42328788444433923521260e-01	-4.56505700737579178660752e-01	 6.94663520820191782156883e-01
 4.96555609227819605422383e-01	 6.23203308372079045618364e-01	 1.13040811878584099292588e-01	-4.28681641795298773445211e-01	 4.10492372908440428247445e-01
 2.30943447018985531515867e-01	 7.70130888785680145502965e-01	-2.61603845636005083452602e-01	-2.17213733291378940926108e-01	 4.87796228393826691860369e-01
-4.31887307974342216088104e-01	 7.15027374530949111353095e-01	-2.45097747879717026142643e-01	-3.30647142771765267799111e-01	 3.64429372914988891629662e-01
-6.95373292878235016445387e-01	 5.29420289484979836314160e-02	-3.41764678563229007401958e-01	-2.80389406786213379874084e-01	 5.64120386239626125934876e-01
-5.83281858929829311044557e-01	-4.96566361418455726184362e-01	-3.87582454445108970375600e-01	-2.90240133911205289152235e-01	 4.22782009343478482055190e-01
-1.31176238229519764866282e-01	-6.21908642097923958225181e-01	-2.15530155676669860076444e-01	-3.46389172435679237871398e-01	 6.55426371624749704025703e-01
 3.98116064085457521670719e-01	-5.85927218849718434157126e-01	-1.45954697024221091705698e-01	-5.57845639680325078302303e-01	 4.07060637294193505830719e-01
 7.54331588334325786604495e-01	 2.38296188093551769560108e-01	-1.60701015001127017756133e-01	-2.98412558785633996727427e-01	 5.09238559142681013192089e-01
 1.27619390263434412391419e-01	 3.56677933506571509525429e-01	-6.10832495184015278333334e-01	-4.35469524003014030189007e-01	 5.41981641266684688318378e-01
-4.19290551079339102180654e-01	 3.28955320486114810574207e-01	-6.32210450355217390416840e-01	-3.69896937185507757028802e-01	 4.23639036470785435017916e-01
-4.54487453330299218112742e-01	-1.28998930075892026536621e-01	-6.02721282419816595243844e-01	-5.97836529183080167548781e-01	 2.36894429856748939267064e-01
-1.59571535559293015138493e-01	-4.86283654936607190322206e-01	-7.15045515858428459843310e-01	-2.87300646790321856371975e-01	 3.79780700648888636106193e-01
 1.56836361921272537944816e-01	-3.49650656977627483090743e-01	-5.28292052724319116663310e-01	-6.13285400676602532321624e-01	 4.44899199819102142416938e-01
 5.71148503235390347931855e-01	 1.05071205875998843759511e-01	-5.78282043007231738585006e-01	-4.26832214070483384471544e-01	 3.82300364523509184078165e-01
-1.31605545812979451980596e-01	-8.28639256738723101181066e-02	-6.35190572169799683166502e-01	-3.67123848808165065271680e-01	 6.61488145620210521435922e-01
 4.58378460537019888354493e-02	-2.12871428552896035935049e-01	 4.64949328177882592605386e-01	-6.52932140227721280467676e-01	 5.56854010724165848778000e-01
 1.96904199129980417293240e-01	 4.25354698692296029349791e-01	 2.65357010535423765151819e-01	-7.49966276422996958039846e-01	 3.83977027767671397207039e-01
-3.03315230777300604003699e-01	 4.07867484720807471632043e-01	 2.50461094994592514684228e-01	-7.94221978241815507182366e-01	 2.19373368615704195105920e-01
-4.50820562527077639547457e-01	-7.93988693266894918210141e-02	 1.97350103589199105114105e-01	-7.38686303867636895326143e-01	 4.53709291335447850723739e-01
-2.42359870292097795418940e-01	-4.94434150238929781551178e-01	 4.69608110464582284571122e-01	-6.45431897543724764076956e-01	 2.44299923390279893897770e-01
 4.27344139338995732124715e-01	-1.52437480150840104498045e-01	 1.29832102391772896687883e-01	-7.64320196397738405025279e-01	 4.39429247757736896051739e-01
 4.16554595905312852188729e-01	 2.83731041293382113543942e-01	-1.93117837802803810065555e-01	-7.38907244420137887530586e-01	 4.03361562004293572325508e-01
-2.25833276814766670259615e-02	 5.76873745598032505732533e-01	-1.93179757252056299998699e-01	-6.65730393650765361890365e-01	 4.31498898385802465149652e-01
-5.10281641320000867168005e-01	 2.94993842589892973915511e-01	-1.65866798914593077673985e-01	-6.75405754826218118758163e-01	 4.10982421438275347114200e-01
-4.65951645086843946330646e-01	-6.00662527876089868961174e-01	 3.41923999521079186036943e-02	-5.30381571639847781973742e-01	 3.73657410332953798803857e-01
-2.99247880411847716475293e-02	-3.74406561513354441128598e-01	-3.41490528739020887671884e-02	-7.52005847219644252277249e-01	 5.40597152870524455536838e-01
 6.81892722443123933118159e-01	-1.74964906288125221500707e-01	-2.68063427731076664439769e-01	-6.11048311595422943831579e-01	 2.43252042655639932888789e-01
-6.25912255295523745068920e-02	 9.28936975536904796513227e-02	-4.10901198260707811726888e-01	-7.73448544566360585150733e-01	 4.69457829434770046450609e-01
-3.54029788426294149059070e-03	 9.06056987287680130893630e-03	 1.86195352802702357442044e-01	-9.48595728213805111650458e-01	 2.55739725841855392030055e-01
-1.94656718199857498019512e-01	-2.46597788660639027913390e-01	 2.27458372308818219942328e-02	 9.42122798541313755116278e-01	 1.14828359061225862558508e-01
-2.33105939189054450766392e-01	 1.74128622226864704369831e-01	 4.65201095233603645340281e-01	 8.30678261001792650475295e-01	-9.43525925910671386942496e-02
 2.49200740227357608880254e-01	 3.35792989117910278817902e-01	 3.09876500841361257609918e-01	 8.05767864643160303117497e-01	-2.82589387741493280881144e-01
-2.42880938132665202822125e-02	 5.93143327307140588722234e-01	 3.95776769059873412270889e-01	 6.94079010821258113317356e-01	 9.59487237009639809537376e-02
-5.78244693636788986701447e-01	-1.86933422927344189412580e-01	 3.08901466021619719448665e-01	 7.24695487541542893161761e-01	 1.00425615757049294107794e-01
-7.99588611623959499841163e-02	-3.34155353992640680171888e-01	 5.52026549351929296527430e-01	 7.56034583304674101533749e-01	 7.50011838412940612386137e-02
 4.21082456353705114615593e-01	-3.41736793968376084684735e-01	 5.96835804914290668499177e-01	 5.85336698078280703860798e-01	 8.41041048610129265972191e-02
 2.83992043406241956304825e-01	 6.10943854788645435149874e-01	-5.13856621541172037259670e-02	 7.35316300569056502389742e-01	 5.25887575471951501659973e-02
-2.90884510453635503068881e-01	 5.80534128628787282622170e-01	-2.97132103245114805034621e-02	 7.06907446709674425200376e-01	 2.78864329009617051280401e-01
-6.57302882764504436963193e-01	-4.98239865423819150436202e-01	-8.59978347406225862581408e-02	 5.57577060759671061518361e-01	 3.77114113559481670123752e-02
 1.55532556745778316464879e-01	-6.03766838755527057713834e-01	 1.54986376255148577962828e-01	 7.50124234220838181919078e-01	 1.56742095881028942194746e-01
 2.41715033701826953471681e-01	-7.41326540350119855826705e-02	 2.72978434824187043972188e-01	 9.28082109119303333422124e-01	-1.49854910447660711475537e-02
-1.66069214497942790886853e-01	 4.76236119816546066285667e-01	-3.31067335850232680183325e-01	 7.91868759182417170094936e-01	-9.46491497164383965845502e-02
-5.07444136610575635693010e-01	 2.24107172905958357267409e-01	 4.64662953668287179165297e-02	 8.30711646722965824096718e-01	-5.95538960501917121609372e-03
-6.79416182064217777369919e-02	-5.97446523717292010680069e-01	-3.28297414396079345610957e-01	 7.28071166355606647080378e-01	 2.39744079395490701511751e-02
 2.75720265847257783864421e-01	-2.23439806983299543707844e-01	-2.41479155494845165730311e-01	 8.84122432061293150873382e-01	 1.84576082534829072345772e-01
 1.68227653892424944270800e-01	 3.45487861383702188344813e-01	-3.97705833124264773736911e-01	 7.50902751187564776458316e-01	 3.60988535358461537505548e-01
-1.70474722284738838817830e-01	-2.87958558501022025832849e-02	-4.46337862663959028530769e-01	 8.77969035872649850027472e-01	-7.87731865676317456748112e-03
 1.72535368181452930524955e-01	 9.89965131673804649148352e-02	 7.26337020942680156032623e-01	 6.56706167570364152119566e-01	-4.00347173132104827697475e-02
 5.54207827715382683742007e-01	 1.16764548834757911355275e-01	 7.25255972785400437885528e-01	 3.09834632579818525233151e-01	 2.39219560712839007798891e-01
 1.00483302062803647736189e-01	 4.85099619075349208774384e-01	 7.90928019191928677322778e-01	 3.58656463130987590570697e-01	 1.94903948397460377583990e-02
-3.01832305276163892493457e-01	 1.68140170005770424321856e-02	 7.90232107619804446940748e-01	 4.97433712127453853124592e-01	 1.91591926891098718321871e-01
-3.87510608578649606847932e-01	-1.54489363109202443302692e-01	 6.53750465114615431083678e-01	 5.58656914865567011396763e-01	-2.94077108528406905296748e-01
-8.31810428467794765738930e-03	-3.52578467082762303519416e-01	 8.57418714368226808630880e-01	 3.69328163101455941852436e-01	-6.36324593420699580192945e-02
 4.51415452857220178550790e-01	-5.47877051146621329991149e-01	 6.91843166681862298261763e-01	 1.31660675985302538792965e-01	-8.56299382805641648430672e-03
 8.58260730754624834304423e-01	 1.70708349605745629551379e-01	 4.09363887026665096424694e-01	 2.41064299309966811879491e-01	-9.25007514349723558577665e-02
 5.18195448788686396923708e-01	 4.78738102157707179351576e-01	 5.20517335685059756578141e-01	 4.74697142580683517643081e-01	-7.75089186751425351928901e-02
-1.73005583290428699427821e-01	 8.06679977875129794462339e-01	 4.10711528669410408376450e-01	 2.98714329616146023749224e-01	-2.47835168904115055177328e-01
-4.27126282989380878785113e-01	 3.96133192641140996492766e-01	 6.76673856812278207151223e-01	 4.31073024106600311000648e-01	-1.30115992337602293105192e-01
-4.94165942934542024023159e-01	 3.89621839109321688177090e-01	 4.20413093934894621650500e-01	 5.99000613500685341605845e-01	 2.61621747579548369344593e-01
-7.52172212547904228685525e-01	-1.19879575589776164040723e-02	 5.48223665849974173269743e-01	 3.64985960123410835276303e-01	-1.81469738293327589873094e-02
-6.54921879698703079952793e-01	-4.56603243157308491539936e-01	 4.07875000758958605739934e-01	 3.41856157935953863802325e-01	-2.81714679893138031374633e-01
-3.13634308057763822041863e-01	-6.75911633157323499254687e-01	 2.21914764659941976532309e-01	 6.28816334714475178024884e-01	-1.09926972988078457127425e-02
 7.57164216073342027923943e-02	-7.19597512964662788803594e-01	 5.55021750462182383856202e-01	 3.98584719626592809404997e-01	 9.76090191946320240301560e-02
 7.65738623070252533153734e-01	-4.00028979926445260595358e-01	 3.74516972793714930656250e-01	 2.86086294021585030300514e-01	-1.77518578802074389333399e-01
 8.88820626223337462157303e-01	-5.80808205585763639988706e-02	-2.58182206720882238479287e-03	 4.01437656963036959556490e-01	-2.13226767667751643253737e-01
 6.50459025349972352891825e-01	 2.50971182617498345113205e-01	 8.60394476607260344502848e-02	 7.11305604401600732877853e-01	-2.36235566638248288551249e-02
 2.36075327924249261934975e-01	 7.05701301639936939835707e-01	-4.66244334701166218692947e-01	 4.56674518191540090850111e-01	-1.42543737858765534598504e-01
-9.59364181653700465179924e-02	 8.81902089491378271546296e-01	-6.96686419779411064689967e-02	 4.52841237442570376803275e-01	-5.59106628182057321940768e-02
-5.24386106133207241519756e-01	 7.38583559452516191790039e-01	 1.57081222965095718135942e-01	 3.92170226983135916665191e-01	 3.22728966888609081209438e-02
-8.86529764673950171349759e-01	 4.29751289409364620186516e-02	 7.96016675147998564732177e-02	 4.23313246249698293954822e-01	 1.63363351820615176901441e-01
-5.85609952983713766272444e-01	-7.73069534366163213512380e-01	 1.45310941831259005097010e-01	 1.88605524857702377961033e-01	 5.23179145088908115202031e-02
 3.11636644682098395975345e-02	-7.93387721782000121528711e-01	-1.69138280942296888309517e-02	 5.31047661300764306524513e-01	-2.95409974084606841149281e-01
 1.41215306727397710284677e-01	-9.08290118929324097329925e-01	 8.81023083729597228375141e-02	 3.21705171586018967566645e-01	 2.09310923832005335576412e-01
 5.87629180916702131831642e-01	-6.27108532432497867148413e-01	 2.14055745846889022843129e-01	 4.04230148273702905026283e-01	 2.28484045793304557658843e-01
 7.34402929721329589263235e-01	-8.27967536032013645685979e-02	 3.09548333331047309524564e-01	 5.37614166976663643282563e-01	 2.62579266522430798680432e-01
 5.90834070901752439475274e-01	 7.60778638368789783541501e-02	-5.43877749294013557168626e-01	 5.85516875766547761905656e-01	 8.05868556970648908244215e-02
 5.20969694795677451537586e-01	 5.14227117717145243425136e-01	-4.14679021368463462948739e-01	 4.58612348507121403429210e-01	 2.86141698363751362244045e-01
 1.69737863785187320653236e-01	 2.63859902008355573510556e-01	-6.60083174789926951930852e-01	 6.73695346276070750057841e-01	-1.09507043038327894768358e-01
-2.86895784016065191757150e-01	 6.85299506020259907579373e-01	-5.25502592658564804395382e-01	 4.12353010206630010703321e-01	 4.32136118005970321087617e-02
-6.69032908010555371625117e-01	 4.39192503568826386750601e-01	-3.12739388597125467228466e-01	 5.06947851076106403844790e-01	 6.85774300852702578534803e-02
-6.59261195003190914043500e-01	-6.61562152787181084745427e-02	-2.87358913619589539933941e-01	 6.86259178964613636431125e-01	 8.64362539282237662963126e-02
-3.21252462493446466762492e-01	-8.32061596154242799627809e-01	-2.88218336125477869735789e-01	 3.29232335344216087147373e-01	-1.14046550285422210180286e-01
 1.59640487911464928894034e-01	-8.62717575384085111345200e-01	-3.84081819770501153854525e-01	 2.76704682443936922364713e-01	 7.84153950329590093693000e-02
 4.41290200321635128766218e-01	-6.51555110456925601347677e-01	-2.01301920677852491659010e-01	 5.82922743114910990591682e-01	-2.04330474562576247521406e-02
 8.27910702883103422067279e-01	-4.57479905088651606082095e-01	-2.08073751689559938160556e-01	 2.41821974435875358677706e-01	-5.91899571671577265363773e-02
 4.60265078518132420004605e-01	 3.81539711703656858610145e-01	-7.54127531616843316264465e-01	 2.33340194878854018112335e-01	-1.39382658179463631009654e-01
-1.57808976598782790823350e-02	 1.72388398914224832969566e-01	-8.40994633604124075532127e-01	 3.42875607552044769921196e-01	-3.81047959164879990190400e-01
-4.46560571212093693205247e-01	 1.76777380446096699095904e-01	-6.55863420576314304355492e-01	 5.65837837638488494462763e-01	-1.37855464338128091972280e-01
-4.31455999479345375657857e-01	-4.36851791161642244443186e-01	-5.84974104843305031664613e-01	 5.29375016632115169556982e-01	-2.39503966703291312767554e-02
 2.77609831945978061118474e-02	-6.03878707217883614610798e-01	-6.83577327319198957411572e-01	 3.48779473482166202380483e-01	-2.13622918324721217109285e-01
 1.55075817846114655251810e-01	-2.59676133898103178587746e-01	-5.95821852289560416338077e-01	 7.00678647002213161876227e-01	-2.50131065988370315800182e-01
-7.15212753586817878703741e-02	-1.62311116528719351359555e-01	-8.87760665472684062926589e-01	 4.24718996918261815221030e-01	 5.88074132322306299125447e-03
 3.78383252291534938338557e-02	 1.01671698579909625115292e-01	 9.66569204310637752897151e-01	 1.52028931807270617504457e-01	 1.75676703132685185781980e-01
 4.02904122994093949472472e-01	-4.18651544788108745387412e-02	 8.57027047837273903141408e-01	 2.58225942197794045007697e-01	-1.86385564264548608814920e-01
 1.16613548087971058420109e-01	 5.01346448637830954808692e-01	 8.34746986008189306716076e-01	-1.35955700244985572266998e-01	 1.40593512516432955772316e-01
-4.00982134303453030543807e-01	 3.01618434697076276407302e-01	 8.05189570839629609189103e-01	 8.78640368639834468122984e-02	 3.03626932035665930698087e-01
-4.56660634503397389050150e-01	-1.24112714036956506280518e-01	 8.64385537855765329062763e-01	 9.19059216104432530336510e-02	-1.42996652506516858105456e-01
 4.19094637914282225343854e-02	-2.76618515778600637666784e-01	 9.39521265435631858231602e-01	-1.08919007812855406225339e-01	-1.64809693599773710026568e-01
 2.68396052393165496230409e-01	-2.99034615730830788393746e-01	 8.45645211619634684652169e-01	 7.71406921215160024107860e-02	 3.42746768530757028869971e-01
 8.38540482855224977853936e-01	 2.24058406806338400452105e-01	 3.81656205218925903555061e-01	-2.55011676319775892896047e-01	-1.89618762022112169463028e-01
 5.63384336023331377951706e-01	 3.81975694814111976782556e-01	 7.27622230314542872697814e-01	-1.07493898806158838521441e-02	-8.45162650861443209837631e-02
 1.54987751842244142475025e-01	 8.32110455307988439166422e-01	 4.83464803382268659692755e-01	-2.09708666026333923060321e-01	 7.65182738306289939034244e-02
-2.83124228331709693051721e-01	 4.74613262857758844148748e-01	 8.04963327510588300128802e-01	-3.85767490609137606027979e-02	-2.12435396876458626458373e-01
-7.01271893542588453662745e-01	 1.74649054755391580640023e-01	 6.64056892869429926662406e-01	-1.58650911476444639314209e-01	-1.07581458999833567968807e-01
-7.55433162664593038648775e-01	-3.80568977144192188699634e-01	 5.12162523805895553152823e-01	-1.03115136473900026459205e-01	-1.07446769242907191888037e-01
-3.49356592172065494317224e-01	-6.20628349943033175151186e-01	 6.80521084980729495939045e-01	 8.83578488023348540547630e-02	-1.47832223160526771144063e-01
-3.55507961079602127774102e-02	-6.63544435239561081196769e-01	 7.11800351254929131172844e-01	-1.34564112255463330658500e-01	 1.83514803231131035099466e-01
 1.25646034585575799846779e-01	-6.74652459676396865084769e-01	 6.18752201128860535028764e-01	-2.87119251001491104791086e-02	-3.81285288990726278779420e-01
 7.83856199352889304599046e-01	-2.01767282226507971287788e-01	 5.45353750851328866744439e-01	 2.81461240057934158897979e-02	 2.16001168271863303038671e-01
 9.45668474573378214920183e-01	 1.96519903070376672493680e-01	 1.01163469936318098363337e-01	-8.16545249837788839064601e-02	 2.24030254196585121295726e-01
 7.65934742024454107145459e-01	 5.52501310910661680431133e-01	 3.90669443550198912384896e-03	-3.24911831371259118839134e-01	-5.00331087930360185467293e-02
 1.24001266733303625033891e-01	 9.45863460968337843581821e-01	 1.17474108241429828214386e-01	 2.35632302868428004927193e-02	-2.74973829890889698290835e-01
 3.49587041970095713239175e-01	 8.85018710615961934351503e-01	-1.43245470521259354867993e-01	 2.43745366820034198296341e-01	 1.20829273254326310937934e-01
-2.51339909013643336699317e-01	 9.39752005502615395116095e-01	 2.05543448887751944997859e-01	-3.12464898528411333389343e-02	 1.02322850732523354388981e-01
-6.36557127252088239544037e-01	 6.15379885941137350080510e-01	 4.33699673450954115150324e-01	 2.44656381827042419818685e-02	-1.65555566262480691186454e-01
-9.53847912124080932194659e-01	-1.34358311684001016650392e-02	 2.41574123982781219233118e-01	-1.15028681340499705498814e-01	 1.35661284338471382904245e-01
-9.29441030601460105309286e-01	-3.00696856208983120950506e-01	-3.69994724958747469092946e-03	 1.73312060065602652203509e-01	-1.25179916626819098812717e-01
-3.81782101609047519463758e-01	-8.09640180958275945677372e-01	 3.75346834722243449800061e-01	-2.38525613217017790068653e-01	-3.07488174125109953171986e-02
-1.80498421123532731824568e-01	-9.13001514479062636908679e-01	 2.47087390754531455172582e-01	 1.82481115683355149537093e-01	-1.98738567671011390203262e-01
 1.91288828504041524825041e-01	-9.03556528408604342494925e-01	 3.71337021815028034410489e-01	-9.44886233031211192345822e-02	 1.32249898135570077145617e-02
 6.98644991082927879766373e-01	-6.16339228941483852075578e-01	 2.71736385002925295850673e-01	-9.58553606929851420570543e-02	 2.21341858206965558242274e-01
 9.51887877551437555645464e-01	-2.42631530255417116048733e-01	 1.41054624786143473214040e-01	-7.41992042985373939645299e-02	-9.81706677395973725808176e-02
 6.70538130915222296835054e-01	 6.11622605094597648900390e-01	-4.14242915205055572958059e-01	 5.07776708708330276609288e-02	-4.60525707140073958800741e-02
 7.05093974587921001884183e-01	 6.18685831190561308368103e-01	 4.33284135870761755171543e-02	 3.43541810659730606491991e-01	-1.31149604846395786278412e-02
 4.03258546494666025861164e-01	 8.88953829938399220367273e-01	-7.00794551994596802424464e-03	-2.16580236221740163315985e-01	 1.36938999041847243171022e-02
-1.03387139507191930243302e-01	 9.08897424216475013913907e-01	-1.00976928163693954743074e-01	-3.77818962559042847981772e-01	-1.01356120420084475086675e-01
-8.19997788289454909715914e-02	 9.40732008092843630109314e-01	-2.40719312596633150391767e-01	 1.14625115187611415629165e-02	 2.24102986580494017987419e-01
-8.84640722030910708895135e-01	 4.54341998443152761399944e-01	 2.15136912873500445175790e-02	 9.59356378170771323388166e-02	 3.62995297370994757235607e-02
-8.97874917171281872185773e-01	-1.90619325556102059415764e-01	-1.77185121692742614252225e-01	 3.11210139884520904651755e-02	 3.53725629518499895542760e-01
-7.38307768118767859810703e-01	-3.51811821239289057583477e-01	-3.64868248804508410465530e-01	-2.24759541391285455613769e-01	-3.84036966371322840974045e-01
-4.41213003214200705226489e-01	-8.50345539417510787316701e-01	-1.73108974531606479851931e-01	-1.97800862926626463966784e-01	-1.14680647667974477954544e-01
 6.83434073780646300644293e-02	-9.74612947550184793854555e-01	-1.37294018769450409944710e-01	-4.96903615524169200989846e-02	-1.55370529748793007041030e-01
 5.51115683553946689166025e-01	-8.24022115255022669089158e-01	-6.10449748386197865723801e-02	 6.32545749896034209536211e-02	-9.76290259161747137062193e-02
 7.12650046041990670175892e-01	-5.60500152014463126626254e-01	-2.55938772480870047054680e-01	-1.51545299031417585178261e-01	 2.99163598304633404634245e-01
 9.22969343060825120339530e-01	-1.16303384263369544160405e-01	-3.04465054838988335994543e-01	-1.28868649783348748760758e-01	 1.59044069564585804910095e-01
 7.45775556727974686666016e-01	 2.28956600730933879095375e-01	-5.55588912772119081218136e-01	 7.54370873674059944091752e-02	 2.77539005948771622112048e-01
 2.59184550143333358729336e-01	 8.12634090736399583576599e-01	-4.72724953712286732887549e-01	-1.44693607465132711986655e-01	-1.67463672587417428117007e-01
-3.53607790090870344190677e-01	 6.55111737994962362030549e-01	-6.46171690736452752901187e-01	-7.93684950698312630112952e-02	 1.48165210523303808587414e-01
-5.98749897312291334827705e-01	 7.76787108037878426536338e-01	-1.84715863968515997539654e-01	-4.58556832192591953822891e-02	-4.33319185996850556041871e-02
-8.10635844692555784796184e-01	-3.07189430718255995778065e-02	-5.14936844802244109153833e-01	 2.62534927225377523463123e-01	 8.85512941069288850304275e-02
-7.28967611884654309584164e-01	-5.72667915073348132715125e-01	-3.58866832969837123989976e-01	 1.04724779897303804654385e-01	 3.00831603790039266155265e-02
-4.50375104622038266444228e-02	-7.51225801941604487410586e-01	-6.42323886975196267634658e-01	-8.91161100277155782123373e-02	-1.14497861565898112479189e-01
 5.30665515373477392202517e-01	-5.93379188030717208413023e-01	-5.80778990975407305441536e-01	 1.36240955018993387115600e-01	-1.02124511369743140032362e-01
 4.25037755523251625788816e-01	-1.69267353480331173010143e-01	-8.12259515243298313436071e-01	 3.06920955161056663307306e-01	-1.91638922469492184452733e-01
 8.32633930263343091660033e-01	 6.43415725442211035994822e-03	-4.88794927522793798413403e-01	 1.67756379979816960812400e-01	-1.99039331788211870666316e-01
 3.54503380420117031324168e-01	 4.08253817509232341809167e-01	-8.01645745134903719986141e-01	-1.68910385862430567627257e-01	 1.91022392966789383850212e-01
-3.90572599910379569809749e-01	 2.09265516455655498084809e-01	-8.85798641825001342731127e-01	 1.37558862783639129778734e-01	 9.96560246294613330531043e-03
-2.75273065927010118780771e-01	-1.04836042216881850097643e-01	-9.12715704359664647959960e-01	-2.65864251162167275488457e-01	 9.74699256010047310194722e-02
-4.07814928634847084776283e-01	-4.49509017739813887537537e-01	-7.87301459525843072562168e-01	 7.58970178060376643447427e-02	 7.76188216205953435133935e-02
 1.80064029885703191791180e-01	-3.86370059604752236204206e-01	-8.98524852069781498897783e-01	-8.14588433222817958311024e-04	 1.04630534936043684268725e-01
 5.81324184743848504375308e-01	-3.56739248624022287081914e-02	-7.96695216133546657566455e-01	-1.52522031147155290309314e-01	-5.29464438983328622434499e-02
 1.16541398869704604379649e-01	 1.00866776923610665384068e-01	-9.86451239755633091377263e-01	-1.40629261756969724944666e-02	-5.44075486902918653564498e-02
 1.73071536013482463189916e-01	 2.23923868282063120993541e-01	 8.95341479995196976027216e-01	-1.84991546954894864329688e-01	-2.89907065092895654956351e-01
 4.97886914397954460920204e-01	 7.84302464198822629759533e-02	 6.37401888501819557930617e-01	-5.53204061160710858224832e-01	-1.83415964865142500084261e-01
 6.23420897124890710516709e-02	 3.46321090922975527437444e-01	 7.08845530405666446327473e-01	-6.05822225245914003366465e-01	 8.18083813200007892163512e-02
-4.06287029286372058933807e-01	 4.16454523572767132399974e-01	 5.63891855884704584767064e-01	-5.47057036351039305266397e-01	-2.10359343683982208395022e-01
-2.88337764064998891555547e-01	 1.34005081421792127116532e-01	 8.94516542460965013994212e-01	-3.06362787239814138295912e-01	 6.98997126279440050833358e-02
 3.83323745332762658155623e-02	-2.45211838133852944032753e-01	 8.23563791134488631939803e-01	-4.57075197392362075898831e-01	 2.26333226377789104022398e-01
 4.13117205696131750691791e-01	 3.92222390964496250842508e-02	 8.68636979195188008162631e-01	-2.28087967251028950199654e-01	 1.45744529530384581139657e-01
 7.51603117944109611059389e-01	-1.93449489627426335358606e-01	 4.12591647110316983582123e-01	-4.63250174338851461453004e-01	 1.13302501161274785101973e-01
 4.88732149998524656453469e-01	 5.46848301457865004771008e-01	 4.93232444829555249921071e-01	-4.66226878288043489195758e-01	-3.81060897982636384573318e-02
-8.50509724624162743999989e-03	 6.81572392491156642257977e-01	 3.38907833441344397140682e-01	-6.46275276358811656685077e-01	-5.34460916639233479807913e-02
-3.18761628198407809264836e-01	 6.09832734129972631187400e-01	 6.12330774223302620740128e-01	-3.31028547877807888255575e-01	 2.04856496603995574812274e-01
-6.58422171601570571652928e-01	 2.50425642474913168200601e-01	 4.87223376579170752709302e-01	-4.39487467706909717968244e-01	 2.70612986713237302360824e-01
-7.07832199409704099224427e-01	-2.41508253863543298489702e-01	 3.75683517909448649874093e-01	-5.35171926066401959509733e-01	 1.14456300465120439091571e-01
-5.21951418246685672208685e-01	-5.44471594873651043577922e-01	 3.09249377474717257463510e-01	-4.95543422471629246839342e-01	-2.99864866802732776829288e-01
 1.78134661608111456720938e-02	-6.40966847830409136577146e-01	 5.53294282386115887639733e-01	-5.16515672778776968598891e-01	-1.26179147478524378289677e-01
 4.28101474711958862595651e-01	-4.50743581885132804654148e-01	 7.00106970409607565208887e-01	-3.47830804718466723990389e-01	 4.92271470998642199368156e-02
 7.13968748966327004801258e-01	-2.26339376030191719024742e-01	 3.05473862093599446421166e-01	-4.05595805996527891679193e-01	-4.25672261362387949201747e-01
 8.65852358945005451396071e-01	-2.71588455163519412738360e-04	-6.58051757983277169072878e-02	-4.77398477386361153040895e-01	-1.34387467333884680353862e-01
 7.11940335434391280422517e-01	 2.44027858886188442344434e-01	 1.72667689271925300920074e-01	-6.00682746845237591770683e-01	 2.07261838245594687268891e-01
 3.09337186439021250006220e-01	 6.83734799078264288141327e-01	-6.12594580755719819720184e-02	-6.58045024485138796421779e-01	-6.42294029523713359830506e-03
-3.37573003723398656905630e-01	 6.22764832106189825111642e-01	-1.10071822347929920704601e-01	-6.96420199622415081464055e-01	-3.30383191429747397060979e-02
-5.59426194991186953586748e-01	 6.97597070312545697312601e-01	 2.09339103832839990015913e-01	-3.95613340402410418317203e-01	 8.23919602545161722240152e-03
-8.09096963897113163888264e-01	-6.17745175577440186476252e-02	-1.08537664922377125042985e-01	-5.32470017623283831120773e-01	 2.15037828342920567248342e-01
-7.91157179484987205242419e-01	-5.53154985547935851286638e-01	 3.54729480762256063619553e-02	-2.34541238530714984955594e-01	 1.08728821827895880125503e-01
-2.27865969476254232040091e-01	-7.60472952027084869719431e-01	 4.46940090682458740500849e-02	-6.06092246940866163917860e-01	-2.03131223950822649426673e-02
 2.76923926245346119223711e-01	-8.32288861370567456532399e-01	 8.44442588743692795771878e-02	-4.72148845642831216373736e-01	-2.35164838495711923938014e-02
 7.15908457920620078240859e-01	-5.19064224530516593603124e-01	 6.14879095326567245982652e-03	-4.66227747102132716872092e-01	-2.53237219250261845482353e-02
 7.56269776215985234379957e-01	-2.45269420570660146019293e-01	 8.03050735282235250700467e-02	-3.51783498119575877005616e-01	 4.87543231448799463390031e-01
 7.92309883211915533252068e-01	 2.63117909044530640105819e-01	-4.40797589455483085352228e-01	-3.23890114816464347313740e-01	-6.16984080764489961623553e-02
 5.24887834720369483854086e-01	 5.93615531400751517132619e-01	-4.02675457969708494587735e-01	-4.07908514349066442239433e-01	 2.08749805539523214381603e-01
-9.42177526358078942791963e-03	 7.23988809635862762270619e-01	-5.23243374661005899994848e-01	-4.17606065119996094914256e-01	 1.66051133453779697912722e-01
-3.89233212082561508271539e-01	 6.51640128188788136931464e-01	-4.78484181973902134021870e-01	-3.36948639341262512481023e-01	-2.85273819325975452887434e-01
-7.37225895949996101741419e-01	 4.49343816369059345650072e-01	-2.70255628163398431418329e-01	-4.24823250199548863026422e-01	 3.27904645821505760783232e-02
-7.87378098060864006768611e-01	-2.15737734916733786549869e-01	-5.14692870519559031450285e-01	-2.50088207670612572286473e-01	 7.77180664163133749777757e-02
-4.36100579305505664517995e-01	-5.89178431006431524430411e-01	-5.57825522913680704739647e-01	-3.86327863565386064870211e-01	-4.76080768912700430517404e-02
-2.21957015633372344715069e-03	-8.05440296600534733073573e-01	-3.33798157136979356529594e-01	-4.28740871869182249565000e-01	 2.36687678600246781401850e-01
 4.16850538241034407338503e-01	-7.56442364694218771781209e-01	-4.02515912525974683955354e-01	-2.98657251198465700792184e-01	-5.30600050314476226476224e-02
 7.48351165872860546457446e-01	-3.68671943959334502682879e-01	-4.06491199114303869421860e-01	-2.93110045827428555842431e-01	-2.30006383284538540312525e-01
 3.81608341322130173445260e-01	 4.16233677773886256989755e-01	-7.05196328434899766257615e-01	-3.46779921329650187011850e-01	-2.52123826412213369874138e-01
-1.25689984993880649044584e-01	 3.74985926909518596517046e-01	-8.31866990136826078838794e-01	-3.84737730842040326351139e-01	-5.96805787443690366478322e-02
-6.20618814202411717140251e-01	 2.29077148834757493567338e-01	-6.90893376119559698977923e-01	-2.88968926209306087304896e-01	-3.89775558403571836807444e-02
-4.12005364421581421474627e-01	-2.01688526644176302493605e-01	-7.11004802500123878061800e-01	-4.25649164484976194611221e-01	-3.20730849004181362005284e-01
 4.78958312038197039917087e-02	-4.60088386469594490257862e-01	-7.21428587906112972483186e-01	-5.13310559277798672539461e-01	-4.55821047649821384228908e-02
 4.67258575860610703145426e-01	-1.01731166992996197029342e-01	-5.92639612374064261857143e-01	-6.40314360848930896885634e-01	-1.00478863860521364093081e-01
 1.34701314176721931303859e-01	-1.78417388840700838481546e-02	-8.39555128313953846763695e-01	-4.75464630392674170167311e-01	 2.24983999608761670030432e-01
-3.71844672442079859919772e-02	-1.74998628415367306343509e-02	 7.75323787267199637796011e-01	-5.68690144612152836955943e-01	-2.71616668330474098080884e-01
 3.43987310258180634114922e-01	 2.91041394300277367346297e-01	 2.92934236533902048194022e-01	-8.39810293485598213791832e-01	-7.66540358169494895346219e-02
-1.42405769899408229939297e-01	 2.01802238459582478080634e-01	 3.28610139598120187809371e-01	-8.78037701464706943355054e-01	-2.45074731892002323219160e-01
-3.22220400775071857957244e-01	 5.01912550798511766098065e-03	 5.91158791256440108163872e-01	-7.32055092542213903250570e-01	 1.03804849148403044445388e-01
 1.16655797572456851329825e-01	-5.01246903419656497646884e-01	 9.90319275243878582859480e-02	-8.45060721441312612256525e-01	 1.05867941856032168890245e-01
 4.04451361512495832783998e-01	-5.58119052668831439056873e-01	 3.66527106251518797197519e-01	-5.40495494994123193421842e-01	 3.13759014998263308093840e-01
 3.52506637606907757831465e-02	 3.39580803151297572206602e-01	-1.42597368560252596436655e-01	-9.28355604140836954130123e-01	 3.55546280467653325052524e-02
-6.20160129658076875180939e-01	 1.89145900045094156327607e-01	 1.47562346460067939091232e-01	-7.43294952171137834895376e-01	-7.32339406471705783863158e-02
-3.41500096880738734927974e-01	-3.06976833821696104553922e-01	 1.81660154828834213835975e-01	-8.68837064235975953252478e-01	-3.55619358953871284034776e-02
 3.41421645474077661841505e-01	-4.99952919154963426606741e-01	-3.07582543762046523028175e-01	-7.27268143940760780630228e-01	-9.97615367365276839439758e-02
 5.31310543601424933868316e-01	-1.35377151616069640871487e-01	 1.16034870022427530344977e-01	-8.26606647104832892303250e-01	-5.13759961388875960319744e-02
-3.28104142600435855214869e-01	 3.63298919522925978231598e-01	-5.18036439813143512189697e-01	-6.98163023079680922222678e-01	 6.75885116855804851665468e-02
-3.58043144255505152440122e-01	-3.30072733454958924803613e-02	-1.86923269643683498397735e-01	-9.05557583874023519499019e-01	 1.25462266486314671931623e-01
-1.92621821562916739623006e-01	-4.82783344282741777586665e-01	-3.46097998509708404402119e-01	-7.60149010439658767701587e-01	 1.79462346179184051297995e-01
 2.36216061591384890450129e-01	-1.21767085885237838494000e-01	-2.91221405508833242059552e-01	-9.02705661501103207022823e-01	 1.72300118132831775463742e-01
 2.28523561491482007923537e-01	 3.46305931289558610597368e-01	-5.79678977372161674530560e-01	-6.96749067518693365741456e-01	 7.97634245849363071600990e-02
-8.51960002919835146517613e-02	-4.74399899737319094561450e-02	-6.04792280534599102637117e-01	-7.87519104795461166723669e-01	-6.73130438581901469063951e-02
 1.74859775880115558832628e-01	-1.92213176899071802594676e-01	 5.25067301951680831528790e-01	-8.10205858397884837174274e-01	 1.86801724952148674729902e-02
-7.73797178162589360805867e-02	 1.08098522240353447920747e-01	-1.89633191815909282404440e-03	 9.41680812407880041270403e-01	-3.09129002567244459687146e-01
 6.81982885299804580947480e-02	-5.93057730512957376189931e-02	 5.69494177011400926069484e-01	 6.57975034551517845571311e-01	-4.84331554806628261644619e-01
 4.46585089596161333158619e-01	 2.29250045908192048860208e-02	 7.86376356670682660765515e-03	 7.46518105958069000394062e-01	-4.92630775139194787559660e-01
-2.22129679025533738334630e-01	 5.74920614152703124410948e-01	 1.30629872349632164540978e-01	 7.13307703419453820181673e-01	-3.07005944259513441352283e-01
-3.75190819878772618967133e-01	 1.77901879810743845933274e-01	 3.11710537484455707524234e-01	 6.66554442734972218964629e-01	-5.34906052994280956092155e-01
-2.74229433009703982282446e-01	-3.25270571002683750450046e-01	 2.38194991354657992221888e-01	 8.03116370992428052488776e-01	-3.42439066767025845905437e-01
 2.30720219171218987597172e-01	-4.41455097895893877613105e-01	 3.26352563590562694262331e-01	 7.34050129143245966290010e-01	-3.26419958259238751629994e-01
 3.49591322600538489950850e-01	 1.49104792680329722998067e-01	-2.59440349035679862499393e-01	 8.80124297751697648450886e-01	-1.16728718666349803867455e-01
 1.83643361591650677855370e-01	 4.84904712507432944512686e-01	-2.12652125919081141924849e-01	 6.96163897872376202791145e-01	-4.48639539243518958855361e-01
-4.93168626374899499165139e-01	 1.95209198600776179244320e-01	-2.15420122871330776970211e-01	 7.05932975912092475212489e-01	-4.17050211513116664274747e-01
-3.73760141487177288688315e-01	-3.07548174025610354664906e-01	-2.35558909985314285373548e-01	 7.85535864298097630253892e-01	-3.05225954199458027193970e-01
 1.52924516825015344156924e-01	-3.64248005099393756811565e-01	-1.39691995849211797464662e-01	 8.43391659802787185817863e-01	-3.36324452583678767947362e-01
 6.02810129853062481863901e-01	-2.98783719831602956329419e-01	 9.04623884974629782762534e-02	 7.32175452777120372438446e-01	-5.55328616953704376490997e-02
-4.18250559102608873707219e-02	 7.90634700586035354952230e-02	-4.16281491994498098474509e-01	 7.17475250206372150429956e-01	-5.51306282536789260539933e-01
 3.04347023116177117785242e-01	-4.03671372855254284583992e-01	 6.38973343774450697196698e-01	 3.58722505873377284224546e-01	-4.55470681804106714007929e-01
 5.85617567021119223014125e-01	-2.52357294609553972630778e-02	 4.81263382295945396638359e-01	 5.79050214373943217260887e-01	-2.99168229010694730618525e-01
-1.01801974691563597991140e-02	 4.64187326175004910666644e-01	 6.05150678560060883981464e-01	 4.94234155716912093581072e-01	-4.17075227457922526053125e-01
-5.46824060233503494998786e-01	 1.54988480198292200018528e-01	 6.08247782682720394831222e-01	 2.18290203456762088585208e-01	-5.09260287173395442827939e-01
-4.07415257239975736602844e-01	-2.64562737243417389620959e-01	 3.12143042705710971329580e-01	 3.86068861634376370162158e-01	-7.19400390045148996343016e-01
-1.35161064488982740616763e-01	-6.06562286416819973489112e-01	 4.92297621368773752337233e-01	 4.62900389119956290340241e-01	-3.96459280494536103756076e-01
 5.18822774230109806659073e-01	-4.01312121546137823280276e-01	 4.19707205269545136072651e-01	 1.08424928426338433584686e-02	-6.27295633839496713513029e-01
 6.39597701984047528611654e-01	 3.74645165156915982418440e-01	 1.68544632406310596062227e-01	 4.21247341579117917653718e-01	-4.94670763175690864077438e-01
 3.02828239121381626031138e-01	 7.28302247327254126396667e-01	 1.78789691846377746253793e-01	 4.87702992021806502886960e-01	-3.28711015621882707282708e-01
-3.76369837852552957535579e-01	 5.62485604799063843017848e-01	 3.32237411960594974935645e-01	 2.84452451285688079352099e-01	-5.92166188328887566072467e-01
-7.13150318377357983479214e-01	 3.73100595864411355151447e-01	 2.53628698546039088590476e-01	 4.84614955467931318722208e-01	-2.30289810835285352341728e-01
-7.11337432256538226837961e-01	-1.26950475581322969054199e-01	 1.28103154342952024746793e-01	 5.77562900304663839889940e-01	-3.57621744668024099667036e-01
-4.77512996915013476773026e-01	-6.08837761547084244106998e-01	-3.96149262085844760389319e-03	 4.29706163694620280057990e-01	-4.65440476699916172442784e-01
 3.85940302211582486613395e-01	-7.67610036486295665980606e-01	 2.97997402911625908217275e-01	 3.49221596086436270045539e-01	-2.25979511679949118807542e-01
 3.68052770458268896369702e-01	-1.12809067176438945767636e-01	 3.16129732766599336191149e-01	 4.35572267435659521428448e-01	-7.49766673320874765806821e-01
 6.46642917180706877644525e-01	 3.95702299295009662927214e-01	-3.10594302592699711418334e-01	 5.07750951447340059807800e-01	-2.66444700630249942108208e-01
-4.58102342562617809162973e-02	 7.48550127990321612081459e-01	-9.23264964975901991639518e-02	 3.13864988855819038171546e-01	-5.74924964789386150343375e-01
-5.20358178930668602291121e-01	 6.43829269042992424765259e-01	-1.51970483740985040643778e-01	 3.99466166446206472073754e-01	-3.63377203302335916035304e-01
-8.57924301581514336945133e-01	 1.70987790930966443436745e-01	-2.11890844918424636755816e-01	 3.39293063349770218639634e-01	-2.73334145526869687348182e-01
-7.05467333972031096500643e-01	-3.05546968467323432072646e-01	-3.69064437112228915793821e-01	 3.82730615495884829435624e-01	-3.55338722882826640869780e-01
 3.61255034003413799670312e-01	-6.43978955036936917544210e-01	-3.07359115599606158575341e-01	 3.88225940010280490266581e-01	-4.57817539460524891570259e-01
 5.69221441965828023334950e-01	-4.47914175444573570139539e-01	 8.65530350321362801357949e-02	 4.64651141403308709509901e-01	-5.01963873562111695392218e-01
 6.96298443229296570855524e-01	-2.02115964561345971828299e-02	-1.20852598093403582057981e-01	 2.99852090864902998124109e-01	-6.40502414096288053002581e-01
 2.13749928868896515998799e-01	 5.58469020338167032591059e-01	-5.31500139977104435473620e-01	 1.98205208976318436597808e-01	-5.66255788111734936762787e-01
-2.09560233694320946495893e-01	 5.12299230156566531846352e-01	-5.46489138389751882840528e-01	 4.49049172807523655492901e-01	-4.39702705538499660775642e-01
-5.59464949900744912270056e-01	 1.87802971335988361234470e-01	-4.74437267019910013932105e-01	 2.93498950685971982110800e-01	-5.83520915990886401836235e-01
-1.27891999615313362026470e-01	-5.48650340876169262394058e-01	-3.64476955205612296317952e-01	 4.98719105254830097351260e-01	-5.48691391465847333464012e-01
 6.09396611266080578950266e-01	-2.39733238916280011476800e-01	-3.75504420324719312418438e-01	 5.96639045435661152794182e-01	-2.72363771662728570976952e-01
 4.12124095873334039819014e-01	 1.23046856513022745405195e-01	-5.59472182235870252320353e-01	 4.81081704207359239777730e-01	-5.20158122001403322443025e-01
-2.94585652145729015582987e-01	-1.89558969350666517428294e-01	-6.76035029684542876360354e-01	 4.67365332829338508968675e-01	-4.49258249782159890806099e-01
-7.45687648783901341209557e-02	 1.27992368374373499673169e-01	 8.88422736725120398837419e-01	 2.67623174408129715917681e-01	-3.42257695796593652826090e-01
 4.18962653732209977519574e-01	 2.98657259067707014921211e-01	 6.12531090977728620572407e-01	 2.90263328066098225122005e-01	-5.25192345097922452801242e-01
 2.30512592859766579644898e-01	 6.64321094512278276233985e-01	 6.36293675399730918051944e-01	 2.69095763043610408660200e-02	-3.16145000385104679718751e-01
-6.14000384497638343472836e-02	 4.16937357728268398471272e-01	 6.14524533288889673876554e-01	-5.94780168352200752646119e-02	-6.64240346944055537470319e-01
-6.35617901592653078424178e-01	-2.48993037690644708481713e-01	 4.51878098674961758973723e-01	-7.27321030513221056246209e-02	-5.69656541681188066661434e-01
-1.92572270729750943951686e-01	-2.93700429100410609351002e-01	 7.22454214142727479952555e-01	 1.68572415136981568206664e-01	-5.71226074172495823511042e-01
 2.10660151527165273588338e-01	-4.78923799438277675299958e-01	 3.23873532955514686904053e-01	-4.04231738603411994148473e-01	-6.76725151776356059762918e-01
 6.70423349498621257147590e-01	-1.48409065334422413107163e-01	 6.77802420456586007802002e-01	-7.26716717468323947226594e-02	-2.52606390897631039038629e-01
 7.49045596445340966518245e-01	 1.93412034038619104481249e-02	 3.37706659854129898068464e-01	 9.40129971211439152689593e-02	-5.61847292917925122957001e-01
 6.31313472973819900246895e-01	 6.30056906194574106727657e-01	 3.05865279340466533763987e-01	 9.16769624508360914116878e-03	-3.32917374190341508466418e-01
 2.01905297588134247099845e-01	 6.35449021325663832016062e-01	 2.78253383975839985176037e-01	 9.46032117513552900378571e-02	-6.84882529149652863331710e-01
-1.75466136971685088274953e-01	 7.62712980423216668768305e-01	 4.74973546684175129684036e-01	-2.30270387313583346777790e-01	-3.29933664464352516265677e-01
-3.91699306792731738458002e-01	 8.11248410859658375393622e-01	 5.44797353938787504157304e-02	-8.02698192056619796996841e-02	-4.23126911802919447591620e-01
-5.55932968885957445870361e-01	 4.02209889018240229763279e-01	 4.18612379786381216817404e-01	-2.20131544135640927484232e-01	-5.52694778379189122219373e-01
-8.82312119602839728393917e-01	 8.08865130636842316613766e-02	 2.96087003149744398822207e-01	 8.60351071094975078379363e-02	-3.46284770841576883260160e-01
-6.78544748805756547938017e-01	-6.18370292190127290865576e-01	 6.80186372006160583358891e-02	-3.57366158855934729077219e-02	-3.88962163819626671745766e-01
-3.07234430184798734675411e-01	-6.62519375531901544285063e-01	 3.37906755210602871564163e-01	 1.50087930775663225962946e-02	-5.93522403003659215769972e-01
 2.48019783593404458121867e-01	-7.73880903953235055325877e-01	 1.27987071266122104384877e-01	 5.41544403050704947766292e-02	-5.65933865064434660219206e-01
 3.95550994556432833348936e-01	-3.64755837567627971829154e-01	-1.48297396919343290461191e-02	 8.13081197086012313901549e-02	-8.38845431623655102271186e-01
 5.66432612464015883269042e-01	-6.68413130127529675483800e-01	 3.67022205392728284589765e-01	-1.90943259436819418040088e-01	-2.47413329136911747108130e-01
 9.10519736430867698828706e-01	 3.18014736462909952674494e-01	-7.25231260762743690229115e-02	 4.41491723260413887475195e-02	-2.50223267761692513833083e-01
 4.71137403685825795207620e-01	 7.38451169236378324178816e-01	-1.59356976831588670329154e-01	 1.42539115664614746137318e-01	-4.32443489883072684776266e-01
-1.63643901320277562749794e-01	 8.66537226567135610011405e-01	-3.82758993853286100250699e-01	 7.84865257716829828327221e-02	-2.63949477041965252510636e-01
-3.50404116305309654144651e-01	 5.55227765331273603877094e-01	-3.82755805876798915754478e-01	-1.77989471576016390630404e-02	-6.49707837746489214048040e-01
-7.45630988291851370952656e-01	 4.66145763323768114183565e-01	-5.02852580269797441725466e-02	-2.23633502569148398184118e-03	-4.73507073088704322216813e-01
-9.47536531937585135842994e-01	 9.49306769006323103443634e-02	-2.41086223696693913165490e-01	-1.33776732060212011354849e-01	-1.30934739201785332873840e-01
-7.72075207415671371791177e-01	-1.71252185238977977510544e-01	-8.18967598424147624758263e-02	 8.38582155969212483803688e-02	-6.00694001592438797665352e-01
-4.40057544616291596017987e-01	-6.10518780958009710246870e-01	-5.23029697429925000129458e-01	 8.73921898451107542760141e-02	-3.90408396790161038580891e-01
-1.89401377494144484980865e-01	-7.85616554084275775515778e-01	-1.68135957663339247192269e-01	 5.87428573119550961889601e-02	-5.61438620516551134542738e-01
 2.59700292941492327791764e-01	-7.19742505199083004718830e-01	-3.95613769335747267330561e-01	-4.58410886009935000795501e-02	-5.05880246860548221654597e-01
 6.14066643891243990616147e-01	-2.95752574115564437207127e-01	-4.91901751596158620660759e-01	 1.23303775909348545258837e-01	-5.27523854804017311437292e-01
 7.34148286743655176245227e-01	-5.01326102019536867793192e-01	-3.91877876061478974678565e-02	-1.12560501618924873462602e-02	-4.56109692006803513208979e-01
 6.39874628593484096050759e-01	 3.47138500598851706957504e-01	-4.50446800805881564233601e-01	 2.32146580222192637499301e-02	-5.16346860531745277533844e-01
-3.13950532396412851365852e-02	 5.72818086730446207610612e-01	-7.92107306929909937842638e-01	 4.79838039389075196594625e-02	-2.02872765580668662499519e-01
-6.40249810131179097894005e-01	 4.74036668214867507042953e-01	-5.56946535916595486526148e-01	 1.13820154789113087145935e-01	-2.05487095237203737374543e-01
-6.24333181869087039395083e-01	-1.11321378008936655579220e-01	-7.26240162454697912863821e-01	 7.98086902641916701162117e-02	-2.53024560490679062407793e-01
-1.40584056339230656362815e-01	-2.70437722376011990821354e-01	-8.95817889174417736342093e-01	-4.48775191548667854585242e-03	-3.23403356409792286374483e-01
 1.43789080164085258939366e-01	-3.17017922014702302480060e-01	-6.81993461157674896178094e-01	 2.08161225229823748650304e-01	-6.08587019904335613240676e-01
 3.15972475901563243372294e-01	 9.38429030648878365061805e-02	-7.75436091044472530775522e-01	-2.26678267900239614751623e-02	-5.38089158366228503815876e-01
-2.94170339474783271160874e-01	 2.21609058043493234446686e-01	-7.86981932676115047975429e-01	-7.17603837343335909659814e-02	-4.89758227836995463366776e-01
-3.08841861519879135045130e-01	 6.16947570302964071187191e-02	 7.69886780175161433703579e-01	-2.25839449291865945745883e-01	-5.07031902727015704179792e-01
 4.91872625464250090576712e-01	 2.74587890628300745898827e-01	 5.46608057560657223383771e-01	-2.45058535856785830731042e-01	-5.69059536474611382672606e-01
 9.69258496663292640205256e-02	 4.29673156789456889281809e-01	 5.95600111644186802628553e-01	-5.21423340260938616985698e-01	-4.23514539587014182675517e-01
-2.75158684268886899459972e-01	 1.96764751732139031581426e-01	 3.19125060444442609774995e-01	-5.91723807754450326079620e-01	-6.58478140928087318783923e-01
-5.88411125411319790856624e-01	-4.52577006823500493926105e-02	 5.12672128447407393636581e-01	-5.17199024151910657920439e-01	-3.48420071394641706064021e-01
-2.22588728511389444264523e-01	-4.34888613466242968108588e-01	 6.56371708552337063125037e-01	-3.07874750651847328697386e-01	-4.85505375809826222877064e-01
 3.12066609193873245597928e-01	-2.91728770664698822123739e-01	 7.10173083971570862082956e-01	-3.64960655737666839204536e-01	-4.24224782819842605174898e-01
 6.24774743682384059439983e-01	 2.95904149903401636478861e-01	 1.42472187690969864792834e-01	-5.48696256416960626012269e-01	-4.48030520896867845426215e-01
 3.31057989426323584503109e-01	 7.21431792206244537624116e-01	 2.40994088984969656586088e-01	-3.85843126268314906557322e-01	-4.03712407311050958114151e-01
-2.19604132142231095459195e-01	 6.39089828778070301318337e-01	 1.41823784288931525887634e-01	-5.49372333974830207026230e-01	-4.70546776390497412112524e-01
-8.39319184374490157019011e-01	 3.12365792103073525165513e-01	 2.10832555464119802968170e-01	-3.50030589612160769608096e-01	-1.76065722265841217986093e-01
-8.57040246371372882450146e-01	-1.98883956029392711117865e-01	 8.34122400003658170941634e-02	-3.65199855732396549967689e-01	-2.92572472602863120627603e-01
-4.37191080994143221882808e-01	-5.91139676012861547960142e-01	-1.49422409416721746477918e-01	-4.14591869095115805876617e-01	-5.14979968335567250825591e-01
-5.82927979976394505801096e-02	-8.19225056785636951417473e-01	 2.02689351900075226398101e-01	-3.30891641659392388152838e-01	-4.18210478279127051415287e-01
 4.68266366314641080403902e-01	-8.62046978514973971652324e-02	 1.47356343884434859425880e-01	-3.37264422583560152801851e-01	-7.98645213735864278881138e-01
 5.21528755194044624232674e-01	 5.87192638194772187354431e-01	-2.56179094441408572446761e-01	-3.88156667425625434564296e-01	-4.08557506674183890105212e-01
 7.72209969266629409068159e-02	 7.55050630040521864039249e-01	-1.53295112976880004707070e-01	-2.53471780569249127701426e-01	-5.79817323388602590128471e-01
-5.92922544315429234096371e-01	 4.56992469742050044789750e-01	-9.54166779120900893085278e-02	-4.86347784596736776308035e-01	-4.40411431545147280530728e-01
-6.66698077462569704820794e-01	 3.34216061450509083208260e-02	-3.48032414461755867929327e-01	-6.23247553969726419964559e-01	-2.11737088638415810182281e-01
-6.27892538452122672687494e-01	-4.42574136544567509066184e-01	-1.68297354193194387272925e-01	-6.16349906829715354916743e-01	-4.08397691050276234747685e-02
-2.30846275624056775088722e-02	-7.53966480370908853636536e-01	-3.30768909907811325954441e-01	-4.81872549974115549353826e-01	-2.98985652276578084407532e-01
 4.48583513870117245314617e-01	-6.39613680376013515882505e-01	-7.29163882420452713617465e-02	-4.07913316628324307266951e-01	-4.66858755302720307422959e-01
 8.14972639668323006745254e-01	-2.86472338867232237391569e-02	-1.19964254516604348910214e-01	-1.84853516687049856948022e-01	-5.35197802302467495749738e-01
 6.31879919023370650865701e-02	 4.61372912180616212562967e-01	-5.89628078673022137934367e-01	-2.60541650000012448007425e-01	-6.06299506053698866736568e-01
-2.95741598127332361301001e-01	 2.28026097446677539215543e-01	-5.81913677992545452788420e-01	-5.58355476047285859131364e-01	-4.58428445619953939260682e-01
-6.84791247146048887017855e-01	 1.73388950643568962028951e-01	-4.32561991485217345321246e-01	-2.18419347034445016086934e-01	-5.15926673075031594351003e-01
-1.25517681824237337107064e-01	-4.99344801329784371279885e-01	-5.89186363002112467590621e-01	-2.57339242130030121380457e-01	-5.67041466778817282445857e-01
 3.46666808005139936987860e-01	-4.02365668790990227421389e-01	-7.41046595724270340532769e-01	-2.27899220435877708501593e-01	-3.41812640339844486803145e-01
 5.89055127638600573014571e-01	 5.06106981629196595040554e-02	-5.15619997032361498945363e-01	-3.91149239217503497112460e-01	-4.81238927305397690137312e-01
 8.52514538112278952297629e-02	-9.92031465037888915414754e-03	-8.33718816421911368408360e-01	-4.21345188698604156130045e-01	-3.46431730770861145973782e-01
-1.33858554249382505352273e-01	-2.77849587178817525323637e-01	 4.35546908482712269439219e-01	-7.43740830851964074277305e-01	-4.02529454069646686065198e-01
 2.88834466699011471746417e-01	 1.62604149067387994398448e-03	 3.51197010807319520697689e-01	-7.22156697873194475256753e-01	-5.21269958996924520633343e-01
 1.78252821405841394009073e-01	 4.16110255975911613735008e-01	 2.96782963121747303536502e-02	-7.59846570073151039714787e-01	-4.65650700856976407226995e-01
-4.95776355667544244010259e-01	-1.34154049220109872209150e-01	 5.10650654024996167312800e-02	-7.23114571492528335205918e-01	-4.59027419474558828760280e-01
 8.86521006521757623519697e-03	-5.17969010924117401195588e-01	 2.99430497918701729598290e-02	-7.37916215740387571031533e-01	-4.31523561453298398760126e-01
 3.95288787821331866201291e-01	-4.74201268408049103619817e-01	 3.31068735721734230814661e-01	-6.66172608099524832248051e-01	-2.55905216258733358980493e-01
 5.42141074635050568275574e-01	 2.67988692332781219818116e-01	-2.28288727873687230518485e-01	-7.51278864320872097337656e-01	-1.33151946008585098102373e-01
 3.96798905913183230786956e-02	 6.16759159121298305983316e-01	-3.92484931125790525996422e-01	-6.09855910787518218363346e-01	-3.03422136370042061503938e-01
-2.74879147958480729574404e-01	 2.29877091041844505703295e-01	-1.65278328663112483720710e-01	-8.42347507224422531457719e-01	-3.67058208161715138206915e-01
-2.72244829587572956253183e-01	-3.31371168330668264268013e-01	-3.44338254924210718233013e-01	-7.74724827313474140311200e-01	-3.11943119337257490641946e-01
 1.37833358355478746704037e-01	-3.10809792903825321541689e-01	-4.69191869285820128965270e-01	-6.35326691646780794542337e-01	-5.10507808595290324404914e-01
 5.13996331171977960394770e-01	-1.79410639718092512762126e-01	-1.22840944484896477661984e-01	-6.81765656413775844590930e-01	-4.72996073969375985246444e-01
 1.78826993533696576577086e-01	 1.66200212451846490724350e-01	-4.36029171533230452961760e-01	-7.47558574735306513581179e-01	-4.37530724265647708026705e-01
 9.15907458317769679334575e-02	-1.04106570999581579672899e-01	-4.62577507496518616769698e-02	-9.56437578582764902357383e-01	-2.52706026685175499935099e-01
-3.31180537698846158556343e-02	-1.01432547328624028670774e-01	 8.50392511244463661368442e-02	 7.04177371471164548211163e-01	-6.96790634360907934485851e-01
-1.03391149921508593290120e-01	 1.11302666912422479339462e-01	 5.08268186797117937913981e-01	 3.09672143802758315089818e-01	-7.89106203307681774994364e-01
 1.15728479484681970324012e-01	 3.70782031578926696280263e-01	 2.33436395819154512976112e-01	 5.40809221262616657277533e-01	-7.08632795881373622748356e-01
-5.96299457180754055585226e-01	 1.87139683013617497131520e-01	 1.04831645354808170034211e-01	 2.73645024179936136032865e-01	-7.23556786493822379213725e-01
 2.89845768514910076540936e-02	-5.31825795705071047159151e-01	 1.32213136858112978444524e-01	 4.30141794459526494165402e-01	-7.16811649199902700679843e-01
 3.49875522255883641964402e-01	 3.21068809281368439112470e-01	-1.55695624769337709336625e-01	 3.93628944284121984331648e-01	-7.71567926551039562355072e-01
-2.29086665409945933191693e-01	 3.58972178345722037207111e-01	-1.26524577889817385623061e-01	 4.61969838201810201194775e-01	-7.67615577412727900785683e-01
-3.86073095490455653333584e-01	-1.81888736769258319014853e-01	-2.01756101812843868792413e-01	 4.70439143603314735564425e-01	-7.45550494548804176808687e-01
 2.55915744384103027719846e-01	-2.19159845849207890466914e-01	-2.78425188126306677460775e-01	 5.13792601382390468067740e-01	-7.38222643330065264599682e-01
-3.80325653150042977679313e-02	-9.41225052544264473297631e-03	 1.94117691195981496854461e-02	 2.65710051133183466909315e-01	-9.63060893953261221156481e-01
 2.43218450947807363071718e-01	-6.23097058799962633113267e-02	 7.23956911471027919624532e-01	 3.25970439291577637752617e-02	-6.41705624669215657362997e-01
 5.96532441854018657956260e-01	 4.01044182418312800120219e-01	 3.25151844673926063156166e-02	-9.26366258182327872994222e-02	-6.88239658767331619060315e-01
-2.58554222078635875803343e-01	 4.93869255469160328697598e-01	 1.36888321279357377813213e-01	-8.60206406589924810202064e-02	-8.14312538050093515096250e-01
-3.30868389164456044859719e-01	 3.36277836232002358407556e-02	 3.44189890526688968552804e-01	-8.22767938458679737312451e-02	-8.74161958491662893777630e-01
-3.18066067322959500351942e-01	-3.25944277787450553685034e-01	 2.42366002817440778782654e-01	-4.22189049272090222153508e-01	-7.45392133006747559242910e-01
 2.49169635905226172223337e-02	-3.65974904720942906255488e-01	 3.62042530251324046197681e-01	 3.69079088497112628441954e-02	-8.56156835278143457657052e-01
 3.04777563607851853522135e-01	 1.58138856673624789150878e-01	 2.79479518637992141449899e-01	 5.14252915809870689289873e-02	-8.95181197735356426470332e-01
 1.03042714735394086433828e-01	 4.26690939791632084521211e-01	-1.81570211558114452676804e-01	-9.69975120844276950116125e-03	-8.79917731348181297867939e-01
-3.77813596010152352722145e-01	 1.27702286641012491275049e-01	-2.19244638083652326754347e-01	-4.57319378540828117007955e-02	-8.89263398093170565061882e-01
-4.13416110106157197456866e-01	-3.91822051981464025693924e-01	-3.12677929652576194752278e-02	-2.25736306858202902259070e-03	-8.21328088476698470188353e-01
-4.12017807415015813177206e-01	-2.17222982752048876520234e-01	-5.41594001623917575827249e-01	 1.58001186213401097202524e-02	-6.99629756223797194536473e-01
-1.69998748409405098236391e-02	-3.86054316555916432474049e-01	-3.04910076947326358354218e-01	 1.14039673148291498261386e-01	-8.62958786297551627697544e-01
 3.75209751202929431279642e-01	 3.57426887506952992157316e-02	-3.38431225308906291626698e-01	 1.60607808350632548510806e-02	-8.62059429423509882006726e-01
-5.35686605132791870964581e-02	 1.29155410106509271894737e-01	-5.29523877848996349371191e-01	 2.46844467023563329810543e-01	-7.99450780560408635899705e-01
 5.43533978230848341395287e-02	-2.45855452895970376381296e-02	 5.24327826411760344882396e-01	-3.67374086955538359244855e-01	-7.65870661268469254956415e-01
 1.51565750647068536727247e-01	 3.96899605256670728881119e-01	 2.29840754777861394630989e-01	-3.88406188542200492275214e-01	-7.84737144987513346450214e-01
-6.55992196603541799504455e-01	 6.51797558921953235078206e-02	 6.48203151317035264344923e-02	-3.23760223159161697470410e-01	-6.75576407272523438152234e-01
 9.23991284095497349138082e-03	-5.22181654876862966219164e-01	-1.10685786883311598760571e-01	-3.27908906592925986078768e-01	-7.79400634385042256901954e-01
 3.39697418557098729241517e-01	 2.46059045906102363820978e-01	-2.36737394773263415403974e-01	-4.50975716395556225357666e-01	-7.51423262143849912675364e-01
-2.04275965844569917795326e-01	 3.41739691191850436524646e-01	-1.96830302744348345500569e-01	-4.80309640721448716238484e-01	-7.56337090320161276046917e-01
-3.81623618531228780970110e-01	-1.53383419516710084451461e-01	-3.09677169301877386331512e-01	-4.73998549921253953254308e-01	-7.14326512095286303427599e-01
 4.10276830751714116640727e-01	-3.21637553894155769906860e-01	-3.46814293159077857708894e-01	-3.01475867620150272951918e-01	-7.19064915968343099095250e-01
-1.17266200801919694834963e-03	-2.46786873953706228923544e-02	-5.51974454481958587415136e-01	-2.83440914364423479643307e-01	-7.83820793878205690496941e-01
 2.35778254483844096345280e-02	-7.93852835992863575809153e-02	-3.60632250972129572708091e-02	-6.91583500595615130457361e-01	-7.16626659003479438148076e-01
 5.80711444657269239277841e-03	-4.91876843555387119333311e-02	-1.31574191587224397642641e-02	-2.56119869230840679907857e-01	-9.65285628213640944927931e-01
