-2.23818138385140669166518e-01	 4.87932910101514447087645e-02	 4.66267776228245667269334e-01	 5.30895068699497596487191e-02	 8.52819160662845909826046e-01
-3.92762923632693425335383e-02	-1.31129489081315952353490e-02	-5.31561380396846777651731e-02	 7.05249152619657815321830e-01	 7.05750296597237203322095e-01
 2.45333351095404189612381e-01	-1.84260702412060606292243e-01	 2.43776740597140578747926e-01	 3.36017740110233331662926e-01	 8.56460459952448349696397e-01
 2.93956622703066654256343e-02	 2.65734830626402351860804e-01	 3.09748763806713012236571e-01	 4.77162099498608327508009e-01	 7.77748628384480555908453e-01
-4.96985415241443351241912e-01	-7.45296781816842113244093e-02	-8.48020285148248093021195e-02	 4.89418593178018557221520e-01	 7.07621989991015332144286e-01
 1.72049107047528238023659e-01	-6.91122668589106536884970e-01	 4.00188257229993904484644e-02	-5.94719707551415437823961e-03	 7.00793611672593241834761e-01
 4.54441496366219555014254e-01	 7.36722212087173311534372e-02	-1.06389854263513924936824e-01	 5.30997403674933310391282e-01	 7.03404781333531681219995e-01
-2.40091535199014521895222e-01	 4.78084965380368098752939e-01	-1.36942794994465905089598e-01	 3.91650731504674609606553e-01	 7.35966844371395367829791e-01
-1.89947918135344673284948e-01	-5.18467325314651228396201e-01	-5.50743577019753988155415e-02	 3.77796935368147457356969e-01	 7.41179945578177901133188e-01
 3.02809706897459673946571e-01	-4.22135334062662515020037e-01	-1.48641451227399218337766e-01	 4.54386298318492976022753e-01	 7.08199726081498170948691e-01
 4.12701208072420999695140e-02	 1.39645659762158452776859e-01	-4.60256929786826807227129e-01	 4.25195577463192642131418e-01	 7.65616187346566889893040e-01
 1.55296083748389351919528e-01	 1.80150765898087844574249e-01	 7.30636524173259527259461e-01	 1.44292942990408790127077e-01	 6.23521165692015766346401e-01
 6.74508207678730320466798e-01	 1.76202596038817521639785e-01	 6.00334292024892329786567e-02	 9.34201753457805511571266e-02	 7.08279592491384279995259e-01
-9.26644410670623558390346e-02	 5.58301891383679804725659e-01	 9.85682746982991242479244e-02	-7.33833454908313087550198e-02	 8.15237069364923239156440e-01
-2.90372301826240242217381e-01	 3.44426956007112761160016e-01	 4.40246053809163262471316e-01	-3.27591380441777046961249e-01	 7.04216797494575330595978e-01
-2.22916873658303565930439e-01	-2.30806651620003910885259e-01	 3.58043958490179337061932e-01	 4.85162930566578332047811e-01	 7.30381962810625728899083e-01
-1.46671841824709520141212e-01	-3.81671399719578696707600e-01	 1.62910319671263598140243e-01	-6.32703872827888730290269e-02	 8.95696041796287811820321e-01
 2.33036149474583703655739e-01	 7.36592154170070817498228e-02	 2.90206922358813013129719e-01	-9.53638512924512155022327e-02	 9.20301119799333711135603e-01
-1.51509946631572745001648e-01	 3.16739713075295969968437e-01	-3.71868794106332167803686e-01	-5.85520625668326036294964e-02	 8.57324877844886423794435e-01
-5.30586325654829771281129e-01	 1.61254424208926022688004e-01	-4.57605495401579021041982e-01	 1.66897094874052853707980e-01	 6.74698252555934629981493e-01
-1.55153636822199209044371e-01	 2.55076784949544721481374e-02	-2.25675198844684302135200e-02	 2.25979678014111423633992e-01	 9.61093439520604442272145e-01
-3.05531484371848405245942e-01	-9.41294761648549943577891e-02	-4.70587932153345156471858e-01	-3.53217483782760521826560e-01	 7.42680658854314668104735e-01
-6.18925304823985614893767e-03	-4.47555626542774143139525e-01	-3.17035079836735955716165e-01	-1.98858645511568093988686e-01	 8.12157405651656283396278e-01
 2.45141086535598073936626e-01	-1.26518730019476388637401e-01	-2.39965974969826079110646e-01	 8.11955852105658432149582e-02	 9.27212201411036218701156e-01
 1.16051871403224621248640e-01	-1.25207912789725411134567e-02	-6.86039669678960684073843e-01	-4.14561499881529738065211e-02	 7.16942223742262574326389e-01
-1.88704465356030332001680e-02	-7.45660575041497547532643e-02	 4.17325806703593149560305e-01	-4.85611364346799190272463e-01	 7.64267350599428851865014e-01
 1.79523278971026462036420e-01	 4.48389400503158508382029e-01	 2.32650436542894606395393e-01	-4.92710783924396655830691e-01	 6.85440147354177353733462e-01
-4.91622004381693233909800e-01	-9.42555488743645336624510e-02	 2.03042886193993188381768e-01	-4.14834627766653252223250e-01	 7.32194997446605211344206e-01
 2.99874526937612406740641e-01	-3.79526362231368763477946e-01	 1.50524528254981193597928e-01	-3.92228653845660912846682e-01	 7.67811212448348712200641e-01
 3.47285051586814330626396e-01	 2.74664864680019993325999e-01	-1.66241734695043386071944e-01	-2.42947279948290656426124e-01	 8.46931289932046249546715e-01
-2.86273372236234835419566e-01	 3.25882398924353278157895e-01	-5.08182157165323958314396e-02	-5.66899349867602486696683e-01	 6.98491842823436570597551e-01
-8.55656356446000548876540e-02	 3.07535892703204999376609e-02	-4.03596735142349866132250e-02	-3.08184825711534771119915e-01	 9.46110960035187020800151e-01
 3.52242750478090671517606e-01	-2.01177060465886403672897e-01	-3.15636123601767404345253e-01	-4.35197730541931560033220e-01	 7.39208771516367213472165e-01
 8.01033866869724497927763e-02	 1.88133220574613485576165e-01	-4.81280623539369123431442e-01	-4.92983472091690133609632e-01	 6.95360048038050071461669e-01
 1.80155537454771974559264e-01	 6.33467667471268175427568e-02	-3.12862936341792435834819e-02	-7.27518574628316594399280e-01	 6.58231768352520396625494e-01
-2.90154582100877689310181e-01	-4.05813678163901153661541e-02	-1.60077308069839691073710e-01	 9.16091821476100243160090e-01	 2.22068685630663092966941e-01
-1.84318126374061308503371e-01	 2.32643589105938335820367e-03	 3.24239611469869848381364e-01	 8.35746927513034587597929e-01	 4.03010128275197221370263e-01
 3.23787496585072220867119e-01	-1.00727096388028777851353e-01	 2.74418627336584453058066e-01	 7.64397092101799957575281e-01	 4.74770693772715968172804e-01
-1.88507086401731971392337e-01	 4.71864531067144932219293e-01	 1.01514975653650210696277e-01	 7.33143181923304187996848e-01	 4.40459677172071295547795e-01
-6.30618897647069687195653e-01	 1.15273209896634684645811e-01	 1.06798624566470670704810e-01	 6.98232750798338019926348e-01	 3.00161577344298380332077e-01
-4.65586620230999892466883e-01	-4.03105883130003228576044e-01	 6.05639214054209812365670e-02	 6.95799262961242948044571e-01	 3.64595862750037136290615e-01
 2.78146195505782678480955e-01	-3.96745563008578883135158e-01	 3.28769429838415949696184e-01	 8.08507030009854577023987e-01	 5.87766670289469744803412e-02
 7.43396109490763734584107e-01	 1.12165428560855734430035e-01	 6.84843708714400895010144e-02	 5.86682460396524496637483e-01	 2.93078014595397062791449e-01
 3.08658785287956816123511e-01	 3.62988258646985306743460e-01	 4.83973530029727441736931e-02	 7.76514631934587584716212e-01	 4.09453295215449264432550e-01
-3.67985640083084430962401e-01	 2.25206262016039271411927e-01	-3.86638762853366291238899e-01	 6.53086466293417489126227e-01	 4.87706102940081098751079e-01
-5.94826944692543935211404e-01	-2.40373255406166552727854e-01	-3.95086728444851320585229e-01	 5.55370341169545533865914e-01	 3.51954350888211253689519e-01
 4.01151602113738181554226e-02	-4.55273586163729815368129e-01	 2.87477359021065317912225e-02	 7.83611317029044407433958e-01	 4.19813776771727764636211e-01
 4.85245807303030129986610e-01	-2.03954760028834752860760e-01	-1.80214408062535247356806e-01	 7.77421096232875252773908e-01	 2.93390812083738516946596e-01
 1.29665573411205020670778e-01	 1.19010346737040639819583e-01	-3.82840663197237640602566e-01	 8.13636194236884047192859e-01	 4.00565283657847215348369e-01
 1.84153292940815394018728e-01	-2.00875182549863140479829e-01	 6.46039939851757449851277e-01	 4.89546368060309544656405e-01	 5.18375805154822955067573e-01
 4.94198853700825002643882e-01	 2.29537477766924430389039e-01	 4.11485702661138152969045e-01	 4.12732827146005509799664e-01	 6.02835938877837929084080e-01
 1.28667152059891320980967e-01	 3.65635941801505770509806e-01	 5.59912265487334193103663e-01	 6.40569408282006480526150e-01	 3.54858014103956898033232e-01
-4.90051465516049278292599e-01	 2.80261157983166198093272e-01	 2.81350511220047394544963e-01	 4.16336869156944844316826e-01	 6.54834899565011174793483e-01
-6.17324940442773306692459e-01	-2.06182348494186956644469e-01	 4.78289691783528370105927e-01	 4.58216693252837925509624e-01	 3.71046075083405313410623e-01
 1.46848695005429685789267e-01	-6.26391771415470421935368e-01	 3.45328739760894176669126e-01	 3.96062853998163544311240e-01	 5.56732509070714809418234e-01
 4.39108715998556886628279e-01	-5.29430405814067084335761e-01	 5.85691233070532502047456e-01	 3.95178095697165943089857e-01	 1.66394209992810349074688e-01
 8.64660777817415904245024e-01	 1.98198590913072104913173e-02	 4.04661364874622120346714e-01	 2.31958029691415101858354e-01	 1.85508934365077510220132e-01
 1.86529341342350579724396e-01	 6.96287397775444572012304e-01	 1.74193861603444521968242e-01	 4.10378401768016876083323e-01	 5.30694573610374198402440e-01
-1.64840286377977929266336e-01	 5.48345496538954257914611e-01	 4.98833489803820584462812e-01	 1.72183828732617366652491e-01	 6.27425513495739717306776e-01
-8.01629062485368470980518e-01	 2.46736476281395777920835e-01	 3.70646887151479698108147e-01	 2.84198718655461202153845e-01	 2.79935583323345282824590e-01
-8.34122703225254280567924e-01	-2.57460196723423073716930e-01	 5.83269197235513139898622e-02	 4.78070463490687769247955e-01	 7.74607348318638450068718e-02
-3.38912778728331920419237e-01	-7.81099797452106336947963e-01	 1.52553309742683218530601e-01	 4.10695709970867572913278e-01	 2.88232122312897798277476e-01
 4.88476465430818185264883e-01	-6.11396693605026242401834e-01	 6.91557465663625997587260e-02	 5.37910352411670067418470e-01	 3.05703714819199612318101e-01
 6.34863466311531787766853e-01	-2.86865345541880867319406e-01	 3.23156382029500088837182e-01	 3.76467276274953910331078e-01	 5.18168886867752198632786e-01
 6.10656852254349846731429e-01	 5.70615380560803853171592e-01	-6.62266313978032566955889e-02	 3.33112220490507704440120e-01	 4.31447074524606455359077e-01
-5.22856299160830290118085e-02	 8.32706303842144612836762e-01	-1.18902425823145418970483e-01	 5.05035811282449564885155e-01	 1.86192016213053868067817e-01
-6.78036717452975445930008e-01	 4.60579417374512356531113e-01	-1.45081122238355092468609e-01	 3.05184447007898707049378e-01	 4.62543761552451526686269e-01
-8.54909396311617553188000e-01	-3.18243996821274219982678e-03	-1.21401620392591239050439e-01	 2.42101752796256314281820e-01	 4.42456985517222900483603e-01
-6.34210632373714555676258e-01	-5.15418267906441962544761e-01	-1.07621382798315484707885e-01	 2.39465007369848659202205e-01	 5.13025370817460690808787e-01
 5.93932150032931011063297e-02	-8.25917994056236448585651e-01	-1.61072419552568929512759e-01	 3.61845571774263075059963e-01	 3.96806465361305704675488e-01
 5.26836279701286547272332e-01	-7.04753693528478830643280e-01	-1.72561517915668594103096e-01	 1.16476396598138229321329e-01	 4.27108343887857844212164e-01
 7.68022266773817796625679e-01	-2.50597658268400913517127e-01	-1.87448956733351990155967e-01	 3.28540316494986328610395e-01	 4.51958803948936060912445e-01
 1.52878468637734576951459e-01	 5.60951910892095839678007e-01	-3.51548094137315580987035e-01	 5.34832196372234336401164e-01	 5.02324184890156621996482e-01
-1.60605117919049439345613e-01	 4.31321406702974197155953e-01	-6.75944688792918135789023e-01	 2.24690486252771604025469e-01	 5.29887538349519848779323e-01
-2.33556943046624332360750e-01	-2.47543379043889205659568e-01	-4.60237456228049568451866e-01	 2.29329801494989493626520e-01	 7.87250122818188069473422e-01
-8.21345048139792421881822e-02	-3.36302955750554299907407e-01	-4.23125827593420988925743e-01	 6.72863269868849589450122e-01	 4.98371145991805652997186e-01
 3.80762315819830499119547e-01	-1.55095206574291377688013e-01	-5.69262497959376667644449e-01	 4.51723942425102442665974e-01	 5.50319201923911371920894e-01
 5.29913228724065765717910e-01	 2.15385822483526917503482e-01	-4.52849366485522930592111e-01	 1.69151307186375693403235e-01	 6.62658436939522754727250e-01
-1.56242578447508939643029e-01	-1.07626136892300175440518e-01	-7.80068360675818639471402e-01	 3.93760299573759076086077e-01	 4.47717601273211418533293e-01
-2.12505629271659307599762e-01	 4.62147934021702955220690e-01	 8.08038132864585145753722e-01	 1.59248620278923530557691e-01	 2.50947997368582254029690e-01
 3.91914849551649402403797e-01	 2.26890056067777790005380e-01	 6.57447942468278978545015e-01	-3.60326227990689917923817e-01	 4.82546231489477839282642e-01
 3.06419492890482536573415e-01	 6.03069042930879817276946e-01	 6.29335245099461593198953e-01	 2.04555611634666650866521e-01	 3.23278478806648006393942e-01
-2.77001040860537839360944e-01	 8.16926457023146368463529e-01	 4.89191670115472820867808e-01	-8.59728703473888744568399e-02	 9.59258183788576496153766e-02
-5.20681502723270628329999e-01	 1.57125587180560938316276e-01	 6.71206165115382114016995e-01	 3.33265343245217407486258e-02	 5.02567357272654446909144e-01
-3.93078450927071332277052e-01	-3.17665474712161166603863e-01	 5.95021609685945862544543e-01	-2.33335024018124559397336e-01	 5.79725821544873398671882e-01
 1.14959836454892133650318e-01	-3.35886368251536393536583e-01	 5.59116617483606526128881e-01	 2.74145350817603297016722e-03	 7.49230055531283856140590e-01
 5.88629421688979581617218e-01	-5.69193711136594809874012e-02	 5.26993041976693166184020e-01	-2.18596907120403340096804e-02	 6.09980390458781940310473e-01
 9.10569501210902298993233e-01	-8.63782664329106886214049e-02	 1.28500913785815740197904e-01	-1.26667367801925501158422e-01	 3.61724856269120931262506e-01
 7.30150122202605222909710e-01	 4.41586183160065537389727e-01	 3.46818184980919486104511e-01	 3.84420017719074441631122e-02	 3.87455547070828576483592e-01
 3.26848676799521564717566e-01	 4.85173056968011828793408e-01	 3.90663311520476008720237e-01	-2.11405912045901610285537e-02	 7.10431066115560838625242e-01
 8.71602932775451949565237e-02	 8.68117128078306210525739e-01	 2.35825454958375063663212e-01	-6.11083778832012605719548e-02	 4.23589254064601183902283e-01
-3.48231443505628068812996e-01	 7.80711059484279545905849e-01	 1.31962800467969876283547e-01	 2.55184902640546107388531e-01	 4.32078219897631510271196e-01
-5.83017494979050421299860e-01	 5.65960036664293730801489e-01	 3.77427173764867396332789e-01	-5.88691339286739681591065e-02	 4.40298752010105765020143e-01
-6.31108162829110308500447e-01	-1.99056409136203260601405e-01	 2.82907448723704268989110e-01	 1.30291944417146754453540e-01	 6.81957782761447695030199e-01
-3.30714997106599517540104e-01	-5.84997504005982937869135e-01	 4.27261687872051598713341e-01	 1.77087482042100397006124e-01	 5.78353684847141225056077e-01
-4.29671130962978542466857e-01	-5.08410043042545112257358e-01	 7.09142775342734510424236e-01	 1.88163751828644060237750e-01	 1.36429007280141179059285e-01
-1.59655221327646840157044e-01	-8.95786466426503724669317e-01	 1.75663706314877904324234e-01	-3.96085624365939414914806e-02	 3.73698061187592300846916e-01
 4.97706268373028004603498e-01	-5.67824729612884326890310e-01	 4.25304317904935780259024e-01	-4.64356851507441506510254e-02	 4.96813356481333845415804e-01
 6.63219450570323831861685e-01	-3.07281948142448468885846e-01	 3.50018852155812965065707e-01	-4.66019206400116570154779e-01	 3.55007981787328674716520e-01
 6.84757314758674184851373e-01	 5.13725874852490993482945e-01	-4.10263676938137034078125e-01	-6.76660906669741407659657e-02	 3.07080056256640754330789e-01
 2.47849386112697217532386e-01	 4.14034710649749726485425e-01	-7.03730210456292026854896e-02	 2.41783629580147846338534e-01	 8.38888702127223995219651e-01
-1.55142168287565884732260e-01	 9.36701082777990801098156e-01	-8.24623172507030072209133e-02	-2.42253219944189968071413e-01	 1.81756245565011215203910e-01
-1.60864506027709686097893e-01	 7.80814979799006603222722e-01	-3.04868108714338448272940e-01	 8.51287550812136750710835e-02	 5.14061386771271444651177e-01
-5.13451707718144079173328e-01	 2.77614857745800580612894e-01	 5.64479410675169726574474e-02	-1.43133188228893124677166e-02	 8.09880295755868617746387e-01
-8.75454861352434665633382e-01	 4.28745360806726816260692e-01	-8.90196996118222151628263e-03	-6.57197882245322134719956e-02	 2.12973861512702866694013e-01
-5.25372506029620711665018e-01	-2.34810809207146253818621e-01	-1.70695570393056078595251e-01	-7.20204561370030721390023e-02	 7.96569952944277681616825e-01
-6.08484173149282936421400e-01	-7.46932465053857574943663e-01	-7.43068885115852756362287e-02	-1.86966358250754693948181e-01	 1.77090290184353876812295e-01
-2.79779492983850519571831e-01	-7.37031697125218432375959e-01	-2.93180318839427356270022e-01	-1.25165226313790137191440e-02	 5.40736858411602794305395e-01
 2.68850434055928344534436e-01	-6.86192622643020166961492e-01	-4.50975305045725971542225e-01	-2.54478265487981858417044e-01	 4.34420551276497035608770e-01
 5.72389313670234156639083e-01	-3.15085102206394573887138e-01	 4.68071021980940096818280e-02	 4.53486195293143021928239e-03	 7.55566265905638134725564e-01
 5.29821530222195136161645e-01	-3.30172507701739725849421e-01	-4.87929057490698314669686e-01	-2.99786151487555895672754e-03	 6.10075002727970105986799e-01
 2.37565760979386253470835e-01	 5.67909916419867877301897e-01	-4.85897361267137117835091e-01	-9.97252344795629885529364e-04	 6.20438228870254127045314e-01
 1.14264532912190189956059e-02	 4.86390438789869317126602e-01	-7.95579726013402988016310e-01	-1.95628556065178399459015e-01	 3.03440512831220310374647e-01
-5.80444123247750187744032e-01	 5.24732442573435542421123e-01	-5.26320857895081317678887e-01	-1.50349300980148550821447e-02	 3.32416589416954844082852e-01
-6.10736442277552971091836e-01	-2.77997960726405257680938e-01	-5.80646084626772474024392e-01	 5.25094016686221687351122e-02	 4.58051327964584864549380e-01
-1.60011544217234014109152e-01	-4.30590311250171720036661e-01	-7.30494057626618120693252e-01	-1.49213617954757737926741e-01	 4.82806397600267001024577e-01
 1.19466451289747740971414e-01	-5.50474073392759333245294e-01	-5.38434600917355510318885e-01	 2.13123659482256644359666e-01	 5.89383192704438174658321e-01
 2.31874628306634633645444e-01	-2.97009450330050717159480e-01	-8.71140867348228264965826e-01	 1.36745143079620129489271e-01	 2.83608706217232220403446e-01
-2.94063396075112726268941e-01	 5.92923939892287671371562e-02	-8.40072727855023848597682e-01	-7.36517479182730028242077e-02	 4.45942107281427191356471e-01
-8.70197976195418027023365e-02	 7.37896480495714296443666e-02	 8.07410289372859746315214e-01	-2.64937480580204887115059e-01	 5.14664355343968926703724e-01
-1.59082204261498938446806e-02	 2.41859828908934593183488e-01	 5.31071208748188916537458e-01	-6.88126994696239724369491e-01	 4.30923847207453747376604e-01
 5.53783838904430072980212e-02	 5.84925823398591893109710e-01	 6.64773590328289198936318e-01	-2.49093147040151868809588e-01	 3.88360262409571499464533e-01
-3.83674288385346062835168e-01	 4.52034171821098451626852e-01	 6.90250285808693408995396e-01	-3.64563900999054002483035e-01	 1.97754527046489797514894e-01
-4.89491181084776461052144e-01	 1.32160316027690565021668e-02	 6.04902181978728803457557e-01	-5.17452076027265284174916e-01	 3.55753312565535273481743e-01
-4.61022574747689609098167e-02	-6.00751123338770010029464e-01	 3.88305980034143516377299e-01	-4.26429698183716787696085e-01	 5.51678210589836126587215e-01
 2.77521405034271639866716e-01	-2.57971176714951622166438e-01	 6.71336926287606550189935e-01	-3.94412090822263305955886e-01	 5.00178543870112846114750e-01
 7.99181357430991612389448e-01	 3.64823751422105380104455e-01	 2.38104016396801787536219e-02	-3.49289385344981218040061e-01	 3.25027350221703370536375e-01
 2.38278350775633251945607e-01	 7.55851086250565851187844e-01	 1.80889812224071071244946e-02	-5.63899658061737252268131e-01	 2.31522196261341545175938e-01
-2.00063456674150763614506e-01	 6.97066832994517215915664e-01	 2.82753059922514593527154e-01	-4.76320364754387826078386e-01	 4.08952394377738948083589e-01
-6.11543970081607990429973e-01	 3.38430042325265578728732e-01	 1.82256874734664342518897e-01	-5.74213308011942369368796e-01	 3.85409636130804922338200e-01
-8.07660179238538944446191e-01	 9.00435372542635337200778e-02	 2.51054387214901530978040e-01	-1.69473614606930944592733e-01	 4.97822844878901882292865e-01
-4.80693455382260492747548e-01	-5.74761612790918197113399e-01	 1.15908889439235038287812e-01	-2.46749182659223936786574e-01	 6.03541929463573989522729e-01
 3.66786745345754505720492e-01	-7.56485891173379387808495e-01	 1.34863265676140625659585e-01	-3.77035670557834989846668e-01	 3.64489482142430543110123e-01
 5.56933278619916261042988e-01	 7.82998284902989977185328e-02	 2.22011706414262294240203e-01	-4.23850977933935280095312e-01	 6.74355700460472551327484e-01
 4.57498553904019999993835e-01	 6.70575295766832502053489e-01	-3.37426872463239616029007e-02	-1.45641950392018937332494e-01	 5.64511912386586600653970e-01
 5.68069531562466218527208e-03	 6.66961530242331623874463e-01	-2.14608340416142018280965e-01	-3.93460162285626247058445e-01	 5.95199468914024309995625e-01
-4.99982104923236247984164e-01	 6.45382439434914911835506e-01	-9.78946202370258727887276e-02	-2.24618532123608521944291e-01	 5.22936477959658363445783e-01
-7.00994844539104988712097e-01	 1.67346005836720518322736e-01	-2.40816070301239526507686e-01	-2.78141184313594413968218e-01	 5.87576926141073263565318e-01
-5.08737024511653590508331e-01	-5.00741840411819572054242e-01	-3.69325472207514993172595e-01	-4.21922409408164666988483e-01	 4.19552648865334110173109e-01
-7.53152944641837518435779e-02	-7.40285928544547999763381e-01	-1.22790379364097188008564e-01	-4.57093502501747295241330e-01	 4.71478953003223677509226e-01
 6.86227075978963152458334e-01	-4.63607420009556014939278e-01	-1.27220723204649194260085e-01	-3.13479599346285331407103e-01	 4.46884759962145050593563e-01
 7.21660624053787391751769e-01	 4.06356098665838702532760e-02	-2.96585444264162445549005e-01	-2.37952504928973351816524e-01	 5.77035848582846067067464e-01
 3.86132982460513571321137e-02	 4.90462561764140048126137e-01	-4.65758159554585604578136e-01	-6.80365709928321682475882e-01	 2.79512658511872402744558e-01
-3.26113751538592677725603e-01	 4.20181306126935938394240e-01	-5.48488834565347915805944e-01	-3.65974888469639325627725e-01	 5.31337811947981797366936e-01
-5.70962472735757509134658e-01	-4.20654892920097819852820e-02	-6.14956223577831861959453e-01	-4.19131143666695016314350e-01	 3.44078881696673499757111e-01
 3.08807224531451263160875e-01	-2.30963264778794086229396e-01	-7.30717208739963819397190e-01	-3.62891037450407849540568e-01	 4.30878781317142023343791e-01
 5.96013348108499485533684e-01	-4.18955147568856600681642e-01	-4.98119222882046464029315e-01	-4.58705739558810166034419e-01	 1.03493755817660487705822e-01
 4.10677198520458475172745e-01	 2.59189503354403993906629e-01	-6.82213414830525555210272e-01	-3.10034344138213235897439e-01	 4.50142868483270230939297e-01
-7.70529758541356052381488e-02	 6.92605830595397903293176e-02	-7.85746873285641633799514e-01	-5.40112584270424744836703e-01	 2.83100791204891844010660e-01
-2.93824194312315711830053e-01	-1.46947264867754220224461e-02	 2.21302490676504370892275e-01	-8.15699688201442674184705e-01	 4.46218146357409140012606e-01
 4.66554530231736208634175e-01	 3.15889745546701627976205e-01	 2.48677736543468169694293e-01	-7.27629417900596431323379e-01	 3.02085008783853137259712e-01
 1.32019094585028029520402e-02	 3.64114164919454641466956e-01	 2.98910529864321143633799e-02	-8.72452433389090287185752e-01	 3.24314447591339038989844e-01
-6.08419003179086592680846e-01	-1.39739050248949864263537e-01	-1.31478872097354704262528e-01	-6.49576827763611919230868e-01	 4.13597105201014003661442e-01
-1.63742866553807264740072e-01	-3.28444911054212251855233e-01	-5.68601326274113597070148e-02	-6.10920097880376378185474e-01	 6.99182217579049636313471e-01
 2.31456163431822403708793e-01	-2.60564911653302089256101e-01	 2.83286741472869307845173e-01	-7.71574576124047117886562e-01	 4.50505568011327961475132e-01
 4.61847244427446179670937e-01	 4.17546349729165156006161e-01	-2.41742706343083924025450e-01	-5.73278445427681027091182e-01	 4.74620328874108987626812e-01
 3.85413033975866070601768e-01	 3.60198749956590957843616e-01	-1.84348856047819947834299e-01	-8.29252916216111080061069e-01	-8.29180270887868234308549e-03
-2.51024408500089057927340e-01	 1.20338088105609419820041e-01	-3.61068183366949346790875e-01	-7.81621386219766178804491e-01	 4.25679769841425803544865e-01
-7.06689328177863007596216e-02	-3.65264680924563878150479e-01	-5.28776070662326680427157e-01	-6.17238067118009547940005e-01	 4.48330960785451093641996e-01
 3.21974718890658428982476e-01	-4.60565638902952656508205e-01	-2.19273544590794289277369e-01	-6.92795074483361417172489e-01	 3.95178023264678934811656e-01
 6.55839418873983337476830e-01	-7.10079034842044792830151e-02	-7.89699010623599595426469e-02	-6.56619309361652692125233e-01	 3.56997719311260119923190e-01
 3.13091861173896091052882e-01	 9.75285130038625394655050e-03	-4.47854370302119442204258e-01	-7.74314866114664934748646e-01	 3.18969151287861796273404e-01
-6.17745001265563656311919e-02	-2.35900105132588605583166e-01	-1.30436948419492465545133e-01	-9.17182314109235119481411e-01	 2.86876030202571463689765e-01
-2.00457278966014479371083e-01	-3.80133007723767624153055e-01	 1.37849996083635101262743e-01	 8.90152615267199909254714e-01	-6.27811744166178326009842e-02
 8.98669129616415651717887e-02	 1.01767570573875979628165e-02	 5.96576077965909057354565e-01	 7.97433669376606979461997e-01	 4.11068290114836518145403e-03
 5.22991409866566669961685e-01	-1.00525465714336528777473e-02	 6.19553359007872783692505e-01	 5.57860769351011254180150e-01	 1.76985674206614429504469e-01
-1.27847709886581090144020e-01	 4.10355262024567124523600e-01	 6.67684361318587882294651e-01	 5.89068681346530897968705e-01	-1.49863952679602951967297e-01
-4.16996235446147556213958e-01	-8.42624833182368943029772e-02	 5.24967985714378970740768e-01	 7.37168688590591369980132e-01	-2.21631798269593220662710e-03
 7.28285751856003471527146e-02	-7.84989225978501958813638e-01	 1.85319874773077958307610e-01	 5.85874880201564529613734e-01	 2.99179293568402615566271e-02
 4.22124302072725776646678e-01	-2.55507887319721516128368e-01	 5.12359149113330469837990e-01	 6.28040701065921469492537e-01	-3.15562629665675831169835e-01
 1.69192597891372836782509e-01	 5.47585063739005062366516e-01	 2.99501516780298182585085e-01	 7.62773423879301692984711e-01	-8.97689581272557150142324e-05
-2.71426267629424566862895e-01	 3.09013266051671675604950e-01	 2.36737980053732477436768e-01	 8.79349304889754712633021e-01	-3.92238630787783287834358e-02
-5.10502304358799952055392e-01	-3.47059486034130004750153e-01	-2.48338299936828460490190e-01	 7.33138285316978777217400e-01	-1.40618113289315171954286e-01
 3.34337417772973377605439e-01	-5.84161407713090441440329e-01	-1.46952336805882793902001e-01	 7.10248864136867719132340e-01	-1.44656498350887730008907e-01
 1.29728162409771030638694e-01	 4.10366549240285538591166e-02	 1.04391565942882180717532e-01	 9.81540362865920612556181e-01	 8.46611708840606103088078e-02
-1.16108972587900302619879e-01	 4.41866685515736379308294e-01	-2.47673303121312332608639e-01	 8.51140975643508324033348e-01	 7.40912492641003089799412e-02
-6.10416977425046525240759e-01	 1.60512696029474738468323e-01	-3.57698369104227587023104e-01	 6.88241140288439412486809e-01	 1.67261449953285627062494e-03
-4.45254151845217216454387e-01	-5.48144875074611626075693e-01	-5.45670604197845410254786e-01	 4.09030608715033550115692e-01	-1.90324693727856625313777e-01
 1.00380246568054706801654e-01	-2.64758533076650259818763e-01	-3.30849189379222030638061e-01	 8.99977889992861435075611e-01	 2.01329747713931937747045e-02
 3.60917284934025139886415e-01	 2.20281435006915632390800e-01	-2.85180832635791026152816e-01	 8.58841730835336103488942e-01	-4.77239656783349924795701e-02
-2.92158222238981968299498e-01	-1.41922467306803190556508e-01	-6.34508639449651967723298e-01	 6.98888890550993902017751e-01	 5.87766244340336557749893e-02
 1.11517398076282331365050e-01	 1.49673677015606576556905e-01	 9.01047888769019422738893e-01	 3.69122542073749448920950e-01	 1.30471879778094906887631e-01
 4.10776780110143957536195e-01	 3.48565848293239666233490e-01	 6.99503931076423501878025e-01	 4.33427378006544072874817e-01	-1.80552609310858314106696e-01
 1.12684778718238329253687e-01	 6.39568894009069466299877e-01	 7.41076621773460120223831e-01	 1.16967872539741973847427e-01	-1.24006967205879489735132e-01
-2.43974391173505306129599e-01	 1.12836573084941438338547e-01	 6.73604371297057191725344e-01	 4.96802657732657582112523e-01	 4.76643131142397202815175e-01
-4.08445874929408259124131e-01	 1.96131535973069412448488e-02	 8.29864469944188609673574e-01	 3.76665501307478500780945e-01	 4.72795210229091586451311e-02
-1.71379037448099930118772e-01	-4.63825907742433374281177e-01	 5.02891093303700409400392e-01	 6.43589554561351584460738e-01	 2.97300834787931123059934e-01
 4.52981603310581015797709e-01	-1.56309709156071674485133e-01	 8.24230949258342726615467e-01	 2.54331389129426321815686e-01	-1.62277012154856070669240e-01
 5.12622171100264534260305e-01	 1.43194454892057176920162e-01	 2.41211985383174898345260e-01	 8.05160629651278214602428e-01	-1.01227448607983702699720e-01
 5.92140352307458761593750e-01	 4.75260499551411697005676e-01	 3.71816306929020123916985e-01	 5.09258556918886329256679e-01	 1.60952219126980100583069e-01
-7.81278347247408994080686e-02	 7.73361977992284899130482e-01	 4.53109065690627366151944e-01	 4.04935418314234740755353e-01	 1.62870420950909811086404e-01
-4.41584112284470475806586e-01	 4.59298881661631852590943e-01	 4.90927600082774806544705e-01	 5.52429289706942383553212e-01	 2.18769240143948467958168e-01
-6.36448507195689905380220e-01	 3.74054223301951649371944e-01	 3.25574754000285959687488e-01	 5.38786011545498211283700e-01	-2.42337469325111132256723e-01
-7.77160212491007307278323e-01	-5.60601245342129059223701e-02	 4.86159518806969781490324e-01	 3.72958379460167632757361e-01	-1.32023619182183638010031e-01
-5.43069213148463125762078e-01	-5.35725088898359791400594e-01	 3.67640574039913181625394e-01	 5.26626881677522473701458e-01	-7.46926681098331324282213e-02
-6.10342028776158160296994e-02	-7.77352360003917497444093e-01	 5.48233673319563297177126e-01	 3.02232023671334837366942e-01	 9.68389288986182261709246e-03
 5.10738659729609856263721e-01	-7.30810228280845075587990e-01	 2.58586546181125587207106e-01	 3.23824706173489740290705e-01	-1.82573244215768981657533e-01
 7.69795038485882709977659e-01	 8.77682491199183595353972e-02	 3.90324913699963638169521e-01	 4.04254076080508673030067e-01	-2.89719583194427199313026e-01
 9.47092669874489589965094e-01	-9.23023842347247269746191e-02	-5.54782000303366551463569e-02	 2.70811910298224822746249e-01	-1.34457514095034924572758e-01
 7.57289522649286728217533e-01	 2.79038275569597038483494e-01	-1.63631334011577783682512e-01	 5.50782827419128540036297e-01	-1.36063526349066349352412e-01
 4.05590641294806264482986e-01	 6.50172154740207952627884e-01	-1.31303909624494036245679e-01	 6.26252593858253381320367e-01	 5.77873074098029446132863e-02
-2.28640486883935012407676e-01	 7.33920355608974506189668e-01	 1.35630614690834622182436e-01	 5.96768934115113447447243e-01	-1.85891406509207268715755e-01
-5.54074324829283537674485e-01	 5.63336825226993131998654e-01	-4.19280394103119097293231e-02	 6.01009431571790431192426e-01	 1.12618677763088842480599e-01
-8.94149454258217790680874e-01	 2.39122055185427700996215e-01	-3.16794961043317876980829e-02	 3.76440107462599315990559e-01	-2.46302901678211068337010e-02
-6.55362193068669940387849e-01	-6.56031919169201227504118e-01	-1.48563819939805191738813e-01	 3.41820667421306845223938e-01	 3.47841868662134984235834e-02
-1.64269783106200328859359e-01	-6.67234002944298687509672e-01	-2.53306750409532432932735e-01	 6.75943037019079873140015e-01	 8.21640102207483735696769e-02
 3.27618326999816300570956e-01	-8.71267997039568808936849e-01	-2.20151763993023497079093e-01	 2.87701900904257512614492e-01	-4.81573065623088075737357e-02
 7.29907480988937096277880e-01	-5.41296062083885587412624e-01	-2.24781646829422060429593e-01	 3.49445787258173712341858e-01	-3.99311330296431357678166e-02
 7.34527354188065917384165e-01	-3.09858228946888691890393e-01	 2.35058276114108094523303e-01	 5.55975156600277631291362e-01	 9.83239426271968058879125e-03
 5.79115565856992753346333e-01	 2.69806426009697897239192e-01	-4.42414521860279019715989e-01	 5.46341541999446511645999e-01	 3.12425933940856381809681e-01
 3.77685523290368252435911e-01	 6.20159168052937359583154e-01	-5.88497287668279023264972e-01	 2.96728703533177429196854e-01	 1.95906280357133144587323e-01
 1.00641917882868636713312e-01	 6.24193078595726147383971e-01	-4.86314944292477346898806e-01	 5.80226125619856869519708e-01	-1.64589255736886819203590e-01
-3.66938470226835122822706e-01	 6.13767524630436267507605e-01	-4.71856272240026797248902e-01	 4.66725203463834670269961e-01	 2.19464866381853251908751e-01
-7.33466235400548116629693e-01	 4.20293102067121060461119e-01	-4.55047911347556122141356e-01	 2.65665174590970054602224e-01	-8.79454562210039841874121e-02
-8.44821023010633220806653e-01	-2.13289983655457787703469e-01	-4.13727909951071171068548e-01	 2.63479842411206754970721e-01	 1.38712336151394707850493e-02
-2.58264394789483486825077e-01	-9.25390175730731456837930e-01	-2.27562214667831608227999e-01	 1.55824882507099138351236e-01	 2.97753168276734224428903e-02
-1.17355732703042781039926e-02	-7.75918768395937097359649e-01	-3.89649588915388978005439e-01	 3.45153262952067441116100e-01	-3.56166764455302375935730e-01
 3.80750695593459476118170e-01	-5.53013576423491581834924e-01	-4.63832702904852234304656e-01	 5.24709515275960103330988e-01	 2.42371698824846465436522e-01
 7.16255527883231213337467e-01	-1.54603770537941831442197e-01	-5.16003728109730608331063e-01	 4.40043621866432810296743e-01	 5.63689306595112973874429e-02
 2.61158464493547126661355e-01	 2.20044281604283215036943e-01	-8.40437043891662960426459e-01	 2.13707365116382053127353e-01	 3.62452076702953818188035e-01
-2.90727942678422786315640e-02	 3.36834429591433004436141e-01	-7.06274465577946486405381e-01	 5.89294024672689098487410e-01	 1.99013244365605301844369e-01
-5.74038445368288741121887e-01	 1.13995665960920922188393e-01	-6.91199122497504592210760e-01	 3.50321564321699752131423e-01	 2.38753902609279089475081e-01
-3.39163011067758757288715e-01	-6.07494033396977162198027e-01	-5.17808393441050118788382e-01	 3.61889842606695544269257e-01	 3.41803541249390441247868e-01
 1.78611004693155286937589e-02	-5.04173608697221831143054e-01	-6.75255883922634247973349e-01	 5.38063778545494808547289e-01	 2.61052263968421759121608e-03
 2.75165937777538061048688e-01	-7.19392339131432884125061e-02	-7.23895745518555733255539e-01	 6.14721429995964019354915e-01	 1.31152454932607243076603e-01
-7.74945514663653994835713e-02	-1.18641406074957919680735e-02	-9.31323642282440911088770e-01	 3.48973420147299207005887e-01	-6.86124042512513965252907e-02
 8.26031314743295823344038e-03	-2.31854427041872895864927e-01	 9.64702823232569950384629e-01	 3.30373001201249988367792e-02	-1.20134472719836613019417e-01
 1.30767007072697311054199e-01	 2.45224449681356565511336e-01	 9.42801153227909027876308e-01	-1.37113182607604439100513e-01	 1.22845104774522456692054e-01
-7.16208102211927932767566e-02	 5.16573373931026424976665e-01	 7.60783811025221856638723e-01	-3.30655357336710531424018e-01	-1.99743426513233401919933e-01
-2.03806906578523405748626e-01	 2.76730942984302230591709e-01	 8.93567598634262938439576e-01	 1.12234319294700582436697e-01	-2.66126162316604963908873e-01
-1.99428021903346158749670e-01	-2.23370124882719484071814e-01	 8.30566744561447967143408e-01	 1.62537539422817234324725e-01	 4.40539081690343947705912e-01
 2.04397266906285249299380e-02	-3.45826917662006128040275e-01	 8.11744564336160268069875e-01	 4.67867333058117840227652e-01	 4.64422385441343871237407e-02
 3.08990516442702367605477e-01	-2.33283866475943957308203e-01	 8.54996126505374709481089e-01	 7.40731935423936671547551e-02	 3.37043445344576642064283e-01
 5.57391082064255583006229e-01	 2.15537359199842709633899e-01	 7.67300977397763372955808e-01	 8.15700469424840562959744e-02	 2.17840230330934192526371e-01
 5.82925312320437205571011e-01	 5.90441032599184789653179e-01	 5.47000177070738002882422e-01	 2.85159320690576180423736e-02	-1.07494721647825322574654e-01
 2.06803862159007062482274e-01	 8.47496329788084312717444e-01	 4.37472623501665824896634e-01	-2.14514752429753180473782e-01	-3.97901780395158444214587e-02
-4.98748237312554743017046e-01	 5.87673412977968379067306e-01	 4.91178573980986632463441e-01	-2.63636949751305527112066e-01	-3.08430417832414760503923e-01
-6.07103696633402911686517e-01	 4.10659357112414635793129e-01	 6.70362916888137982951434e-01	 1.13953784102830801838735e-01	-2.02999679789921845529665e-02
-7.24698712577583448180008e-01	-1.70423411884982972663849e-01	 6.42482814281224334784781e-01	-2.56114646554989333626651e-02	 1.79798562011359297496682e-01
-3.69686921203203566754780e-01	-3.07170693888493939738282e-01	 7.79116268738647144154186e-01	 2.48042834692732860890629e-01	-3.16907458182541457158976e-01
 4.47230276559260689350772e-02	-6.63527703640772514859236e-01	 6.49528052657073917686148e-01	-9.43819420952220168238855e-04	 3.68569200171284860889642e-01
 3.31733185414268716417752e-01	-5.96398161954889594049689e-01	 7.28038317998456641078064e-01	-3.98617839182691599542174e-02	-5.13183380534019614738206e-02
 7.13337705457904980299588e-01	-3.00876982435184958664109e-01	 6.13472454325905469652014e-01	-6.13064128830199048247884e-02	 1.43232087660255802408216e-01
 9.33651569739892828181382e-01	-6.08498479674767847602546e-02	 2.61902856155725505260534e-01	-1.21771053804457615732382e-01	-2.02905758216454151776631e-01
 8.79790137411316952587015e-01	 4.13913759339766262890237e-01	 1.66428575382197435628129e-01	 1.55926969132749532187532e-01	-5.13129957839637204641825e-02
 3.91811488395929052863664e-01	 8.49856013237810903326874e-01	 2.32159339175028900381648e-01	 2.54018613456138131478923e-01	 7.61912040601511741932939e-02
 2.03884644794181058014004e-01	 8.63763934028587754276884e-01	-1.49524686463037154160460e-01	 3.22914753872521720357014e-01	-2.92765004326315636529188e-01
-1.28894407860559501166620e-01	 9.71980065458175279680120e-01	 1.15494712957265918684691e-01	 1.32607058223019824705347e-01	-8.78482974368450381108531e-02
-6.29988919950534742575599e-01	 7.07405542731949665835600e-01	 2.38504228303808379907380e-01	 2.13757386809051930232073e-01	 1.07178130905739698447432e-02
-9.72514177596267237468908e-01	-9.15311970163509291964488e-02	 2.00203743823395369227924e-01	 3.10703195374030585740321e-02	 6.92192931916406212211612e-02
-7.44863124178041347001056e-01	-5.36396754435765621416010e-01	 2.93840804014016965250988e-01	 1.02931945368551699959703e-01	 2.46008220573107116990741e-01
-4.45699281797818591677185e-01	-8.40643418985749124594520e-01	 2.84205595709957292704928e-01	 6.86129838733477021017748e-02	-9.58656879806481371231186e-02
 2.00420844991460872508426e-02	-9.46722628966017665241850e-01	 1.57330704149876071662462e-01	 1.32600408172674405493652e-01	-2.46938777709669765592082e-01
 3.27492877295267270643109e-01	-8.74992449909874792091102e-01	 2.59806862058124310443930e-01	 1.24308872902617953415394e-01	 2.10200681413675843911548e-01
 6.00182443442884849815755e-01	-6.89536219213692014307071e-01	 3.36747895213545811454736e-01	-2.13392349859761409902603e-01	-7.33852646380139528314857e-02
 8.24549733324996814154417e-01	-5.03910416340377032007325e-01	 1.66519793176260838540870e-01	 8.63048441256566711832221e-02	 1.76109800801448862506149e-01
 8.97937834978333571100961e-01	 2.03784995609776364844379e-01	-1.90700948278662490986690e-01	 1.80169758294872528470165e-01	 2.88706298165337493788485e-01
 6.53606724306803110735586e-01	 7.38469706756280097614820e-01	 3.80755252064995386440671e-02	-1.43092163309345987709520e-01	 7.44018099505992375197749e-02
 2.71608632773953972971981e-01	 8.94934037937704207621437e-01	-2.02216551224565027622404e-01	 1.30225253641136462512407e-01	 2.59753090584354084935370e-01
-1.13723974753001305648681e-01	 8.74993479487966907548468e-01	-2.85108610871915746365346e-01	-1.63318556805237741214043e-01	-3.36887811340304210716567e-01
-5.17774467216188583051917e-01	 8.21714424582179692180262e-01	-2.09086099450197321347744e-01	 8.06602492218372185694975e-02	 8.04483234427100235564012e-02
-7.54535800473249196329562e-01	 5.26951115701759342790922e-01	-2.84557022541025272932558e-01	-2.32861717552576397149977e-01	-1.33420271645334598265009e-01
-8.57337811294496821012956e-01	-3.04353533913791662879333e-01	-1.54804601931497670674887e-01	-1.64446781601893049495899e-01	 3.48329721615251053368212e-01
-8.74682536109793073997309e-01	-4.51556560721464383956203e-01	-4.83071114306326612752862e-02	-5.05707989485809014662543e-02	-1.61666789331865318191106e-01
-4.92011714861678273180701e-01	-7.63922177211274533448204e-01	-1.34674398252085547600387e-01	 4.25445800731596365795717e-02	-3.92937838296967545392846e-01
 1.67273897532233234430876e-01	-9.57455625746452154700705e-01	-1.38317176434142985463893e-01	-1.48433116588513658307136e-01	 1.18887074713581425422504e-01
 6.29959139908967125087713e-01	-7.37533906864942911951744e-01	-1.63174292761749661906379e-01	-1.80348921395347999707681e-01	 6.60567959603339076302131e-03
 8.18500886552529949291568e-01	-4.52250178031494698416282e-01	-6.48919586486430138849713e-02	 4.40408858790918011916204e-03	-3.48275340628153962097002e-01
 8.96121297552658346852184e-01	-2.45775896882874184123935e-01	-3.37214239881546473664997e-01	-5.59810843071322922215316e-02	 1.40404783411632205769592e-01
 8.10407659748448083725236e-01	 2.15718352989039380274150e-01	-5.13812821873877889622406e-01	 1.23472631777549926579418e-01	-1.32120817756582076274441e-01
 2.54932048538650590785437e-01	 7.67464531716540832029239e-01	-4.61786585273560756803590e-01	-2.94139961570058894313462e-01	 2.15041102708172060520297e-01
-7.19618279555219175769309e-02	 8.13617601459418970932802e-01	-5.60103297176899994624932e-01	 1.23670019515753404348857e-01	 6.19509215206722196889189e-02
-4.50090549324534794362052e-01	 6.17462279072523378964377e-01	-5.61994449532287831949873e-01	-4.58662769381926391232263e-02	-3.13396481578900154563172e-01
-8.50631545825252244341641e-01	 1.37103536402202241806236e-01	-4.68774102435831563351343e-01	-6.13800951095033603399642e-02	 1.84694121083429946272858e-01
-6.11259042779233152664631e-01	-5.85389840079648449133742e-01	-5.27037182589603969695702e-01	-2.92549864012581206651475e-02	 7.11130908540345690882489e-02
-2.70489600226103632518715e-01	-6.41983107104586725455420e-01	-6.43354902191234589992064e-01	-4.24512223153892392923936e-02	-3.14619500209856739481040e-01
 7.23864887623442837538690e-02	-7.79842429095198075295059e-01	-5.96370441146607976889982e-01	 1.23380527322365096676293e-01	 1.25401453068995194506385e-01
 5.71492043427796581056555e-01	-5.35792198359971161281123e-01	-6.04604486799021012544131e-01	 5.48096321458025198536390e-02	 1.33314977560081537877323e-01
 6.59948224518520198955684e-01	-3.03303321847560227592089e-03	-6.95258289464234957577560e-01	 4.85393129895757766134601e-02	 2.80569042643900645739308e-01
 1.31563080685197009156440e-01	 4.37664554069111089162902e-01	-8.57928456965927677124739e-01	 2.03162391923351254297003e-01	-1.17578480803893395401083e-01
-3.35375595179390417754917e-01	 4.03665183434403385120959e-01	-8.42877790220499467643833e-01	 1.03753596685793564313727e-01	 5.80504243628636729113168e-02
-5.41432754435555274596936e-01	-9.42083747739405896748366e-02	-8.33006495814776815045377e-01	-5.79054856840299572717790e-02	-2.68791220999401829494513e-02
-5.77878206565331231647775e-02	-2.62323536081901786953807e-01	-8.92445724726832589901449e-01	-1.00932554984158151523133e-01	-3.48138159302343652701239e-01
-2.55386541180902315595347e-01	-4.10128265366173139216954e-01	-8.58749181607356915080231e-01	 1.45642896557734491391756e-01	 8.89410495910465948021795e-02
 4.40993741268316252757131e-01	-2.21357690267835263697727e-02	-8.63436504962897810599998e-01	 1.80120578165505751400133e-01	-1.64525095686178346454653e-01
 2.45854584508528352382317e-02	 3.66554190771695501127603e-02	-9.86639540423537408919685e-01	-1.34552874908551223231967e-01	 8.05597704298706279724129e-02
-6.15911684311973017802444e-02	 9.40951671244359827417370e-02	 8.01992860953799846512879e-01	-5.86241998151007082107355e-01	 2.19179852668606248156102e-02
 4.36094604723066270324239e-01	 3.86719847145547690470124e-01	 6.94694316487276974925180e-01	-4.16198733092413009071464e-01	-6.66909046849902403808485e-02
 1.02216501094586215137028e-01	 5.65012506679060666492376e-01	 4.76793590040074821700955e-01	-6.62233307484327959890891e-01	 6.65400116868758578769771e-02
-3.70398225250621104809312e-01	 3.31749764448650424908394e-02	 9.12752942545593137779747e-01	-1.50628342214871008275523e-01	 7.67967711888571380463020e-02
-5.13754685822417123119976e-01	-3.19464876217634807797907e-01	 6.86810411896048189639430e-01	-3.96789074866345681247282e-01	-6.96290444904376915058464e-02
-1.01140071507509837767103e-01	-3.73627483849234054424926e-01	 8.46368338760264293796354e-01	-3.07726699125892233510626e-01	 1.97833523542445405274393e-01
 3.86318100288082832971526e-01	-1.22782149824900946311068e-01	 8.57594183362087036925914e-01	-3.16563568057436683922390e-01	 1.61031563429696366121502e-03
 7.72983446178670097204133e-01	 1.57170867414923864924248e-01	 4.74771211695236394767505e-01	-3.55368999550951358834538e-01	 1.61552100182512259340939e-01
 4.88386682370640146100271e-01	 6.28472291422015105766263e-01	 3.99938407894588621172005e-01	-3.46762993587277412732561e-01	 2.93778357893995811789267e-01
-1.51951062595245045550030e-01	 8.11063086111254882837329e-01	 2.03663580846071390340057e-01	-4.92754653310968238066891e-01	-1.86551715085137320704334e-01
-3.83346894511481739442615e-01	 4.37691798292206390996739e-01	 3.68446544434274936286045e-01	-7.25013876183932759467154e-01	 8.54818175570437946420022e-03
-7.89709393722603847365349e-01	 2.51850808602348652520675e-01	 4.68713281173518070410466e-01	-2.95207280844567043764926e-01	 7.80433537242763708530191e-02
-8.39695332643404457328984e-01	-1.44595070924136037682217e-01	 3.11640544663879692777186e-01	-3.35627231239012224772722e-01	-2.53453242973455616926515e-01
-4.05909090552727003231581e-01	-6.82220873289947737916350e-01	 4.96443981137543344228646e-01	-2.77733765271877874880602e-01	 2.14987951928407083901362e-01
 5.41992378981836150919627e-02	-8.77472972727772027035087e-01	 4.03330520057210428763739e-01	-2.53650006645538494964853e-01	 9.47578295664351123728242e-03
 2.98409865329643309017627e-01	-5.69913812572039324422235e-01	 5.62503583367158777051031e-01	-5.00019811546047798778147e-01	 1.40426868063442622514003e-01
 6.57576000423297779562404e-01	-2.45555525317637218796207e-01	 4.88700152550487099123444e-01	-4.93683998470072549213938e-01	-1.57304031114942011182478e-01
 9.33969156634072872336105e-01	 2.22259859103620172060545e-01	-1.68151897126770810686480e-01	-2.02564466153408367921074e-01	-9.48406349205354465281559e-02
 7.56827220081280449548444e-01	 1.57246178313993567599027e-01	 8.53997647536034465431953e-02	-6.23349976121351345703658e-01	-8.14118283741663145702816e-02
 2.62946714569948614137473e-01	 9.31001738227316133489353e-01	-6.05731153385802509325764e-02	-2.05303664420299403214898e-01	-1.35189096410776005141585e-01
-2.89871799997609091992246e-01	 6.41179193681599701726270e-01	-1.08796850235144779150964e-01	-6.82988451660052175995474e-01	 1.62952758288640225936561e-01
-5.91418346279266482490300e-01	 7.13964067293512583134429e-01	 1.42017789339429129080727e-01	-3.39985505274295385369498e-01	 6.87055602737220577624910e-02
-8.86556500520948032040280e-01	 6.39965475722411580861149e-02	-4.01088559383457818330321e-02	-4.47895431603316906965517e-01	 8.77665956220229359630025e-02
-7.59377851564225547775777e-01	-3.27384726914969448330339e-01	 2.98624952714038494061555e-01	-3.90237246092853429235703e-01	 2.73317669598795442986727e-01
-2.41559161825976892457035e-01	-8.76214510398953372316555e-01	 1.62303964372107964453384e-02	-4.16399617203108640683951e-01	-1.56600168853590938911058e-02
 2.64041366515553654892301e-01	-7.74009922249041082409349e-01	 1.14389000642313248823356e-01	-4.92544250605965461264901e-01	-2.74783759992641263281143e-01
 5.49124672256033452555357e-01	-5.05934212801439020523731e-01	 6.81738018761983421978101e-02	-6.61378489649274148298730e-01	 2.05789407813364196020434e-02
 8.69091980594310919983059e-01	-2.83147794367729077613660e-01	-3.30937882689849860451403e-02	-4.01878772156094410394900e-01	-4.36429774381383028813985e-02
 7.41185652086118307302343e-01	 8.25443975851389150077964e-02	-4.77135536822617389862700e-01	-4.37111099064126762403504e-01	 1.58448156016174956928211e-01
 6.10650903377731535393025e-01	 5.51361917971698756169019e-01	-3.25469951131289902956922e-01	-4.65720158470319167687279e-01	-1.67198839561417088306339e-02
 1.25623629302987233069544e-01	 6.98293089165466951406813e-01	-3.31866978660341982454440e-01	-5.89993253757093549793922e-01	-1.95902359302967343790414e-01
-3.07312783876009132377760e-01	 7.31885934907766544377239e-01	-4.89123848166543584436994e-01	-3.49672136865577909414782e-01	 9.15919702003108182619684e-02
-6.33094350009980488813710e-01	 3.75301784484080247494830e-01	-3.27671472441370514872006e-01	-5.56322003872901538201745e-01	 2.03659884865550117050148e-01
-7.88145033733008371079620e-01	-2.31856297638803832139587e-01	-4.55357983788272024927579e-01	-3.40717230881689370214360e-01	-4.03848762263158411744968e-02
-5.22336929382731463000766e-01	-6.27450094660443435934383e-01	-3.11120613932632017473168e-01	-4.06472779035921827350819e-01	-2.67309473088061466672372e-01
-2.03315624893157964603319e-01	-7.88079793357230884431885e-01	-4.89712905867708492291257e-01	-2.87098844960547716631538e-01	 1.23889140061804708947690e-01
 2.21095756412161920101411e-01	-7.29011261569719626329800e-01	-3.43692033412753561449904e-01	-5.49019521531825316351672e-01	-1.06112273857619700961896e-02
 5.74704922890167280158380e-01	-4.96988733488648304348345e-01	-2.55620647245259680069296e-01	-4.54900437088591735879106e-01	-3.87866120497368016550865e-01
 4.89709218381907951389564e-01	 4.08127308447681358405390e-01	-7.60849648027003278016878e-01	-1.21213212954534119147887e-01	-5.67024104038442704894818e-03
-1.57119451789948898212668e-02	 5.45872216036667023963957e-01	-7.57742304310324632510287e-01	-3.03999159446294853204051e-01	-1.87584034108279923414031e-01
-4.83769653241068409155190e-01	 2.95231637418946313289325e-01	-7.37659079272779405478389e-01	-3.66688710176677479246621e-01	-1.42714913496991297608973e-02
-3.22408027063304070125582e-01	-3.82664607313542182165378e-01	-7.62917941794216569739717e-01	-4.06541717552039938432529e-01	 4.79677847417842029287272e-02
 1.45086959072131926884452e-01	-5.19928421371135707218514e-01	-7.90208898388865987882923e-01	-2.88578934101245077048503e-01	 3.02705576057761167885207e-02
 4.47541929681897043824534e-01	-1.03239971327663562772337e-01	-8.31518479756320538776038e-01	-3.11280579158608627921012e-01	-2.70027472544205685012209e-02
-1.16730454054267851482507e-01	 1.01289177821659807238186e-02	-8.19998151993847956831019e-01	-5.11552700039007102184030e-01	-2.28447525550885599532336e-01
-1.53330714097897724546016e-01	-3.13347910008300978290663e-01	 5.58517620613177223631851e-01	-7.13306414176870684507037e-01	 2.39905828120928088509345e-01
 3.87881902611294238081285e-01	 2.44454583473489639455778e-01	 3.51166870193846736292187e-01	-7.79913114957289876905122e-01	-2.41261162728940270483236e-01
-4.31729345361389557633736e-02	 9.76440872034022300240963e-02	 3.44547135214574751227445e-01	-9.32544648565922451588506e-01	 1.57949360315960338208008e-02
-5.90801926769516261295223e-01	-7.60271469520726050905779e-02	 3.37107361330254151621233e-01	-7.29061993110353245839406e-01	 4.39762058537141776754648e-04
-2.07315343027855036872609e-01	-6.19686516758521044323516e-01	 4.25431841176612368649046e-01	-6.02852717954397432364999e-01	-1.69071932800827023912760e-01
 3.70108788632548091346308e-01	-1.76244329401488604436299e-02	 5.84328161679376734127800e-01	-7.06847102605203780889553e-01	 1.47093973185561721628289e-01
-1.51423373191021878869655e-02	 4.72703274136453299725247e-01	 3.36796596185250304844594e-02	-8.50448084347031674212758e-01	-2.27872904487646327220673e-01
-4.42699746819660455710022e-01	 1.78207493670594546708585e-01	-6.84002150499644218095696e-02	-8.75945803595855720935504e-01	 1.73026908133651069476855e-02
-4.18780016344838690312002e-01	-5.22880209466414447305738e-01	 1.51639934374646984105439e-01	-6.67834864092288649217721e-01	 2.86742932021457619384819e-01
 5.61388944722398391951046e-02	-6.38681571578192497362636e-01	 1.36846788768773125477551e-01	-7.40497236146176129878427e-01	 1.47888722752595014320320e-01
 3.56638138885730204830082e-01	-7.87361867702267986812714e-02	 5.59865684904063271032371e-02	-9.26509640482789720294932e-01	 7.11002181862165349990335e-02
-2.24279138717343451414621e-01	 3.67576546073167143013904e-01	-5.09670985934456921562230e-01	-7.32803672526418758970124e-01	-1.33493873797710993489574e-01
-6.65635992264602127654882e-01	-3.20637645744671573311280e-01	-1.01425886388713804020512e-01	-6.61197091658111690826161e-01	-8.15562473778173036009775e-02
-2.52174304028538187605335e-01	-5.61251001122604953330608e-01	-3.19033237592373675184376e-01	-7.19614905252519254652555e-01	 4.21617786191720370081448e-02
 1.42973792975815611194790e-01	-2.73584528755835942881447e-01	-6.22029822885784122732389e-01	-7.19156477241096547814436e-01	-2.45532244402300869889899e-02
 3.04726818985345593304714e-01	 3.00662546329718893822758e-01	-6.87185015716309854916233e-01	-5.86727685158262124431872e-01	-1.64613690015248358144984e-02
-4.01888297173799480255241e-01	-1.16566082824005601281669e-01	-5.03978503874031535936240e-01	-7.55500511919194317478343e-01	 1.10810221793534776496548e-02
-2.49166874414488620503860e-01	-2.96588515986734357898769e-01	 8.70544505759056758131820e-02	-9.09367013364492660087990e-01	-1.24194518875717585526530e-01
-1.44212041165342197412969e-01	 3.47276621929111239950316e-02	-1.18182899937108482069092e-01	 9.31236251181159935264020e-01	-3.11173140405877235448173e-01
-1.75408452942907105986947e-01	 1.39674413788397171198863e-02	 3.94388412370190510891632e-01	 7.97708388757071729102677e-01	-4.20898909373998930671945e-01
 2.47610783794558309001133e-01	 2.40872642058714642177009e-01	 4.39100190585317406988253e-01	 6.82756081221658095437022e-01	-4.70854994917842384349882e-01
-2.04840948106563502939537e-01	 4.52836946658168204571382e-01	 2.74840891224105210444151e-01	 5.87827603180143709593608e-01	-5.76107697545119257220847e-01
-6.13869100219489260972239e-01	-2.94159309831110056532300e-02	 1.01650157755849263052639e-01	 7.43570911472675510900388e-01	-2.43041099075890637548625e-01
-2.64231810607894024300890e-01	-3.56961520724875913668228e-01	 2.82078173775434856707101e-02	 6.95570171231837064418357e-01	-5.64044749036782033790871e-01
 2.31820379271812621047033e-01	-2.14845531393092842309400e-01	 9.97070735737503599516174e-02	 8.55336049617338001205269e-01	-3.98195242436494012405745e-01
 3.06389034027998830023165e-01	 4.92707289289338740134738e-02	-3.36948629749228123486660e-01	 6.96393915246489192405477e-01	-5.52448450822323078313048e-01
 1.53193467082283901747886e-01	 4.45257742783749965731488e-01	-1.93081243485417747285382e-02	 7.99881740759783577132680e-01	-3.71609608685874781563996e-01
-4.07216417170000566372323e-01	 4.01001405521907938744874e-01	-1.76935294500920242688480e-01	 7.13976106437036017737796e-01	-3.63737107474017884456430e-01
-3.80367584155254179201222e-01	-4.54932406275301223774754e-02	-4.09743877933450018069550e-01	 6.40848051570329202419884e-01	-5.24094071017476514917632e-01
-4.74588251492047506069349e-03	-4.16729636753899901346898e-01	-3.59115010853946370339429e-01	 7.15654519565448898887894e-01	-4.30335803826539464722600e-01
 6.13015152949250241576351e-01	-1.65081278569591038962727e-01	-1.66833660423111651560646e-01	 7.25636187847707336828762e-01	-2.06347392414126140636199e-01
-1.45654127560406847219365e-02	 1.19852397685463546439522e-01	-5.68349387614208723107367e-01	 7.77438912414818439344799e-01	-2.40813127927257814020479e-01
 1.73260728970118932368294e-02	-2.55643083059732753592463e-02	 7.90471478234906155257988e-01	 4.62045248202429204020802e-01	-4.00893132953761721637420e-01
 5.67964566529822079132828e-01	 3.69655923272513009525397e-01	 4.31121752736003283068555e-01	 1.14071177798343095788347e-01	-5.84715785890609018871089e-01
 1.02351005407121359302991e-01	 4.44837094304865177107899e-01	 6.31047243717687944553063e-01	 2.31380105418854592480571e-01	-5.82998159718557396047345e-01
-4.41729209465782313159821e-01	 1.91288100594493248873817e-01	 6.27090342185210425363096e-01	 3.87413029929419672203750e-01	-4.74292119958394597922791e-01
-4.91080739089237772176944e-01	-2.56553714457574688623254e-01	 4.11217356611863371629312e-01	 4.91480091509512218017619e-01	-5.31382634797696873363293e-01
-1.02775929645231828279961e-01	-4.70447031354167932715171e-01	 5.09738037511106689692042e-01	 6.56734889132499888297900e-01	-2.77458316664067283774386e-01
 4.19175038665848709307227e-01	-4.30786858019167676059347e-02	 5.76961269952786737214012e-01	 2.83933101539382171107917e-01	-6.39479632680946652456555e-01
 5.41982508715732502757589e-01	 8.10954262106466372550528e-02	 9.19507736291936828010307e-02	 5.54371332761744772810175e-01	-6.19593393069095110803346e-01
 1.59632938548944280920949e-01	 7.52632734506882283831430e-01	 3.70519226933181955452312e-01	 3.99296772876115479977699e-01	-3.33674814036778455417220e-01
-3.44208815235961473888437e-01	 6.72394153669970795483835e-01	 5.12647124425107736378493e-01	 2.36652573820101158608153e-01	-3.32558083268606308191551e-01
-6.64150257691205059273898e-01	 5.29332939263884916236691e-01	-7.50337952664628937693436e-02	 3.03265958533734780733226e-01	-4.25571101675722152091197e-01
-7.05378336801166239133920e-01	-4.19978903772796452464888e-01	-2.41672047514488071151550e-03	 3.80488071804276850595983e-01	-4.25772367626445824573267e-01
-3.07861636045277164974721e-01	-7.47165792301878739500864e-01	 2.31248195784609887615257e-02	 5.07803761458952562790614e-01	-2.97598848171551133567903e-01
 1.57412435373994269438569e-01	-6.71398916336740869681421e-01	 1.21427549370867804423568e-01	 5.27370494489395658099795e-01	-4.81228149766069146497927e-01
 6.15870334855991852229806e-01	-3.92703267560288282744807e-01	 8.33858167096806629503547e-02	 4.61996482687124565558179e-01	-4.96078552094550817574969e-01
 4.51087192834288830400880e-01	 4.99872461857067351687078e-01	-2.85047149268524313558970e-01	 4.68748577992930737234900e-01	-4.95651853281442900112097e-01
-1.68086392478948937201366e-01	 7.31964791181814122822402e-01	 2.24652783961917026922528e-02	 2.42547759958585656958618e-01	-6.13710358833244762344350e-01
-3.12070333109059849796552e-01	 7.73333260403047395570297e-01	-3.09764974198465825594440e-01	 3.68252363622141254406728e-01	-2.70191844795735602868803e-01
-7.77860111407870702393552e-01	 1.98961949027591754324273e-02	-2.68013809823358539752292e-01	 3.90460911739026583777701e-01	-4.12609576545216572007746e-01
-3.52357553515988075609755e-01	-4.81930478014320151647354e-01	-3.16387007567579592315354e-01	 3.29899249660841054065941e-01	-6.59282121217284911018908e-01
-2.62116593503921684049640e-02	-6.89774687384627771535861e-01	-3.76413835990881476267766e-02	 1.31818014175396958087561e-01	-7.10444203957734554677472e-01
 4.65523796284488533547830e-01	-5.82023803514998494534893e-01	-3.77628855007378361197112e-01	 3.13579464679841712904107e-01	-4.51220848844258115573069e-01
 7.10340361235808681605874e-01	-7.80263441108480920727075e-02	-3.58085229028762219716242e-01	 3.20238110594748603965343e-01	-5.08479087178814848080322e-01
-4.85299653306524858553672e-02	 4.45750393674256228937480e-01	-3.16860736336638471044580e-01	 5.36882176525262932997862e-01	-6.40553066733702491930558e-01
-3.38239595163232098506967e-01	 3.80939307928018555671201e-01	-6.58829145455580356127712e-01	 4.95799545999736690493620e-01	-2.46183239120497582286262e-01
-5.37535894295825267263922e-01	-7.53871219658516361628031e-02	-7.10627045625605635592592e-01	 3.58490943646084636586835e-01	-2.68077208159247681873438e-01
-9.69912267774143688203736e-02	-3.00905198683022456762615e-01	-7.30550566034314008412309e-01	 3.93739290870102343067316e-01	-4.59689030351819072350850e-01
 3.89494941195865918004415e-01	-2.58376841834851933565886e-01	-5.98914198682716558685968e-01	 5.74536203446523785487443e-01	-3.04540690108515865741623e-01
 4.79153971288626134850119e-01	 2.93959610108561919528114e-01	-6.29770589648585010777992e-01	 5.08652032310207280474401e-01	-1.69296585504640689778810e-01
 1.02045956643067578517581e-01	 1.77967050539477478210415e-01	-7.26534075405623869237104e-01	 4.02456858917853266266462e-01	-5.17775111066137272430865e-01
 2.66831125045644712567849e-01	 1.88245540781819126197050e-01	 8.61429401513312931193411e-01	-5.06764847188990313897605e-02	-3.85663126559419366934378e-01
 7.01309627942913293985328e-01	 1.17428494716372969208784e-01	 6.57487771806540055585799e-01	-5.71516561760776892198166e-02	-2.42526024385882860157082e-01
 3.07837318671732695918308e-01	 5.26621124804792950513388e-01	 5.23450609596638471998631e-01	-3.11913643324375766674450e-01	-5.06572516589041010881544e-01
-2.36766863349613831957186e-01	 3.42507089394382124858396e-01	 6.33214801924839476576778e-01	-1.48281099732070015262408e-01	-6.35359800600973079198752e-01
-6.50008941201771106577212e-01	 3.71597967821600747018174e-02	 6.78300475286576332045740e-01	-5.65781067769669798739329e-02	-3.35879307073835342567492e-01
-5.34299773610054720696105e-03	-2.85053811308715931982505e-01	 7.15102371638213218929536e-01	 6.11540307016937012551949e-02	-6.35298795559936624322006e-01
 2.15716028132725862187513e-01	-5.78579381947702975352854e-01	 6.17400335534886046673364e-01	 3.02123443398921720515204e-01	-3.82427437067273834347958e-01
 4.35585872725192502219471e-01	-2.89177682256370971458637e-01	 6.70900735919133461848674e-01	-1.69175304139932924929468e-01	-4.97908761300092372881210e-01
 7.12860621821791107244337e-01	-8.93755124514983290140435e-02	 1.77977005126429860260018e-01	 7.57886281270875317161995e-02	-6.68148202963027126877193e-01
 5.71874851954678242726970e-01	 5.49903401824922477558744e-01	 1.92268653544247186681915e-01	 4.80910465874125336860345e-01	-3.19880119795224404644074e-01
 4.48516693176957581545850e-01	 7.57949974154589312114183e-01	 1.70152123546305822365809e-01	 1.23412696827966874429938e-02	-4.41860340533027862175430e-01
-4.79204431881542353144354e-02	 7.97007481746324741855858e-01	 3.59943494059914326221872e-01	-1.04627714477956254568447e-01	-4.71143744107987538782822e-01
-4.91810573271503903569624e-01	 7.80554045760315284852027e-01	 4.55813373711434419166544e-02	-9.50804626253120566126142e-02	-3.71133114900803640079374e-01
-8.41528964207135965480688e-01	 3.79947611199066059839424e-01	 2.71885677969047057089824e-01	 3.11897996091238093735454e-03	-2.71177552949914413282784e-01
-8.19102433168089727466565e-01	-2.40817902372641758079741e-02	 2.02806801808561892874749e-01	 1.60428126365711465339814e-01	-5.11491435674199523830907e-01
-7.08341699647395128813798e-01	-4.62188586463530726167193e-01	 4.52155131248434094537458e-01	 5.76626137881966274734147e-02	-2.77244490189268721902494e-01
-2.61877307878114029549010e-01	-6.45814923096855397766092e-01	 3.99206859206035047371586e-01	 2.34286186562400189359323e-01	-5.47802178776988224484512e-01
 4.15852747744029083154516e-01	-7.94863678559098785214587e-01	-1.42363296420262158692438e-02	-7.46819730200923553170567e-03	-4.41587791552960129415339e-01
 3.65421781438616311010747e-01	-4.78676969988388600896201e-01	 2.75675303107895897092305e-01	 1.24681812159973898213039e-01	-7.38777945681811876177392e-01
 7.22036724492023607169244e-01	-3.87667851929132556421109e-01	 4.62644876875507649049979e-01	 1.46488603566727798588332e-01	-3.04757956403763463626433e-01
 7.92360662698108231261074e-01	 3.04434644885042238193762e-01	-7.85132576595810455222235e-02	 1.42478484771641322748081e-01	-5.03010613159593944487824e-01
 6.68813002044484683494829e-01	 6.55765738494760386245730e-01	-2.57957935704019258871256e-01	 2.14400711363709639556419e-01	-1.00749704152032409920636e-01
 3.47603950068861189404146e-01	 7.53345494943448157343369e-01	-5.07900094849136451991001e-01	-3.77262789837353521016361e-02	-2.28596326897908846964569e-01
-2.62668443766843895392782e-01	 5.64450428094471656770281e-01	-2.47819020432022307787179e-01	-1.51334265062055023376431e-01	-7.26694348542296308934851e-01
-6.94198652994481135714011e-01	 3.52810552353412965054247e-01	-1.33372913692231476190386e-01	-1.49485260348817983189207e-01	-5.94540803612685908596802e-01
-9.52873611601233405643541e-01	 7.13133431855632882179208e-02	-1.59623706953286315091134e-01	-6.39581067864170571546367e-02	-2.39532712071876985326924e-01
-5.69210371401767334376132e-01	-6.67376899986634047889922e-02	-1.75984797644659463067285e-01	 8.77532249844040213027085e-02	-7.95534007019881639344305e-01
-5.79950579596438364760047e-01	-4.35705024502860194246523e-01	 1.40688209344524417510058e-01	-7.02567294345322335136217e-02	-6.70141236284793606614585e-01
-4.73081511582653449488056e-02	-8.76489126912488702991766e-01	-2.54252520925085490066664e-01	-1.96471704006317082757960e-01	-3.55363580528820277582014e-01
 3.57325683805393312653109e-01	-7.25996557819200249994651e-01	-4.97074866907375678692915e-01	-1.43740932435216739460060e-01	-2.78392662905023346997524e-01
 5.12444920001087766969761e-01	-3.63139313917377581919510e-01	-2.31775878475737745487706e-01	-3.00125319734139001104367e-02	-7.42232600155800170682596e-01
 7.91433200704995676311171e-01	-3.23188761860879886222975e-02	-1.34311200311268003071419e-01	-3.09838429845991469857580e-01	-5.08477755585661106429995e-01
 5.07773847461021166083128e-01	 3.52222962222692725919870e-01	-5.86214246240850389568777e-01	 9.66765030373043232625463e-02	-5.14889518229350917621900e-01
-1.11901401973452819388344e-02	 6.15243857509711555842102e-01	-5.93463070754626897951312e-01	 1.54545749485616196183813e-01	-4.95244355369499900110242e-01
-4.56689564900194633345620e-01	 3.20937060330636847460539e-01	-4.51030818136352595892902e-01	 2.50056487542075767116501e-01	-6.49982306487624672541870e-01
-6.95290433508778504823056e-01	-3.65749863731722246740219e-01	-4.48275114518353445802745e-01	 4.72067865423114393919057e-02	-4.23815043691593840158305e-01
 6.97426050058515684115790e-02	-5.30939006475114938510274e-01	-5.18582379163005202649117e-01	 1.92480969365759971160049e-04	-6.66567340501264871122089e-01
 2.76867626926717125268596e-01	-4.81642381259978991092652e-01	-7.83529191231517208038326e-01	 1.68504680024689712514174e-01	-2.21479373829815279206557e-01
 7.30593802465804964541007e-01	-2.68829839952302640515569e-01	-5.49356253307642483640905e-01	-5.99575759826924056805630e-02	-2.97617218896764679225697e-01
-2.56649522961444276347720e-01	 1.95589683575175282692626e-01	-8.56916889992899610817290e-01	 2.28289571573665750481297e-02	-4.01307837454777327490518e-01
-1.67491557363487086895759e-01	-3.75387155292426152874974e-02	 8.54261103216809591920367e-01	-2.76809463154218393654560e-01	-4.05156650799960993403204e-01
 2.42387454396497031838820e-01	 4.08842348848528214233511e-02	 6.76633538752265284443865e-01	-5.53698922423553452354383e-01	-4.18522829522654182810015e-01
-8.31820191114454182690352e-02	 4.10565975822331119537978e-01	 4.66088541174037529479790e-01	-6.58681025807875353272891e-01	-4.16433799325346520880942e-01
-4.93399876522497782271870e-01	 1.72528435969175109043761e-01	 6.25652819857668629488501e-01	-5.09501470480038243238141e-01	-2.75240442545132801832608e-01
-3.81071896569151469247316e-01	-3.96924670504377963275999e-01	 5.63698119403473363320245e-01	-3.05116373711016575231980e-01	-5.35148058264820369878123e-01
-2.09835472837906017451459e-01	-6.44728628024328287438038e-01	 6.95701966122712289752883e-01	-8.65589590627326432858979e-02	-2.20908106423753802793897e-01
 9.05485467247625075426498e-02	-4.21175329864735270568588e-01	 7.40891885836440056145591e-01	-4.36866049375707832247429e-01	-2.73202435208674654365524e-01
 7.62631080744277434213529e-01	 4.35585821363780489878792e-01	 2.55143946534127308289897e-01	-2.90655903585563701874150e-01	-2.81210844683319693970702e-01
 4.31855562624450406428167e-01	 6.51762609460641462177932e-01	 1.71428620946020626725215e-01	-5.62356057944363052492065e-01	-2.07543166481569785197792e-01
-3.19639977728681967672486e-01	 4.85346098222872890382007e-01	 1.75214063453330765041116e-01	-4.26241759877827586233678e-01	-6.70736493477033013377309e-01
-7.24579041618949704073316e-01	 3.61728382726732078378262e-01	 1.27634115558902305753719e-01	-5.12955929685229627956744e-01	-2.54408208049044348708634e-01
-7.45286916259927045835809e-01	-1.96158570206593274587448e-01	-1.50608553553908508515491e-01	-3.50974100572550740118061e-01	-5.10101433158114181409815e-01
-6.32013709567011527923341e-01	-6.09853031176908033650363e-01	 2.25251365466986208652145e-01	-3.82009133983600313033691e-01	-1.78798196836658762620687e-01
 1.90464937327490674290331e-01	-7.16455259126817178838564e-01	 4.50468008798816932358733e-01	-1.54080913300477601035610e-01	-4.73024961839943636210393e-01
 6.21920303106593741482300e-01	 8.22612462380313547161137e-02	 3.96607648370037257912202e-01	-3.79597899844029806892820e-01	-5.52318777192627896610588e-01
 6.28062543730854572210376e-01	 5.71756371909778793316548e-01	-2.18267920298936740630680e-01	-2.23817314279334045323822e-01	-4.25319899769641851516866e-01
 1.41039257810230578282784e-01	 6.83115806329854247103128e-01	 1.05283036182217595161381e-02	-4.25648543137999546548400e-01	-5.76344684582128619076968e-01
-3.98025685263529549473560e-01	 6.23379242379565545739695e-01	-1.98408480464406067333982e-01	-5.44252377678314136488780e-01	-3.42632891462690436501504e-01
-7.01760039923292167074464e-01	 1.45650836602540245667825e-01	-5.74637363091251573976592e-01	-8.66674120084001686770137e-02	-3.85485850322860756911325e-01
-3.37274057445470454297265e-01	-4.82134567789303081219998e-01	-2.63555874903628195582428e-01	-2.55848639352785456324568e-01	-7.20327872056886975293821e-01
 1.78820986638122625400626e-01	-5.89756445606336110465406e-01	-1.22184797795473684689505e-01	-3.49062611828420188420097e-01	-6.95296021716469980766817e-01
 6.00542650743430050930272e-01	-4.66157692105077792188439e-01	 2.38361010786893673385478e-01	-3.13463010723288915126972e-01	-5.16691881273805164731527e-01
 5.34116376984878238332044e-01	-1.68401508476904104849581e-01	 1.16862487001422613031032e-01	-6.98759154953803141019364e-01	-4.29464119897506380052477e-01
 2.15316533846336505275687e-01	 4.98447018348108783492023e-01	-4.92281607260732334552245e-01	-3.74994975615550618641691e-01	-5.67650374410307412276211e-01
-2.97528764992230077002233e-01	 3.25854829898291287193501e-01	-6.01195439927343366903756e-01	-3.96801675810029674806856e-01	-5.35170754917600133282463e-01
-4.70076015545991987565344e-01	-2.23261541432608928703374e-01	-6.33215071611131552486995e-01	-3.90054881507968576048739e-01	-4.19617309249575187735104e-01
-4.53160559810563134952588e-02	-5.33366664850391636321092e-01	-5.43849314840159414607967e-01	-5.12514597146022210516492e-01	-3.93729813903940517594293e-01
 3.67435136919195604043864e-01	-3.02148581244153002778319e-01	-6.60025352370033679960670e-01	-3.70948187296100795329323e-01	-4.47729417818248265348302e-01
 6.52723386489777790409050e-01	 1.74449813053312391408767e-01	-5.48059655130991751903480e-01	-3.59581153310608636619605e-01	-3.37418808095357514176271e-01
 2.22019584130556002499191e-01	 1.63933566146231640692221e-01	-8.36408954447723007596949e-01	-1.90719601362055068971557e-01	-4.33450325561118676720440e-01
-2.02752681541746193616405e-01	-1.44510489416107335003403e-01	 5.35093614302248110625726e-01	-7.45940434436217270075531e-01	-3.08635320050076045195198e-01
 2.04005299831218067652117e-01	 2.39574984772519927744838e-01	 2.26331255850494933445916e-01	-5.81516871326268836028817e-01	-7.15260760352521396399084e-01
-4.14809925100395771035977e-01	 1.49273691840626443472217e-01	 1.04359731532266006293064e-01	-7.65033375202034848783228e-01	-4.57693207535320611967222e-01
-4.88856756995433794354966e-01	-3.17786487028705544322094e-01	 1.77230307191041325243219e-01	-6.04805610660629211494665e-01	-5.12669885333880914757287e-01
-1.48018417385254508200632e-01	-5.98928948675641059651298e-01	-4.81062689730971243529112e-02	-6.55463494925150547132375e-01	-4.32929620445461182942637e-01
 2.30294577597033450766517e-01	-3.50099766123526168204450e-01	 3.90156975363707581028194e-01	-8.01846193288304420754287e-01	-1.70923310796844696302088e-01
 4.79771692859202292247289e-01	 3.10016019551788368779910e-01	-1.34836984404069049059416e-01	-6.43305324179435422671247e-01	-4.91616148912430328543621e-01
-8.56575152647125470650735e-02	 3.12733567235447817989069e-01	-2.19379528698025683119965e-01	-6.91709546302929467742615e-01	-6.06853385872151873670077e-01
-6.46550569981283351772561e-01	 1.57615219412013674027406e-01	-3.43967850239426109482110e-01	-5.86805016997172024240115e-01	-3.07369147923465368954510e-01
-2.71494433943844315493266e-01	-1.68742634251655532207081e-01	-3.32501833807401558917860e-01	-7.62070390014381926491183e-01	-4.54431454568636261637238e-01
 2.00405895012827239831665e-01	-4.03618775011414632203355e-01	-1.91548008216808368642248e-01	-8.38749106354226614534753e-01	-2.38198780098791251802481e-01
 5.70220837549374137687153e-01	-9.11357048109795314649872e-02	-3.49642060133082133166482e-01	-7.18149106459414210412717e-01	-1.68981568256824143947625e-01
 1.95146493068473120269246e-01	 1.11694513476041770716485e-01	-5.34958154287556664208125e-01	-6.99501565829703908505621e-01	-4.17084541148997400838994e-01
 1.08735319353531392078116e-02	 6.43565664672750281649627e-02	-2.83509572665046061246130e-01	-9.52230934533003892106251e-01	-9.28362439001018668882637e-02
 1.14043859849526224570226e-02	 6.69687655147153115819947e-02	 2.78590376211737475453667e-02	 6.51424175916628711568990e-01	-7.55152661042722384010517e-01
-1.01566580677641543628553e-01	 1.19684945975575218746201e-01	 4.50691718312790867706497e-01	 3.17291415524864839348140e-01	-8.19489399610981883448346e-01
 2.58022059335237974320165e-01	 4.64018102350737426942118e-01	 1.44458113455584347128990e-01	 3.79378614006577630224371e-01	-7.43851825485778661573022e-01
-5.01143820478650803273979e-01	 1.16519173885850285676824e-01	 5.93027246343336492118148e-02	 5.01380428859866555946212e-01	-6.93093792873851533009599e-01
 8.27915614977929037454629e-02	-2.93310000538232529265770e-01	 3.85433819149342660193014e-01	 5.11629149281619843847579e-01	-7.04834154670683554755328e-01
 3.81827764399945646101031e-01	 1.52850831379705676127401e-01	-2.60640908623083422668287e-01	 2.36670060640390061967864e-01	-8.40772133713100555674202e-01
-1.70425543602605450432819e-01	 2.83396813461883168017152e-01	-8.59624230130534572325018e-02	 2.14928512041364788709430e-01	-9.14908507310330354478367e-01
-2.44894980240294518614164e-01	-2.83873491415895184974971e-01	 9.81715335765638574816450e-02	 2.84080132843737287462460e-01	-8.76985243686098536741724e-01
 2.48700703998907673986096e-01	-3.53548322837927864181751e-01	-1.63608668721075795060571e-01	 4.39275591086588979017336e-01	-7.70338043876700462320173e-01
-7.21537123101887167830881e-02	-7.14646376164907864980691e-02	-4.01449910665724329916770e-01	 3.94599046907057715571909e-01	-8.20253746578902154240609e-01
 1.98223765056586287425233e-01	 6.42041588801785106932485e-02	 5.44293298534707092883878e-01	-1.61752128484722840218168e-01	-7.96345539982581840376952e-01
 5.08831809600132412008122e-01	 3.32009506427198397560119e-01	 5.57488224436239118708691e-02	-1.78730117207419381131217e-01	-7.71885672350636542482505e-01
-4.97637764615787236976985e-01	 4.14795985019613289157547e-01	 2.76990252736723951976217e-01	 1.08069446346131567415760e-01	-7.01354646876384268949778e-01
-4.38763934519395160105404e-01	-1.12325525596307415621133e-01	 5.08202904310903647022712e-01	 5.22095841122528214750531e-02	-7.30666239429030417440458e-01
-5.85300378649673408437693e-02	-4.06832224422977339894913e-01	 3.02411154263166781497318e-01	-1.47477884297571415483930e-01	-8.47265922399165871681248e-01
-2.41358814744219690728855e-01	-7.59819162850011498022695e-01	 2.07893086329498572029095e-01	-2.58625088809702030623328e-01	-5.04295836197110269871757e-01
 2.49002453921328442687511e-01	-1.62864982871077819404082e-02	 1.63128727367702980322051e-01	 1.70035559622169096805067e-01	-9.39260057005550486053380e-01
 2.42587131836897146319743e-01	 6.28491723710700500582504e-01	-2.16023846203679564803579e-01	 3.98167744847125262830367e-02	-7.05618848271007403916144e-01
-7.25294726073720530390432e-03	 2.30486777736938902583219e-01	-5.51299553203070447082723e-01	-7.48672308836258963010701e-03	-8.01770535539919171341694e-01
-2.61649310525147782424682e-01	 5.26483770977465015405983e-02	 1.57472821862702533346479e-01	-1.45436403077494252888968e-01	-9.39584136586589346862297e-01
-3.44055729186790448803634e-01	-1.50435965476747257607570e-01	-6.17397074959771585689339e-01	 3.17991883700435365445180e-02	-6.90510201919529720271385e-01
 1.70841977246585542682400e-02	-2.19584621106398369949630e-01	-2.19002451628429045671353e-01	-4.84014043342550770443466e-02	-9.49308145230448374718435e-01
 4.56374416137497129764000e-01	 6.27459982455016163083172e-02	-4.03277818997691495095381e-01	-2.44911228731692576232604e-01	-7.51778439930896213994060e-01
 3.38153032193805325178459e-01	-1.60392708333551792243554e-01	-6.54352382678434651985810e-01	 1.38096247655416476396439e-01	-6.42401036423597915359096e-01
-1.75684640867618119264293e-01	 7.51440446010844605335965e-04	 4.58872188181942863849372e-01	-4.91579233845034602179425e-01	-7.18971845113504315349928e-01
 4.79407612960782436584140e-02	 4.68860478522641122012260e-01	 2.58086150793883750687030e-01	-7.38500827129678627525067e-02	-8.40124537873735199866587e-01
-6.32806383643909065028765e-01	 9.48973955530907631317206e-02	 2.82013394189679689194605e-01	-3.20147977716380149892927e-01	-6.39159043586560393634954e-01
 1.42623475037335745163602e-01	-4.02923604450706518420589e-01	 3.58618852658504405628292e-01	-5.66169928870064786963212e-01	-6.06757977702715445289527e-01
 7.50063201255931760735862e-02	 2.31811881280301279595335e-01	-1.53950308904303473367392e-01	-3.13038580820814760219406e-01	-9.04954945256648879414740e-01
-4.22606637013817842962737e-01	 7.47791634592316900587150e-02	-2.60930723114341567292485e-01	-3.81150928256287657713841e-01	-7.76177064005762695764190e-01
-1.38436525666854132188277e-01	-2.02045918006902802677160e-01	-3.26381092020047161236795e-03	-5.45326711947140441161253e-01	-8.01636388990193071713009e-01
 2.79253016103238826950417e-01	-1.85541568822478630806927e-01	-2.42542367258687358022584e-01	-6.24904312336801104343920e-01	-6.62011993655371444589264e-01
-2.99814583991477728863728e-02	-1.25805328624260942538271e-01	-5.65143646848413783168041e-01	-3.83062449050753373036571e-01	-7.19131385767660891161768e-01
 6.31117052937204547902184e-02	-2.55414711406843249197340e-02	 9.82511895182101441248435e-02	-8.80791029544855330613018e-01	-4.58168540974234705931423e-01
 3.61324003795832571217517e-01	-1.58464984665624003534745e-01	 1.24556356165115372780505e-01	-3.12391102579983981346601e-01	-8.55120650015892991291366e-01
