 1.10118639270672197261192e-01	 3.96543533833169370428351e-02	 6.49615084606457449112327e-02	 3.09135372512534756239688e-01	 9.41550179981385904071089e-01
 9.15696661074040171857114e-03	 1.30901943103655382660833e-01	 2.14636077765065380607012e-01	 6.81036416900600793944420e-01	 6.87678401748227918766077e-01
-9.36911843637394103900817e-02	-2.35486819679096320845346e-01	 4.64647532839406796068005e-01	 4.39372530172640829437825e-01	 7.25825302456375442972103e-01
-6.04847298875381758631598e-02	 5.14809497071809896162620e-01	 3.05128745945823065532920e-01	 2.93748602141897519057778e-01	 7.42913848512943064683611e-01
-4.09934867571939143271464e-01	-2.92108776398324020140418e-02	 1.25444312983448436060741e-01	 4.05126578953623972534359e-01	 8.06992136480728650127503e-01
 3.28989277189588535943443e-01	-3.25262220583781402893919e-01	 3.02318092359635581800603e-01	 1.96552003077228532035292e-01	 8.09902231428917596112171e-01
 3.39807592759097110146627e-01	 4.70956979701230737944684e-01	 6.17137856218879371494879e-02	 4.74208130576901365493825e-01	 6.58823482226414069984344e-01
-1.81014585602375849271439e-01	 4.34109101837032662629667e-01	-1.69603266796775592473168e-01	 4.18350475114093733886023e-01	 7.58287952802310205591141e-01
-3.95634863164858741058083e-02	-6.27064385838364657388411e-01	 7.43948545788299109293717e-02	 4.03582430454753837700821e-01	 6.60917252009711297944250e-01
 1.91232017367900186677332e-01	-3.35819399054755718392329e-01	-2.42867578775122383571983e-01	 4.20912463481428522626970e-01	 7.83902853686482492534537e-01
-2.77163560003080677862641e-01	-5.76727307154937043898180e-02	-3.62052881759734546118779e-01	 3.62021538550400590050771e-01	 8.10994656932651603042927e-01
-3.89353279528466744360826e-03	 1.20603185187326822358500e-01	 4.82843689333303738298042e-01	 4.07361946264755900304344e-02	 8.66396125478064216274277e-01
 3.95786370020258848612116e-01	 2.81565034609903064310998e-01	 1.95410216794320024114029e-01	-1.53559123161389893263973e-02	 8.51852876804819358902421e-01
-3.79802368118735356183890e-01	 6.80068747706985554657422e-01	-7.52824110650902322827704e-02	 4.52097934608260629274490e-02	 6.20922936219229670840036e-01
-4.92470877316595556649759e-01	 3.48118336829715657732010e-01	 3.09011585524384957412991e-01	 5.42175214007030933927034e-02	 7.33388272978785393796386e-01
-1.87894647510871953821621e-01	-3.55274649737284842210272e-01	 1.47505754814814711572968e-02	 1.03787670646235341553876e-01	 9.09662610331769538873914e-01
-3.79472784002843621653511e-02	-6.08430133228252123522850e-01	 4.38398377901903946174400e-01	 4.87736766566703172642860e-02	 6.58635534844752235095200e-01
 2.04420816463235149873512e-01	-1.58063646012073538704712e-01	-2.31435036918706746322805e-02	-1.93148120896904584853360e-01	 9.46248484932331712649045e-01
-9.97416620606693948847266e-02	 3.27861382982501226024397e-01	-6.49539405205803027643086e-02	-4.16008215705921460814132e-02	 9.36273929816310745977148e-01
-2.95805338100088577313329e-01	 3.30342281803425397157525e-01	-5.18876785513370353264406e-01	-9.09423201261283231655597e-02	 7.25168638779826957296848e-01
-3.51129369856311435160734e-01	-4.68449877548705942431617e-02	 1.14038749719881440936042e-01	-2.04798974733788580193661e-01	 9.05298987217411421646318e-01
-3.86609020669388459001681e-01	-2.29386417104659429133662e-01	-3.86716998033930003941805e-01	-1.48940284632682606869025e-01	 7.91316682390877157438069e-01
 2.08513856442111150668595e-01	-6.29001433384526520420366e-01	-5.98231842070175226511175e-02	-1.15487571670684519009598e-01	 7.37538457229717114849166e-01
 5.49046432079771995482531e-01	-2.23174514898164283449589e-01	-1.64319325848654246291503e-01	 8.32328861481281684353561e-02	 7.84099864262542745052542e-01
 3.08045251895100111183545e-02	-4.04889823795937575656723e-01	-5.10970200749942260465275e-01	-1.61735437129567095893012e-02	 7.57471571904630658345070e-01
 8.24387266329219547955631e-02	 1.47185692112363208927661e-01	 1.27766951966443914612270e-01	-5.06841196829976636806236e-01	 8.35660119647759991323710e-01
-6.20102886459370852834105e-02	 5.60821753197394357037808e-01	 3.05118128184779013878369e-01	-2.62111396483843128724089e-01	 7.20995304373721168644806e-01
-6.20247569375998897278635e-01	-9.75750695189385591765685e-02	-6.28608486697738444437533e-02	-4.86325892554193950356733e-01	 6.04406898064062780839834e-01
 6.35097766548318358806324e-04	-2.64272508890096735623132e-01	 4.47234922959318381696647e-01	-2.52435600879635402282730e-01	 8.16343572762026847833283e-01
 3.09571457146814055239048e-01	 3.58609077587875413328788e-01	-2.38378339883575318669529e-01	-3.48384288308743739204232e-01	 7.72896627710027095403689e-01
-3.92391829604873954018274e-01	 3.34186594184855911837673e-01	-8.74448761300335719592880e-02	-4.52830360726567515694541e-01	 7.22250670037291042646643e-01
-1.65110446283696060687518e-01	-4.14088783809474891839386e-01	-7.24178647386971435784275e-02	-4.65642773527653652809732e-01	 7.61052875941843343099436e-01
 2.68273508974013807915071e-01	-3.32302237322234239602636e-01	-3.50333073639306491475764e-01	-4.69207625402662586999725e-01	 6.88996000882325820846575e-01
-7.39955909740605544122616e-02	 4.84360293226579127767728e-02	-3.95169953007280860823869e-01	-4.36950111003760188754796e-01	 8.03177385335194227167221e-01
 6.02661809737762357852553e-02	 3.18979055871619343598411e-02	 2.83574715000269317322079e-01	-8.86157706295598535106706e-01	 3.60083895273626775068720e-01
 1.51513901589305000072727e-01	 7.31659867150305509575503e-02	-1.03890690894090031992647e-01	 9.16051091787639326646797e-01	 3.48923197270438190109587e-01
 6.84534329262053396758514e-03	-3.16056214147375502676596e-02	 5.04899263688362354152162e-01	 7.99702514190909763414083e-01	 3.23275189728320755389035e-01
 4.00269122810431143832943e-01	 2.49838101365470327541729e-01	 3.05266704094067031771687e-01	 7.60261432548531179698159e-01	 3.25853258356373409743156e-01
-1.07671853276279108624358e-01	 4.87995553483638544456369e-01	 1.10352232921379064811696e-01	 7.62989451862259748793349e-01	 3.94888076331057213952391e-01
-4.54070192031579999980551e-01	 6.39319184911720309050231e-03	 2.15896832034507629716202e-01	 7.70098939200441812147346e-01	 3.92575559053543465815039e-01
-1.76503607867509210160861e-01	-4.55528523306163113382183e-01	 3.13773156589120361115164e-01	 7.23379285671972072080393e-01	 3.73642952735717792656089e-01
 3.01372788578670336434584e-01	-3.07526214920860629931099e-01	 1.56586327912541706242067e-01	 6.92941498521436161084353e-01	 5.56699982915840663189044e-01
 5.57767678925233156839170e-01	 3.28264430174517063409922e-01	-2.05904201230407146727686e-01	 6.62678720982754154711358e-01	 3.15591591936298099252411e-01
 1.03494623998986762236640e-01	 5.65743648460016013146401e-01	-3.31329138440948633981264e-01	 6.42832441016313871351429e-01	 3.82374740048874228737219e-01
-3.66911333370328440750541e-01	 1.67499204464263223846032e-01	-2.71964989298663306627191e-01	 7.49007248989092433433257e-01	 4.49825827966576663463627e-01
-1.81410417438669008260987e-01	-2.37613445501511338919798e-01	-1.07684214851315740446580e-01	 7.29653705363179527765283e-01	 6.05507796054903457694252e-01
-3.48437043162261456119566e-02	-6.43127455572406914185990e-01	-1.88459525685254952742653e-01	 6.78243948656862438717496e-01	 2.99401311699399597099358e-01
 3.79918177263957490552571e-01	-2.67384485213986500262706e-01	-3.55157935675537383968248e-01	 7.18483860740753654816615e-01	 3.76578674692335357843120e-01
 1.72444268889391294496960e-01	 1.45935546767695406567000e-01	-3.26869585084730351898230e-01	 5.94446441909328271435697e-01	 6.99110500825651182132958e-01
-2.16746499119881246009367e-02	 5.73450948409836430696984e-02	 8.02040706857042207111874e-01	 3.21232682223072052440926e-01	 4.99781970528047514434888e-01
 4.00932861778204585601060e-01	 7.43369325982486256476633e-02	 4.93825451421953331987424e-01	 3.93167864072285433429954e-01	 6.59759285639060610861861e-01
 1.68142738593133361790777e-01	 4.66897907620916485793572e-01	 5.85567836950822040442688e-01	 4.68744544694609910351346e-01	 4.37176421442636464753662e-01
-3.49576630560940349035093e-01	 2.44881015564879900292539e-01	 5.28166198506766049192152e-01	 5.12165007877186551077386e-01	 5.25886812006771675598316e-01
-4.68216651873946676509775e-01	-2.18067865741840144488961e-01	 6.29869815597576820920267e-01	 5.03127233872145862569880e-01	 2.88698068531792695345928e-01
-2.02797647649451157070288e-01	-6.52207608886928524860593e-01	 5.72559892102412093528585e-01	 4.15080333526919864617355e-01	 1.82706966732797349006745e-01
 2.14736593731944536145306e-01	-3.77214435778446266489539e-01	 6.67203935439529716155960e-01	 4.62855673585861326913005e-01	 3.90129464045120444293246e-01
 6.23435071145698849193195e-01	 5.19006096350676959794157e-01	 2.94322672370768090299720e-01	 1.97526960370138310318922e-01	 4.65100686380758576721206e-01
 3.15947921278274090894911e-01	 7.26145971923242594670000e-01	 2.10127723611592820418537e-01	 5.29749126111680235240442e-01	 2.19319724724676756721919e-01
-3.13320683411422384878620e-01	 6.90090959131528736136829e-01	 3.82098823518395191989327e-01	 4.18678015639152578675208e-01	 3.22976509606884509828717e-01
-5.70143484840546221903423e-01	 4.08738935127533620228490e-01	 4.67081364293088843742119e-02	 4.95036632942345899976999e-01	 5.10515398045048196529194e-01
-7.64862901964119323849900e-01	-1.46553334707997182095873e-02	 2.80453812504300847852079e-01	 3.21393945477377263042484e-01	 4.82515858042171452702007e-01
-2.72230229978755622344266e-01	-8.70249511507377726537982e-01	 4.73253197793658542114059e-02	 3.04240385773617449949313e-01	 2.71577965562350420736237e-01
 2.37974593119176985878127e-01	-7.30904275302642236766815e-01	 3.18259897578894779268666e-01	 4.19959007686065255438024e-01	 3.62618398361815752473092e-01
 5.72353258225413163984285e-01	 4.67236290561936357113026e-03	 6.56401894348194406975106e-03	 5.07274368834399691507997e-01	 6.44220106176920714879941e-01
 5.17689722619990799756806e-01	 6.93008074661173978370243e-01	-2.14476062061972616579197e-01	 2.98897075860724170670579e-01	 3.41171095481939801175031e-01
-4.00252284480916709075160e-02	 8.56660822933780763399625e-01	-3.24146199027035841755406e-02	 3.28117045892781233895619e-01	 3.94738789770213815977229e-01
-3.79095556394625665674880e-01	 6.88018999579060208660053e-01	-2.79796725442337745892729e-01	 4.70724250242225361606785e-01	 2.88182039700114078772941e-01
-7.12229754026554084944678e-01	-3.46907711183365927154476e-02	-2.80504006522916682353497e-01	 4.26143881202074303882199e-01	 4.80878594571554407455238e-01
-3.88077163091935739558380e-01	-5.39315800316970794803240e-01	-3.02301722195846278573583e-01	 3.14602113811931261011523e-01	 6.06773237509261154087881e-01
 9.80524838164673340212829e-02	-7.84149369570267928963858e-01	-3.36357655560095225588668e-01	 1.98487902598638993323377e-01	 4.72188052250458900616081e-01
 4.89616356884867098830938e-01	-6.34984361619094994644286e-01	-7.82903108590373986164224e-02	 2.93024288268972699089687e-01	 5.14857336822578726120980e-01
 5.37763679394473115280562e-01	 4.81273781890517102222127e-02	-5.30922700062038011026289e-01	 3.90537936619079373290475e-01	 5.23541008148276310052438e-01
 1.43546226496917894710492e-01	 5.23075567875837088571700e-01	-4.98859852860706221022724e-01	 2.11933026075247832320514e-01	 6.41879794675178194651721e-01
-3.42911835644573448345085e-01	 3.44689544940586733989818e-01	-5.92563776450760970604392e-01	 3.75940728346180919050568e-01	 5.20708488688705672942092e-01
-4.81592317591092111683793e-01	-2.88171093154950930248503e-01	-5.43093973817793562730571e-01	 5.94336725434413959412439e-01	 1.91935023145377886555352e-01
-6.98976271804439969193012e-02	-3.67613663021814196518733e-01	-5.72653146898741138848266e-01	 5.49533685298539742447588e-01	 4.79641135166075704976407e-01
 3.89114741585022405612193e-01	-3.94591350690594311334536e-01	-5.96743323542830217398603e-01	 2.56898334156635765879173e-01	 5.20372977349896848053845e-01
 1.12007119959569592659854e-01	 6.93051095440562758831504e-02	-4.13421728199653171209604e-01	 6.56618117298629760947293e-02	 8.98566752112614719472106e-01
 5.70075220539029564603695e-02	 5.14551891152631793446837e-02	-7.54981891623923262457652e-01	 2.72242033685549611465859e-01	 5.91598786642691720771836e-01
-6.05072397984962928596531e-01	 3.84806998760869434228482e-01	 5.57181994828861770763240e-01	-2.96556128303457677830579e-01	 2.95658002268790465194570e-01
 6.46416080898187472847383e-01	 1.12857070715600388277622e-01	 6.79042017304749112582840e-01	 1.20993628907393832583317e-01	 3.06058838206379413282576e-01
 3.30152592872278549673837e-01	 3.62465102571003783271664e-01	 6.40141828962862646790200e-01	-1.88133741202596953268067e-02	 5.91170711896483735969809e-01
-2.42693884173581508889583e-01	 4.35107460698779535679392e-01	 6.89135217044423376009377e-01	 3.53449326522013024254321e-02	 5.24999585327404649781613e-01
-4.19526796367513943319949e-01	-1.41281603629353186279971e-01	 5.30192907282066139273979e-01	 5.93926273918993843925485e-02	 7.20697420895070162139007e-01
-2.06380075656573569453656e-01	-3.70370663793302135058383e-01	 7.97462113405805861354736e-01	 1.06514922813066056916931e-01	 4.15862458841583737534364e-01
 2.38522118443992098280049e-01	-6.78057690964396497790290e-01	 6.40620441848427146780409e-01	-3.74910205850209621303293e-03	 2.70067325785075307287286e-01
 3.23863050444811395589539e-01	-2.22715632134481145154581e-01	 7.47259695556593328547024e-01	 9.37140669098715864415716e-03	 5.35747697981820203416703e-01
 7.86641299595659315713192e-01	 5.40164162113158721756356e-02	 1.83203188555291079930853e-01	 4.95554333545063646626616e-02	 5.85028668766206183526890e-01
 7.06345238210650316901251e-01	 4.68845264317887866489798e-01	-8.47169560680244571049258e-02	-2.03033554902079083070987e-01	 4.82556665607493551206630e-01
 1.68168676617590051591833e-01	 7.89668850683995726669195e-01	 4.25564425168877435989856e-01	 8.69752125041678286754276e-02	 3.99340249542471714683245e-01
-2.93790339173854830878696e-01	 8.10131737420247688419295e-01	 3.23794205688556380184906e-01	-1.03824022740369725781306e-01	 3.76499255373880126196440e-01
-5.35481422161627751421520e-01	 8.02844346121186158704575e-01	-1.34968118959947425139489e-01	-1.24368906045656923975429e-01	 1.87127188015065282211680e-01
-7.16305075369196853074527e-01	 5.38585181644575028414579e-01	 2.69955651482978176147753e-01	 1.15806805452410996326584e-01	 3.32484241967220817137729e-01
-7.67478427595357004520338e-01	 9.72536607219925616774070e-03	 3.21603876976376712448769e-01	-1.90133061030356709242284e-01	 5.20867205578840697377530e-01
-4.95418577995712205996881e-01	-5.09953633281793550224847e-01	 2.89364420693909329962423e-01	 3.08262759120321527817055e-01	 5.61916388669532751443114e-01
-4.64275520567721866616040e-01	-4.75209952967290738534700e-01	 3.13801294699100175034090e-01	-2.79173646601359626284733e-01	 6.18235039520459328521440e-01
 1.06178771357851017831386e-01	-9.16590046999062546539960e-01	 1.75158001917414374304371e-01	-5.60008153673282951801049e-02	 3.38780662520290376527043e-01
 4.55435131709469087635256e-01	-5.55144564558441078183648e-01	 3.00756920360636614830696e-01	-1.89996582073794606504435e-01	 5.98197230770469934313383e-01
 6.58121929484604017979166e-01	-3.52499595935951315350820e-01	 3.61655055984616669029208e-01	 3.06783791946366013458913e-01	 4.66592848505231028166662e-01
 5.23157256514843460593056e-01	 3.05262967345475255687148e-01	-2.61528127019666323249680e-01	 1.31652744390225701076602e-01	 7.39859175380967126756104e-01
 2.12472737740635103653730e-01	 6.99346148537172140891016e-01	-4.65762686281120663611688e-02	 3.13230615442688445360098e-02	 6.80161611133264787376618e-01
 3.66804698642444304557131e-01	 7.35896550442892705135023e-01	-4.19864366978086211990018e-01	-1.46790952976884075953379e-01	 3.55073104538073391900355e-01
-2.15347722722789403082544e-01	 7.31273242111939114629138e-01	-5.22782193734961930786653e-01	 2.09524839436862134189887e-02	 3.80952195189175724099329e-01
-5.99002703799000890683146e-01	 1.92061997044212617868908e-01	-1.60994674866935638668508e-01	 7.28048088788865316312027e-02	 7.57025841435729152095746e-01
-7.16912618296763115566250e-01	 4.56857482814098492251986e-01	-3.43111731051112922585844e-01	 1.31953521825865116579024e-01	 3.77067827076913220096799e-01
-6.97188069782844643818009e-01	-3.15728553036776160567456e-01	-4.33422175916681959306764e-02	 4.04955608105187700451744e-02	 6.40878957275594518527839e-01
-2.91229938086064177316103e-01	-7.31605549013752409770461e-01	-7.10392296057462957481476e-02	-1.03634868602144047944336e-01	 6.03449820350881793729059e-01
-2.69200369972256881023753e-01	-6.26631554893821274276888e-01	-5.84686305049709753589582e-01	-7.84859755247242496523086e-02	 4.32256788901460575758051e-01
 4.22485599334215311539964e-01	-8.61660188211789912493543e-01	-1.27865562010235273016079e-01	-1.85347347200350481832842e-01	 1.68357944106095253067323e-01
 5.24873749744025452912410e-01	-5.59632875048271638540598e-01	-4.05170171836568948631196e-01	-1.45014053042854668129635e-01	 4.75527757621845847957331e-01
 7.98886014222686235974891e-01	-4.14277244427216251310142e-01	-9.76135669583081018452209e-03	-1.03737360818303273046759e-01	 4.23436862961991955511820e-01
 6.12281661920498931905854e-01	 3.78379188034185798272802e-01	-6.03734305877834720455155e-01	 4.05289973744840173464077e-02	 3.40297876597092985306858e-01
-1.04887396952850070475094e-02	 4.13948676337597076813068e-01	-8.68579995350308164958619e-01	 6.85270801110238608755409e-02	 2.63456468257417197875725e-01
-4.80016187760125168093595e-01	 2.88432443910989932955857e-01	-7.76137085464114528932100e-01	-5.36282362276140830981142e-02	 2.84827002993316424905856e-01
-4.58838462835653049243234e-01	-1.46942608286724035737691e-01	-6.70552434686358722615296e-01	 1.98182743580278514228254e-01	 5.28164905475268620094198e-01
-3.46230869727301784899431e-02	-3.96927404562462837755987e-01	-8.46961609326241204875885e-01	 1.81385323547384763598345e-01	 3.01670804163909733741633e-01
 2.38438999954057817554087e-01	-3.87309769660521052703217e-01	-7.74608172329255384447322e-01	-2.64008572246632822189127e-01	 3.51311313178850004312892e-01
 3.57032087561583166834822e-01	 1.40777197669647146510696e-02	-8.92208265487364871049181e-01	 4.94280771138710176004771e-02	 2.71755740411190160887855e-01
-1.20236116123953615253406e-01	-4.00618190096382331688574e-02	-8.01297595319637179223093e-01	-1.99009772878818769203946e-01	 5.49777774260431617570077e-01
-8.07799607958280957431541e-02	 1.92725510546709714876368e-02	 8.33083025217693728947665e-01	-2.06752926419186827677876e-01	 5.06289509293751383012250e-01
 5.03449210294903415352508e-01	-6.17770663282846202446486e-02	 4.23097265373934772192399e-01	-2.42168262964535807579836e-01	 7.10679761337795978803911e-01
 1.03540152587704055442419e-02	 5.71590274444515711316228e-01	 6.74600513481414365557498e-01	-3.32565605999284974458874e-01	 3.27859142689974125683960e-01
-3.52336340454463770033300e-01	 2.04771367511731472443870e-01	 4.40335630033258040860744e-01	-4.20250962121979487751133e-01	 6.80750653324178722769489e-01
-4.56638341183483453811220e-01	-1.76952842111027852656235e-01	 6.86632591966231609070803e-01	-3.70154066495284872484461e-01	 3.89474989873245802662893e-01
-3.36619373844165403752982e-01	-4.76851136687642229716744e-01	 4.83840698418202763697593e-01	-6.24083851485459972785463e-01	 1.88991839669667927026353e-01
 1.07229631365151123478796e-01	-4.40475933651850004579842e-01	 6.50618592711989185417565e-01	-4.19159549721727031634799e-01	 4.42135134009246921760194e-01
 7.37669806512953107890951e-01	 2.36749149228057481630927e-01	 4.20378546465647706664726e-01	-3.23340138673378629796673e-01	 3.44276239803218142565555e-01
 3.95349103349237285254247e-01	 5.61629988499427357240279e-01	 2.74727191016480909446784e-01	-3.54828951155340965861740e-01	 5.71744898042196414422733e-01
-3.96654519966819441023631e-01	 6.26947712920124522462118e-01	 2.06641882221493822235914e-01	-5.24018906159106290232330e-01	 3.63737646599701147653860e-01
-7.36860326961996769945529e-01	 4.20305889850966563070500e-01	 2.04036073735324556543969e-02	-2.97678288928344025876527e-01	 4.37437020167344980947632e-01
-7.95484943874276595465744e-01	-3.71944790800789959472894e-01	 1.64160199932817274515173e-01	-3.50616888184203889800017e-01	 2.81033811388484489057760e-01
-3.50898339259502700659965e-01	-8.27530353416924380205444e-01	 7.77669322527137218958870e-02	-3.87651347627463005451887e-01	 1.89057151700741027378072e-01
 7.19021430024626394261755e-03	-6.91395859136125001676021e-01	 2.35905324079634437506314e-01	-4.80016715991449627320975e-01	 4.85646679415603965690451e-01
 6.30576820691655881567783e-01	-1.82844546099153459906006e-02	-7.87937262344677313841146e-02	-3.65698208594189555498133e-01	 6.79775640092456945318133e-01
 5.71794685809196123749132e-01	 5.49265326601018677443733e-01	-4.69280914596138853944751e-01	-3.87397587415307886882232e-01	-3.25110863375788344820094e-02
-6.48892360769341425275059e-02	 6.74758057770956098941895e-01	-2.13365039999561162398223e-01	-3.55857850965965061273977e-01	 6.06903204907001336820827e-01
-4.68230079371314333869236e-01	 5.41934475329457154835211e-01	-4.34942703427627808121514e-01	-3.87643808518113808236905e-01	 3.84219650296490355945167e-01
-7.09980457159662958765978e-01	 2.18945604051170340798027e-02	-4.41827231420516275406385e-01	-2.12743106075207022431783e-01	 5.04952915694896642406775e-01
-5.94970851043979176431264e-01	-5.15019420261108362701918e-01	-3.11293019382426539021225e-01	-3.43673109010909139104939e-01	 4.07124223534368889776403e-01
 5.68068276577910341584854e-02	-7.44818791584000883254646e-01	-3.32187273420298911918991e-01	-3.95290101078021927083483e-01	 4.18826101624673763357265e-01
 4.94077366516079141689488e-01	-5.75274294897328397624392e-01	-2.82802224177094562590495e-03	-5.37290540312000852729568e-01	 3.69131303343886274515029e-01
 5.74432002456947032875689e-01	 2.62624007265419179280030e-01	-4.93633241521408194785181e-01	-4.43987111253747013250859e-01	 4.00322586505901356623838e-01
 1.41330903399367130424125e-01	 4.11702506197770434770433e-01	-6.75549585503695371180299e-01	-2.54420421817719955015491e-01	 5.37986643535574127206189e-01
-4.07480130810664864515758e-01	 7.92443021103053785170189e-02	-5.93261847027955036004698e-01	-5.62308002197258294252435e-01	 3.99412537489099717102903e-01
-5.15428295063666275233061e-01	-2.43775199112779422661035e-01	-7.53482629842629925143171e-01	-2.17608506888185171401773e-01	 2.44576755233640336095746e-01
-2.12542907684503512566465e-01	-3.84770101249338081217388e-01	-5.34104184864671927002178e-01	-5.37075853807255754190919e-01	 4.82762600607008873776493e-01
 6.33257490537595391089098e-01	-2.46716725526771790688585e-01	-3.61641433743976614678672e-01	-5.44277009756956808850248e-01	 3.33307392766799048811066e-01
 4.10979562189986880049730e-01	-2.35108401883757436867661e-02	-6.05690571643484942931934e-01	-1.67588681720890336768193e-01	 6.59996973505944217741614e-01
 1.52580954097477267117355e-01	-4.44430811063808023364530e-02	-6.83466694183014200625337e-01	-6.01149325826197067357270e-01	 3.82408983929151347069819e-01
-1.98314757729180529688406e-01	-2.11163471514787898231091e-01	 3.62129090749513382618829e-01	-6.60830875676828521925188e-01	 5.90123987438035513264367e-01
 1.76559672433545922221043e-01	 1.69340935058127195489419e-01	 5.65493614774614239415484e-01	-4.96258938977140962034440e-01	 6.11632542396348011237706e-01
-1.00696108474840895219415e-02	 4.35877937529090209167748e-01	 1.02377002489950991170886e-01	-7.36618716383744542852696e-01	 5.06774942698535180163333e-01
-5.55169057077493754981390e-01	 2.11732841594591547629278e-02	 3.03998047096078694018217e-01	-7.03334107354760540431471e-01	 3.22870455283293777970499e-01
-4.00733698310779318241259e-01	-4.79767384844183519820859e-01	-4.85094338085616423594804e-03	-7.04128536461939735779936e-01	 3.36771780240299967168482e-01
 3.09854716316379341645160e-01	-2.73261217500183006823278e-01	 1.78722289583408328050851e-01	-6.13826745847359744878702e-01	 6.48531750244595861509822e-01
 5.11227998326565069575622e-01	 2.29307126878754818921635e-01	 1.54190032204933685777704e-01	-6.74457940275241085714697e-01	 4.55407615283215327917077e-01
-3.74178880119836257400756e-02	 3.84876718215488522467638e-01	-4.71667595960278684952272e-01	-6.64510317570132014175499e-01	 4.31770228473770556476552e-01
-4.82581786008749125116424e-01	 2.95901133917622349844834e-01	-1.40761366139598498303798e-01	-7.62750588730834011563786e-01	 2.79204433976524335481173e-01
-2.12198366068101829107206e-01	-2.51432815930037155405241e-02	-1.29535356438377463605960e-01	-7.82593622700273328085530e-01	 5.70181972680658843977142e-01
 7.76749619962818771412572e-02	-4.16929251328920780217402e-01	-1.43912144631305111142083e-01	-8.17665073012414533870640e-01	 3.61731561614967500606355e-01
 4.38129810262297914036367e-01	-1.61790115122196431762802e-01	-4.22312946068884552397460e-03	-8.73021030554079979779658e-01	 1.40294951427767822238479e-01
 2.87450750725186943146383e-01	 6.24399587029754246647606e-02	-2.44916221695212155129440e-01	-7.57666407017982712623905e-01	 5.28612313034514280651877e-01
 4.53548930703275079978631e-02	 1.85485445784302760419138e-01	-2.34016692482115734597059e-01	-9.44773646675872380562566e-01	 1.27188943164421031095657e-01
-1.96883025493060997979100e-01	 5.66496706242252193175268e-02	 1.01711899677407055508915e-01	 9.73003589415940228768420e-01	 3.07667602872787326884207e-02
 1.43600801293213425902096e-01	 3.78546349265617490531532e-02	 4.12877183929088176217448e-01	 8.81399819516842208955154e-01	-1.74964641082097860369515e-01
 5.92490673942650758476702e-01	 1.94924438800642335634095e-01	 3.88824249258536314144408e-01	 6.56977697861574005955276e-01	-1.67795328153914569124794e-01
-4.67396696662619876017075e-02	 4.34507976957408059703880e-01	 5.06009315385545388465971e-01	 7.38967279992159276069685e-01	 8.30671600809280430421921e-02
-3.85377450081427541661583e-01	 7.46822876972163263165072e-02	 5.25669385446574266573805e-01	 7.50299359214157912667531e-01	-8.14207936591882508459150e-02
 1.26775550012604328042887e-02	-4.21384036612349743844419e-01	 4.95682524760282572362513e-01	 7.46565909033276464690232e-01	-1.38610791080858303248036e-01
 4.87695401912364989716053e-01	-2.51393146901928321579334e-01	 4.25647735350500766582371e-01	 6.99462251442940718959562e-01	 1.68911944046727380275286e-01
 2.54032832715762602049381e-01	 3.90657984324678408949438e-01	 5.89084780481901673643286e-02	 8.81901280169622325821877e-01	-4.04176005598042911715062e-02
-4.94369532389105748038105e-01	 4.33707581717745260796448e-01	 1.10849913782779876947338e-01	 7.44966362922058644713275e-01	 1.52942386195570306089975e-02
-3.96359554020009441366312e-01	-4.20843990482423047083671e-01	 1.59053983977392676685270e-01	 7.99953610933698988638696e-01	-2.37800367313638315314162e-02
 1.48237617191445736342104e-01	-3.40091395151069841862324e-01	 8.94355048776931949028324e-02	 9.19762165949963073074969e-01	 9.16640624667396652913709e-02
 5.90170612795458238153401e-01	-5.68736319059893954963592e-02	-5.28401644041198853551933e-02	 8.01185615884402957398436e-01	 6.14293391803197585954166e-02
-1.61656117567231222276192e-01	 4.02352361600183450196511e-01	-2.82803743079035552199230e-01	 8.55380756011704823649211e-01	 1.80466593356133145342746e-02
-5.96804017301586720023465e-01	-9.96095216842114716815360e-03	-1.80737782060660018279563e-01	 7.81682479778287420124627e-01	 5.66562512406881477189380e-03
-1.52512829870449756475281e-01	-2.62352060277971477209036e-01	-3.18006201724259196517153e-01	 8.89575166527051930387415e-01	 1.24255027890578545468614e-01
 2.85640934310822436348332e-01	-2.92476815480123497614784e-01	-3.96293969171712112675721e-01	 8.11128173732162949249869e-01	-1.33748812438474945496480e-01
 3.09344541839958575568659e-01	 2.29938550614839309904625e-01	-4.58623513223515189007884e-01	 8.00357572063897682035361e-01	-2.29444401430027276889145e-02
-2.20138987857204544706935e-02	 9.17386385112303193167804e-02	-6.04197144069522851239640e-01	 7.12019949862741863277904e-01	 3.45069286607847580672370e-01
-7.92298212955091230025317e-02	-1.39997299658668361566072e-01	 8.18714521194861877262383e-01	 5.50973986918300462356513e-01	 1.60496115150181133113261e-02
 3.61248308734853640356022e-01	 9.94992367588721227100734e-02	 7.59549182405112377480805e-01	 5.08959384280431970104530e-01	 1.53769132081893300512121e-01
 1.38945534544605536764195e-01	 3.25516637309062661920223e-01	 7.21166154756836874639703e-01	 5.29350226061062190119344e-01	-2.72838363628456759268914e-01
-2.61108447718451042174337e-01	 2.86551834012508055415935e-01	 8.30738757612663136775666e-01	 3.92284586731882545240779e-01	 7.54741317730392158313890e-02
-4.28546675709395530340373e-01	-3.49098073648907825106136e-01	 6.00833998147846992665677e-01	 5.13581463264656812306441e-01	-2.64028159433146003554072e-01
 1.09243235566095053812319e-01	-4.81506222151491303229420e-01	 8.37950318470686683625104e-01	 2.24505982194499520421260e-01	-6.04483353468688172638323e-02
 3.80602279427554757162966e-01	-1.64548262010429990898075e-01	 6.77759884917857435837618e-01	 5.29369245975348401422877e-01	-2.97448338666599643165256e-01
 7.73597795451942626954178e-01	 1.06636628409801204053764e-01	 3.09757619293927310977210e-01	 4.68382256059691581828730e-01	 2.73575144797688130093860e-01
 5.46548120518657309929722e-01	 5.09506516086437377666130e-01	 5.67480810123509704645528e-01	 3.44050573159869199635352e-01	 3.58189233913429952438356e-02
 7.92015918631419207907030e-02	 7.51682730050010627920187e-01	 5.69311159406952205230823e-01	 3.21174157273828031478047e-01	-3.78437004673864083037493e-02
-3.62390592127276700562533e-01	 5.93121171443804273692990e-01	 4.88288293101669823581545e-01	 4.72900307214864368265950e-01	-2.34137090138909625958163e-01
-6.64416858966854984025474e-01	 3.26496290163005742357427e-01	 4.93503936265572484831665e-01	 4.45067552038192204566514e-01	 1.01583212409972561962590e-01
-7.66598351472437045117658e-01	-1.58893241727813300245842e-01	 5.60361271833928809016356e-01	 2.27414831597558875220244e-01	-1.46142549078234207371452e-01
-6.08124513898098184583318e-01	-6.24431196420854095485709e-01	 3.26457200712186867974651e-01	 3.65216653273799096712793e-01	 1.76847054618137454473636e-02
-3.70366772737961563732867e-02	-7.76882473331747647193879e-01	 1.57725354971823078509274e-01	 6.05025317875730883621088e-01	-6.44126097503163741464505e-02
 3.77551578499088713591902e-01	-6.53109077235486945589571e-01	 4.48565499097722641952402e-01	 4.67664647376078046470127e-01	-1.04795560112424662735364e-01
 7.97688641988600455334790e-01	 2.01258994971462122636208e-02	 5.01887602041206526415351e-01	 2.55449136371310947524194e-01	-2.14807709955420811365201e-01
 9.04882760600772328984931e-01	 4.69303698290135379300736e-02	-4.71394608221007496706711e-02	 4.12893914880851475857071e-01	-7.92541244542090267399814e-02
 6.98579986905385807993696e-01	 5.31365679832597970211339e-01	 7.20278643584577882297282e-02	 4.73293427902475249968717e-01	-2.10198489908083284427587e-02
 2.23404940369909960073969e-01	 9.52837408757071568921049e-01	-1.05651061267790294384561e-02	 1.98869043508296761135767e-01	-5.03049416861929069022530e-02
-1.13137078585319503232220e-01	 7.61215959394047514408044e-01	 8.12346110671864213292892e-02	 6.30224611622019148526874e-01	-6.29931860094191803378649e-02
-6.19701550865907613285799e-01	 7.04800015934562429364973e-01	 1.51795578784927765597645e-02	 3.44925314891845469222886e-01	-4.79932937027497275722654e-03
-7.63994093487260328423361e-01	-1.44037749153127503376481e-01	 2.53311707930440610514466e-01	 5.73320203089898838832994e-01	 5.19930311657283913961969e-02
-5.86372781283856614464867e-01	-4.12802333211734984175223e-01	-4.88908796769269918258694e-02	 5.89000661502355637999528e-01	 3.69390170008063511986052e-01
-5.18995798687263643067524e-01	-6.74938678165769467831581e-01	-1.81636916184671287632924e-01	 4.91673302385876531683806e-01	-1.91451315143587041944784e-02
 2.14528153797949344694374e-01	-9.20561096640211573571833e-01	-1.09411210111209147854971e-01	 3.03115438134578585316348e-01	 5.19149000490023715403964e-02
 4.67891735379182494014572e-01	-5.90726135170206112512403e-01	-2.40842754109630956260713e-02	 6.39326391228981272263354e-01	 1.51002219675026472245349e-01
 7.82430212328662277876390e-01	-2.73682378019362571031081e-01	-1.65444875241706063073721e-01	 4.13840291327718989844442e-01	 3.38031249039251524557415e-01
 6.54834306831144519200905e-01	 4.68102133797015595995106e-01	-4.48617611377153946428109e-01	 3.75758289141195911398086e-01	-9.80834840102715876941630e-02
 2.75197004492120422813883e-01	 7.07206344770722528103590e-01	-2.44304929714496327219919e-01	 5.95942277217678562095671e-01	-9.64038286397394389437565e-02
 1.52611608522136926735513e-01	 7.95002870698608754551628e-01	-5.05195006204552821138520e-01	 2.63069959827792521078749e-01	 1.42310696953682785936834e-01
-2.91584306327021480775841e-01	 6.88839117302873393811069e-01	-3.43655863169922026756353e-01	 5.25119370994525325180291e-01	-2.15938779964224530916184e-01
-8.54144211620820437147472e-01	 2.55927739169537427077472e-01	-7.15712700418064673435481e-02	 4.30874227674156173861775e-01	 1.19010971380870606006752e-01
-8.20496066965893278144506e-01	-2.33309571383439995351239e-01	-2.98059472234129707590711e-01	 4.14712317737070401690858e-01	-1.07364298176978137377979e-01
-2.44473624055343258243411e-01	-7.29951936060517669879744e-01	-5.16850670538405609910626e-01	 3.45092732925902367924209e-01	 1.45530781034395068074261e-01
-1.94211774223365732372493e-02	-6.74740425613191030507210e-01	-3.37972367114033167556642e-01	 6.22754885736860885891986e-01	-2.05667710808153852974911e-01
 3.14256421627755577752339e-01	-6.23150614667687174907940e-01	-5.24103999765500927487949e-01	 4.75799952818030447154740e-01	 1.08883493850839035976819e-01
 6.93448134173008434721908e-01	 1.08929340596589790957083e-02	-5.28490859772645205083563e-01	 4.87027992008879806462573e-01	 5.01216054822056014672604e-02
 3.31952213085349556731529e-01	 3.72440352183751210990437e-01	-7.04732956475732863488304e-01	 4.47097938744764777929674e-01	 2.33561138719902000593365e-01
-1.43462871655456153385799e-01	 5.00806816299336765574424e-01	-6.98867182927812580217619e-01	 4.87910726129908822734649e-01	 4.62463096735362122480240e-02
-5.70156866017160868231883e-01	 2.70171217903031279927717e-01	-5.27269875990512892904860e-01	 5.62539725838574256044922e-01	 8.63955778769543020212396e-02
-1.05426683343819743710057e-01	-3.86749574546593144486195e-01	-7.24473858188583452744069e-01	 5.43550945684845410177388e-01	-1.37840412338361639754680e-01
 2.06959744841452186747688e-01	-3.59041969090535872943803e-01	-8.96133663515097045326740e-01	 8.72442508242498165893508e-02	-1.32625134344429185251357e-01
 2.72001414698710308748275e-01	-1.51439657482358075446527e-01	-7.78960097825289188300246e-01	 5.33246157106286200466627e-01	 1.09320457696262224311923e-01
 7.19183775850935902429484e-02	 1.49792804478113772415071e-01	-9.25322396095572430319010e-01	 3.01608930809660891192436e-01	-1.58746271867755056605986e-01
-2.66910106110699485437721e-01	 2.35908485467994116779877e-01	 8.94671396003194896451305e-01	-2.51914508361185784934833e-01	 9.59601760680372090073220e-02
 4.47178075265872831955960e-01	 2.40810129025197966479155e-01	 8.26362390478964314866062e-01	 1.20825738035625643296278e-01	-2.11112745684420982650309e-01
 1.36735602361225228040809e-01	 4.41163320879817522079946e-01	 8.63747179258205655116853e-01	 1.15272099592811982926577e-01	 1.65322269329217369504548e-01
-1.28318049496955771671125e-01	 3.80091824575876369163296e-01	 8.54588716485054966653934e-01	 8.74221896276982379792031e-02	-3.17962528422773782477151e-01
-3.84611999034520757323463e-01	-1.27730377057825222886223e-01	 9.08994939320306505337044e-01	 9.68080668933062882253182e-02	-1.07219144647263085745603e-02
-1.50520593466704516449894e-01	-4.48117911563059523327723e-01	 8.42616499267868412914595e-01	-2.43362304315447308677989e-01	 8.54757993740409005578584e-02
 1.42842693541940013446379e-01	-5.05950345863167838533769e-02	 9.79803016062248621764752e-01	 7.77956902510796438621199e-02	 1.04737708923632974467033e-01
 7.24664081876223442613139e-01	 4.00208524215702604598377e-02	 6.41698555699938277818717e-01	-2.34507944523672157144389e-01	-8.05561132244871497265493e-02
 2.63380525432188039580694e-01	 6.13629918406111363182731e-01	 5.83946137605546033988446e-01	 1.00837275720257052435969e-01	-4.50475053982854090062204e-01
 1.19528364780683238333125e-01	 8.72321939322182160481134e-01	 4.39792721322898649827238e-01	-1.61221646481542218998229e-01	-7.31939011613846335357891e-02
-3.45495366929407576872535e-01	 6.45181248443192245645150e-01	 6.76554582169417328962879e-01	 5.21657693543918429823769e-02	 6.26636891734550227628375e-02
-5.84122851291790312622254e-01	 1.13555413879026789736315e-01	 7.23438313616107331327498e-01	 1.06218046948027847187213e-01	 3.33557184711019527600939e-01
-6.84445350021141707408390e-01	-3.91143337432035942402564e-01	 5.52057781212410669802182e-01	 4.23478293391904569986650e-02	 2.68291483223106586031292e-01
-6.10620824195465483619216e-01	-5.86359626454745153090187e-01	 4.46378250135023357803021e-01	-2.85724841678024310542838e-01	-4.93190650475510208861074e-02
-3.20521290636776090554605e-01	-7.48797966352237609477527e-01	 4.83946479899060921781029e-01	-8.24906779400714218475343e-02	 3.09125865112552355995490e-01
 3.14632915259532464080650e-01	-6.88314708093739069383332e-01	 5.83413738375093471333344e-01	-6.81824228836617474147630e-02	-2.86720348671018532282773e-01
 5.84219455796817221937545e-01	-3.25291129704544768053154e-01	 7.03299299949494582939735e-01	 2.30930581674412743753422e-01	 7.01032776842864802091526e-02
 9.52442119483926208367564e-01	-1.42638421229931589007123e-01	 2.32910489098907436122943e-01	 3.91319544230406685114687e-02	 1.29343279812828282349102e-01
 8.81081394413365748263800e-01	 3.83856602467194996108901e-01	 2.67866215443930300033060e-01	 2.70953787239128600361493e-02	 6.21547764576029226901710e-02
 4.66157148627798334494798e-01	 8.36038078264185413601695e-01	 1.12725430130451456656182e-01	-1.02581417247358475108854e-01	 2.45983484634550608749493e-01
-2.78001836693622490716445e-05	 9.43573164645146955642474e-01	-7.77827455146886947989771e-02	-1.75819120097337744379473e-01	 2.69642659267941620093723e-01
-2.58098613128303511210504e-01	 9.28225436586210483902448e-01	 2.10634648729331880323556e-01	 1.61897656025606240248749e-01	-3.47107836798713001447148e-02
-6.60849477601139545512865e-01	 6.52723196578916864396547e-01	 3.19543667144130349999642e-01	-1.73387851810120841022922e-01	-7.11259041057092228355074e-02
-9.27928717399031710577617e-01	 1.79535013638373930344727e-01	 3.20011203921574782782500e-01	 5.01673747865455793570888e-02	 4.23265658392880175786566e-02
-9.07342903386620047712086e-01	-3.37314582560936770949667e-01	 8.70880213491267290981668e-02	 1.80721508647770090494333e-01	 1.50675614866002088865216e-01
-6.51595703345543286744146e-01	-7.10217636517070816104535e-01	 4.03820428370674656265438e-03	 1.55043399698020171323387e-02	 2.66002361850410207200213e-01
-4.12516825024031696944604e-01	-8.81506152223056504979581e-01	 1.76602272407201832393753e-01	 1.65196880520125412294963e-02	-1.45998321744706421876359e-01
 8.17527249338013961565963e-03	-8.98258085465295064153679e-01	 4.00797286436554767163898e-01	 1.61965578200327836588812e-01	-7.87036433668057838763943e-02
 5.99750990331003541733423e-01	-7.16073581551877835771336e-01	 2.91541084222673885228971e-01	 8.77579377690292233848979e-02	 1.86654000678371512211839e-01
 7.89174108189279577274533e-01	-4.00740290368469476156577e-01	 2.22875450092624133313635e-01	 4.05912881048112572646147e-01	-4.66123737250236855333974e-02
 8.60671173849416382140021e-01	 2.67857648769739831173808e-01	-1.67880664205990293158521e-01	 2.38941159301759464828052e-01	 3.19719588823551836842540e-01
 7.39764889346086418342452e-01	 6.45965768338151669070157e-01	-1.87503987329385668481052e-01	-1.14458682668846598723400e-02	-1.36887348309633945925290e-02
 3.40506393287924091772823e-01	 8.27719947975728009836871e-01	-3.75265174597382289434222e-01	-1.75199068438835620087346e-02	-2.40425010037818853714242e-01
-2.01982077030666479222631e-01	 9.18025200786577011413669e-01	-3.16831825369539077374981e-01	 9.73038351093095249533249e-02	-8.11327885948018023842820e-02
-2.38729219947602988582958e-01	 8.99827130410307263197467e-01	 5.48776126563992536211423e-02	-3.36493001320292639544363e-01	-1.30692014340420326057313e-01
-8.54673734102698534620401e-01	 4.86344557162109503156699e-01	-1.49219093654448131669454e-01	-4.77386206365403228946143e-02	-9.19590460063977321869544e-02
-9.42069638107579154784332e-01	 6.74037770904757083112457e-02	-1.03268706444130831112460e-01	 1.59952965738507013257474e-03	 3.11920732821695190217781e-01
-7.42626065926501377489899e-01	-6.06648284621759903423310e-01	-1.11309444684644154310860e-01	 7.31734079191177638756827e-02	-2.50480028883546479434585e-01
-5.08629052256016622735046e-01	-7.30247668396628579756680e-01	-4.46594037070573712799870e-01	-8.94762477065975253553987e-02	-2.41370493596157996429863e-02
-1.44236473865092390544973e-01	-9.40889166085556616359042e-01	-2.68175676467284518356138e-01	-1.04120153354560623926162e-01	 1.05660858251896014325943e-01
 5.28175596998113783264728e-01	-7.91311962819909564537113e-01	 1.41375786457358681991181e-01	 8.55774815333792265859003e-02	-2.59894782348079889100489e-01
 6.92785339726741500321339e-01	-6.54947987346636062433447e-01	-2.35396341469847891758604e-01	 1.80004368459099423072090e-01	 5.72590315019865722656611e-02
 9.36169356095321703037371e-01	-2.32530591813237930143288e-01	-2.61910102523639110039255e-01	 4.37387994738058782928647e-03	-3.00071316409727811835850e-02
 8.49193087448679051476574e-01	 1.92672172846055062001014e-01	-4.85151863699122942730213e-01	-3.59039286930215723048221e-02	-7.13239868055197678842205e-02
 3.81476697806058140383101e-01	 5.06846820495369665415808e-01	-7.70486223486963273110462e-01	-1.02700230659789858156383e-02	-6.18654639337786332875524e-02
-9.08494733613324362275776e-02	 6.12498185301844189076803e-01	-7.55301788940066942679152e-01	 4.15381001050884376274430e-03	-2.14695830602849524471054e-01
-5.57388535007470986570866e-01	 5.78191666403499060500337e-01	-5.78405786126949594816438e-01	 1.41254974410234601656100e-01	-2.24988160355118795019624e-02
-7.85073106386152019808833e-01	 4.66015739443015608589604e-02	-5.86955576872480566663626e-01	 1.58242702868076984268342e-01	 1.09228699078632696117808e-01
-7.13960862314613531331986e-01	-4.54863224073147942583262e-01	-4.28712068930394263333028e-01	 1.69560538093528112568720e-01	 2.66109977910653994204182e-01
-4.34417310698674841162870e-01	-3.68214870812172578862231e-01	-8.05485961063457933661880e-01	 1.57843200562903018813188e-01	-4.44668375741162497094550e-02
 2.21674461497152058830906e-01	-7.46441710350928988582098e-01	-6.17097843385653543890612e-01	-1.04838812118223257546790e-02	 1.12984716186922212743937e-01
 6.31542408144558975457983e-01	-3.61382244376917460826348e-01	-6.55785784769885582434767e-01	 1.68711129019590483357760e-01	 1.09720643466732825643817e-01
 8.05035900290918760013881e-01	-8.77040986104743042206522e-02	-4.06191742879705386393141e-01	-3.36731297891642161745906e-02	 4.22018457743572217299999e-01
 1.46215417694318811081544e-01	 1.23061888528116683549918e-01	-8.94500509860398418382488e-01	-1.94498668853752304519489e-01	-3.54282272903930162133435e-01
-3.84011231802600383478108e-01	 2.09715173737738902470795e-01	-8.66060881486385159000463e-01	 7.39228618651958657714829e-02	-2.30280003053422416270379e-01
-2.82831148485967631689419e-01	 2.55872961588590047687930e-02	-8.67129702782628908330764e-01	 3.76062949433136728405458e-01	 1.61290323135479335414644e-01
-1.40248019132844903289481e-01	-5.41250901445169296799520e-01	-7.63882115497786173818895e-01	-3.21247345023800978669470e-01	 2.57334753170010942235901e-02
 2.96013431722207898122434e-01	-3.03971213239705051467610e-01	-8.03184310274379309468884e-01	-3.70844388793275248072945e-01	-1.93253597097791468550909e-01
 5.31619233809628943809855e-01	 5.79131122105735543503791e-02	-8.05148414697113845583942e-01	 1.44524954370920083457364e-01	-2.11838687572776823708764e-01
-1.01109529011207718851573e-01	-4.21818193992767181965675e-02	-9.81339450262005197345161e-01	-1.34143636393840914866615e-01	 8.35220056619862677438348e-02
 1.55582032668229934373183e-03	-7.58898240634644782875995e-02	 7.56671479242520872432465e-01	-6.25142976273406536513733e-01	 1.75735157961319804487133e-01
 3.58352554168797021727499e-01	 1.42753530925199462187081e-01	 8.43382147233581513923184e-01	-2.97354229287469518094866e-01	 2.26918250437499469107649e-01
 1.68393973130210927724448e-01	 5.02387266441164936914276e-01	 7.83286193233399874458200e-01	-2.77975788781721910858380e-01	-1.68649650673531326106058e-01
-3.77085965678770507203410e-01	 3.03525099270416376384674e-01	 6.93977603802738651772586e-01	-3.43657481764200467555526e-01	-4.07398219496220015400922e-01
-3.91723564592990070032386e-01	-1.52480660340436502409034e-01	 7.67139497124581626330553e-01	-4.62360646934075802949593e-01	-1.44989383345307976114213e-01
 1.03141302093652242888311e-01	-4.23054795297287178357237e-01	 6.37111157707500042057802e-01	-6.06267548728584015904630e-01	-1.92134182439355510885193e-01
 3.71253804176778057222208e-01	-3.46041614696051658128795e-01	 8.14860342487071842576540e-01	-2.79028297595690977228600e-01	 2.39091021479714803399386e-02
 9.14269968937669652575551e-01	-3.59712538225635813926573e-02	 1.79579716873518258068998e-01	-2.60762019435544611933864e-01	-2.50141534545282651080811e-01
 5.19150273747640889077104e-01	 5.85001213172487100067087e-01	 5.87929032811043583706123e-01	-1.63828622038285798279134e-01	 1.25523738126997602693180e-01
 1.09751987611594062355103e-01	 7.67512030236049191955772e-01	 2.69027902481514091803660e-01	-5.26446794098667014694115e-01	 2.22165580880286511744615e-01
-2.75154365738509321115401e-01	 6.71221747409744051715563e-01	 5.27219749494117206900512e-01	-4.35166039959138550852202e-01	-8.01329784102041697835261e-02
-5.89974085035405715338186e-01	 2.76422707525040112219727e-01	 4.55667288838164263875541e-01	-6.00194855104777880150380e-01	-8.74901339568843888772065e-02
-7.57251465979127957872663e-01	-7.75212100898125811010431e-02	 5.82600471756127502587219e-01	-2.84505709094210301746131e-01	 1.39237588678886650694899e-02
-2.03692887386747761846451e-01	-5.64580593010607589832262e-01	 1.29478000683526550673719e-01	-7.72239501191443022953820e-01	-1.63216303604843626651189e-01
-6.06857673028656716129881e-02	-7.99704127880242032766489e-01	 4.77934283934435599761059e-01	-3.56008990862985486014480e-01	-4.03356438272745865258884e-02
 4.18738955847234028961878e-01	-7.01100439779136608287047e-01	 3.99807064113369858837643e-01	-4.02722857731706740391786e-01	 1.05282816940489992729724e-01
 6.97904515429558225392270e-01	-3.19978955601489201132637e-01	 5.27138456892581763746364e-01	-2.06883476822802531147616e-01	 2.99778300745451309339273e-01
 9.21389920098527381853160e-01	 1.68400891516488654398032e-01	-1.08795003962064859570624e-01	-2.80393457134483770065714e-01	 1.79512983336435893999550e-01
 6.73671532111316806457069e-01	 5.82265000092151874255819e-01	 1.32522470270020842342262e-01	-4.33491767287954299359143e-01	 4.07040422756165254369876e-02
 2.87516868528564673024306e-01	 8.46808576949867219951784e-01	-1.02508699230698011040097e-01	-4.19883457923943603784522e-01	-1.15927273148000428704130e-01
-1.59797569459381061385272e-01	 6.97612472920787984875801e-01	-1.99450233664223153251527e-01	-6.56488163013030812109605e-01	 1.30554473440324558808356e-01
-6.01065842352545565141497e-01	 5.75762531478845263066546e-01	-6.59135327523231555335581e-03	-5.49371077145674902020289e-01	-7.32484413479131540869460e-02
-8.78466481363764151168994e-01	 1.34578407302528152422738e-01	 1.04917022562674377983427e-01	-4.37556564763458388789275e-01	 8.78747086326155252278269e-02
-6.68377491993225492095121e-01	-5.90904370746571205863518e-01	-9.43756049773059463303682e-02	-4.26909677489408279082994e-01	-1.13775767545208530973078e-01
 4.65039965928221582514013e-02	-5.64465925027951453962771e-01	-1.67081657238145442345711e-01	-6.05357197625171927768406e-01	-5.33705893616688076264154e-01
 1.22078299303426798805283e-01	-8.03031725586195843646919e-01	-1.24161227238911101716790e-02	-5.82206284616609726079162e-01	 3.34457559440324223021257e-02
 7.79037361716739429340350e-01	-5.52145197081963412522043e-01	 4.20947433198223044947817e-02	-2.90538387573284262455076e-01	-4.52984361749531813656766e-02
 7.92824962762174734187681e-01	-1.60448748820949921300993e-01	 1.37636104490431510072312e-01	-5.10865577133110981833397e-01	 2.56432139686312232651488e-01
 6.28765718817222873937567e-01	 2.42032513805650967286809e-01	-2.15778324112425617942179e-01	-7.01175719403177355459889e-01	 8.86919300942772270701653e-02
 3.47916491502757774245680e-01	 6.19458964598061823103592e-01	-1.84113052890534673045053e-01	-5.83490261156524359087427e-01	 3.47658172649985053315191e-01
 3.44845003562794030771421e-02	 7.71861077952001650714919e-01	-5.36728871416932706850389e-01	-3.33275560490548239389597e-01	 6.23763973404070568018476e-02
-4.52085323833446406371905e-01	 6.58817757894553546194061e-01	-4.88141659603264388422872e-01	-3.33891860568931220232258e-01	-1.08682875664888448086209e-01
-7.89209748352134310422912e-01	 2.75209879019970571345510e-01	-3.87525568870838610369134e-01	-3.79461903245089937630752e-01	 8.50887363446001798727991e-02
-8.94391478598378308895178e-01	-2.49237250010427097146604e-01	-3.13448041424663426113284e-01	-1.88584295125284462368853e-01	 6.42725849564837609095846e-02
-2.52166120921595127146730e-01	-6.64731074605314886660778e-01	-3.50684310549978839333107e-01	-6.09363966071677198854672e-01	 1.55215044663995771490050e-02
 1.20991152315977401610070e-01	-7.76733929697535296909905e-01	-4.47661679810924251210480e-01	-3.60007224034287420799672e-01	-2.28121376880519366459055e-01
 5.84248943577038937213786e-01	-5.77030944053479655231342e-01	-4.79022320231107689991745e-01	-3.10125459589219498734991e-01	-6.94820616026918004559665e-03
 7.94095836208622118945755e-01	-1.81069384003789940473794e-01	-2.71380365257655520316860e-01	-4.92128205662780926488153e-01	-1.44181162557285358349901e-01
 2.89004574172620432026548e-01	 2.48145201451834190864432e-01	-8.34769858117038854317116e-01	-3.87777598835296222201663e-01	 8.76819988624905483076688e-02
-1.85114651047726397337101e-01	 4.05401919491255369187854e-01	-7.89730402063405612089753e-01	-4.11052422214089219210109e-01	 9.35074750433676910033043e-02
-5.75493899368082040268746e-01	 1.01848697584237521396311e-01	-7.22118712004633733769765e-01	-3.49945551785562358748649e-01	-1.20483572111642830981815e-01
-5.47494097242919086632185e-01	-3.47279007623444047059280e-01	-5.66464256841027968825131e-01	-4.99033177987032283695612e-01	-9.86490615157690209358066e-02
 2.24176929872633601270593e-01	-5.02394034261567812293947e-01	-5.16861420392888071262405e-01	-6.47588227479346079107358e-01	 1.04061031086914931864662e-01
 6.41715585062891058498735e-01	-9.28452701742464026057888e-02	-6.98550856853500490295517e-01	-2.83683076411636536651173e-01	 1.05505811406444174882502e-01
-1.06631036332332354565899e-01	-5.59608142145461215366531e-02	-7.99764135340391923989500e-01	-5.84816291280875089064750e-01	-6.21726840248646162034873e-02
 4.56083078356582016787968e-01	-1.51797813788088625797101e-01	 5.30463055776394853957356e-01	-6.28620961109254805521118e-01	 3.03957699485284782436878e-01
 3.42670286867270745823078e-01	 4.03051669923103095261041e-01	 5.27729544024468033569519e-01	-6.43755312451518069138956e-01	 1.64945602926163586987585e-01
-2.19590005053551945435331e-01	 2.97974289695289273893763e-01	 5.72234512105598058795408e-01	-6.70726781556106987913779e-01	 2.92685496770549502532077e-01
-2.42396873169235471667804e-01	-9.77592754616473380568920e-02	 4.64733607333592257937482e-01	-8.31711559385129306498641e-01	-1.54807739273120137379891e-01
 1.40641038909409710200293e-01	-4.54545597918894539457568e-01	 3.28932657725632293654883e-01	-8.01072870841865736224463e-01	 1.53928424502299959764073e-01
 6.08429459334791644664620e-01	-3.28469190755920126267853e-01	 3.65572955791875764397503e-01	-6.09988769425238497312591e-01	-1.27246606659660366211995e-01
 2.89740111533049904402048e-01	 4.62302941623741248111656e-01	 7.80463392601735556075582e-02	-8.34349227591729913910967e-01	 9.83835758757797655682520e-03
-2.27551189009155052644928e-01	 3.92108040164826587847813e-01	 1.96131331393610552904505e-01	-8.69208747136374415553917e-01	 2.19179370836447250103785e-02
-2.59709905947154318095471e-01	-1.32738379998508876367325e-01	 5.19899110953182530536765e-02	-9.52360733595072561641359e-01	 7.23696723693567911528390e-02
 4.63973075510631605133938e-01	-5.29895189450720227597458e-01	-1.11410794754901454339802e-01	-6.85632334530127618421602e-01	-1.46410416490902167696575e-01
 6.85203608514654560757151e-01	 1.77045595763185431570363e-01	 2.82959685338367628038014e-01	-6.34473436785765843026752e-01	-1.28561838761840629974387e-01
-3.70078465258689204286924e-01	 2.28516876039002281295609e-01	-4.77950385545938882803085e-01	-7.55266067001027052718598e-01	-1.09355218944671248038070e-01
-6.69938433854135984013567e-01	-1.41507988865772899034212e-01	-2.51911621596815293866456e-01	-6.65700635377113436597085e-01	 1.56656257121132402865271e-01
 8.52950337967466332145250e-02	-2.93911386841211152987086e-01	-2.24110106919344964637730e-01	-9.02839321408994588402663e-01	-2.02476353160150140952922e-01
 3.79382059030487994721881e-01	-4.73522579861345230267666e-02	-5.25876494016566109479527e-01	-7.59551683409896982723808e-01	-1.90307703322250935940030e-02
 1.70702986333265860352526e-01	 4.44871696394514959393973e-01	-5.19569283750032417934506e-01	-7.08562202618898573369677e-01	-3.06109230064135866278274e-02
-1.99742096170400867949368e-01	-1.87558332194453253327637e-01	-4.60033942504748771806788e-01	-8.35163915242721821563521e-01	 1.25678054814173933984023e-01
 2.37193367175430963600391e-01	 4.22556467502859106621926e-02	 3.40593029536160607495532e-01	-9.04002061028255865515746e-01	-9.34367635020704051518337e-02
 9.20799552864938752883006e-02	 1.35063800445048808052118e-02	-1.31318756433037558961630e-01	 9.32025126778117884995822e-01	-3.24689708484338424021587e-01
-4.89384434655414229942139e-02	-3.67223914534850134905319e-02	 5.48366791853839186110520e-01	 6.03548129648571851646466e-01	-5.75569293401538173426957e-01
 3.16199166608857107352293e-01	 1.53757912985001909955685e-01	 2.32023698108469733636383e-01	 6.85407915731848671470061e-01	-5.93933989428584108161147e-01
-1.48905017264422456779727e-01	 3.73420402541061569046121e-01	 2.52803785378632073221894e-01	 7.77291892525965644189512e-01	-4.12664583785900762613608e-01
-7.11531069685280348480205e-01	 1.54908346931079549113619e-01	 1.80378839217731540278677e-01	 5.69301683077613751571278e-01	-3.36282632514766144371521e-01
-3.41529579683212236584922e-01	-1.35990228694303355583273e-01	 2.19855820726862993819140e-01	 7.85063559152632928217486e-01	-4.47440308962208932452853e-01
 4.68393145702241386896247e-01	-2.71911118234883175670547e-01	 1.83753675746697153758902e-01	 7.59015741410841937586440e-01	-3.11130030340276864109228e-01
 5.67110718718815909333841e-01	 2.51287001126734466094348e-01	-1.60072279775447773308983e-01	 6.83110368670617917885579e-01	-3.50681287269714092591499e-01
 8.16182645808257445363409e-02	 4.47248574727032666142890e-01	-2.28778809092421264725914e-01	 7.11446905491656900188957e-01	-4.84572727738624642324083e-01
-3.77766739086664582458752e-01	 2.10774733018544824236784e-01	-1.97408809551367941947930e-01	 7.75801653266854129853414e-01	-4.14762413268989937886744e-01
-3.95134580207349761504787e-01	-3.33085839088906432436943e-01	-2.75708068615623858033103e-01	 7.50251436650322456323181e-01	-3.06643653166293883582938e-01
 1.26734993951568754994019e-03	-4.40518316105737550714139e-01	 1.99886859495484389692699e-02	 7.97030253996481308220723e-01	-4.12656314198402818238520e-01
 6.92624314258820761303070e-01	-3.56980041478392295939415e-01	-3.13792577916972736939982e-01	 5.04543267279939033898017e-01	-1.99517214220448241279726e-01
-1.45028242520834127482487e-01	 5.51501282787666066709242e-02	-6.03709687419101692640311e-01	 7.66779428825105524580863e-01	-1.53327078721043896791798e-01
-4.26500800977386712586892e-02	-8.59535403612076143176068e-02	 8.76441312118961923793847e-01	 2.52465237974066947224117e-01	-3.98628761622791760732554e-01
 3.53277417906503965472353e-01	 1.16503016569790729395351e-01	 5.74190185482550630169385e-01	 2.90188483201235691844033e-01	-6.69117619137571728593628e-01
-9.88091479858994176099785e-02	 4.38152859837341202009497e-01	 5.07937873984091070589386e-01	 3.47888017931282655936798e-01	-6.47481171033586710983343e-01
-4.60444946979131186637346e-01	 1.47520234261695720734409e-01	 6.56351552858056352945937e-01	 3.95773020441203271513331e-01	-4.22841089106090306515284e-01
-3.42660023538353730732098e-01	-2.94135224707370079855195e-01	 4.41888980471584869036406e-01	 3.04732982028379062455770e-01	-7.12699457314873274782485e-01
-5.68337309022374191636029e-03	-5.61867557124136718371687e-01	 5.82340256179317949936092e-01	 3.76488101707259270600758e-01	-4.51008960917122780909239e-01
 5.35682548093534993682852e-01	-4.18373847714363256145020e-01	 4.11063833649583265650307e-01	 3.27198474913816927944765e-01	-5.11835143279626869627918e-01
 6.23769807303160117584184e-01	 3.98203568266699781119655e-01	 3.20781404037240036597467e-01	 2.96150326875205094356858e-01	-5.11604750204933900192827e-01
 2.91141841601610051881721e-01	 6.01832998499112870049998e-01	 3.01606446070461275965613e-01	 5.99911955522496320725168e-01	-3.19644595287187915921834e-01
-3.81063442107747230025439e-01	 5.85771980745114828614817e-01	 3.02431498990226102496770e-02	 4.66049218758289862662991e-01	-5.41798225580255254918427e-01
-7.22581290560907474329611e-01	 4.73066768078492960736270e-01	 2.88457745902281181837878e-01	 2.15074132823858982233034e-01	-3.53014670644355765816158e-01
-7.13416395449887552615564e-01	-3.43024788436017136206146e-01	 1.01397362370064275660653e-01	 4.50306128439675934505004e-01	-4.00392316129792147361144e-01
-3.38837158697224360981437e-01	-6.82196100689189011134772e-01	 1.86544911396626378330410e-01	 4.61891873952804510317094e-01	-4.14312385644997893674457e-01
 1.21328528130929549910810e-01	-7.72057661456671873168034e-01	 1.27627174688949213132716e-01	 2.86313374009329990599326e-01	-5.39390685674073444566545e-01
 3.90785807362017900690176e-01	-8.42728630567932679440446e-02	 8.41476387644745915661559e-02	 2.63309756784618709257728e-01	-8.73940320725057007145153e-01
 5.09691169413625577711002e-01	 6.34844235169182202760396e-01	-1.16586610642590737807467e-01	 3.26143096008916610895056e-01	-4.66075049792217810384898e-01
 1.40320306134736061398627e-02	 8.19158265217428405158273e-01	 1.73104963415885687583184e-01	 3.03537056874719102239624e-01	-4.54623762453585933407396e-01
-6.97196051464086252735797e-01	 3.86940293173913318902635e-01	-2.96916355706768608779811e-01	 4.27306185095461477096990e-01	-3.05687711945292539539309e-01
-6.03752274135786803910264e-01	-2.18079764484151034098502e-02	-2.75533311798352054111660e-01	 4.32913674484004695752759e-01	-6.09651333282623442144654e-01
-4.69873349331400458339658e-01	-5.27952829970385062452465e-01	-4.51117128484964047263617e-01	 3.49975470302495983432323e-01	-4.17726407458734072530859e-01
 2.98661609929968784038490e-02	-5.71978006311299469466292e-01	-3.32380644452476892158899e-01	 3.92555711249486238845208e-01	-6.38257231437652894356916e-01
 4.23092953199850518863911e-01	-6.48222842013164712859918e-01	-5.70999400732553341608622e-02	 5.27774291503934733782444e-01	-3.44954191330030135453910e-01
 7.23229317321855913469619e-01	-5.63233366138005397960598e-02	 1.04184631895180845884141e-01	 4.28614220353904284976920e-01	-5.28396109851436257542900e-01
 2.41069800228738972958098e-01	 5.23338631377130991673141e-01	-6.28113464737114268743312e-01	 4.06414017669494254114682e-01	-3.29094439308331820903675e-01
-2.28435446915613155072222e-01	 3.26173305411710467982545e-01	-6.26105432609506462604543e-01	 4.83863363227692522272605e-01	-4.64000489667965754225776e-01
-5.32978141551993522817554e-01	-5.36216323629620239543669e-02	-6.62532915223513318991877e-01	 4.31076173457521694132311e-01	-2.97123694937256321857433e-01
-6.26712754069988220440024e-02	-1.56132845442860157536558e-01	-7.99568622601869560817534e-01	 2.53490693142436052109900e-01	-5.17810131277375407243824e-01
 3.45025526948307126318127e-01	-4.01992248448648337166844e-01	-6.36050707264110837257931e-01	 3.98036570496056951729003e-01	-3.95431415390589124925214e-01
 3.12393235935458202234827e-01	 7.22972170278617237704211e-02	-6.38583538869762934453433e-01	 5.72008077767543365865777e-01	-4.02742351144065424684015e-01
 5.76562488691141211694102e-02	 3.30466603536674008445573e-01	-6.77748525884699359878027e-01	 7.85179734999099238068609e-02	-6.49584054924273734954454e-01
-8.41613112817360953243906e-02	 1.08057643452970780773015e-01	 6.77345345638061924198325e-01	-4.33390036408881629270695e-02	-7.21502205735088941729316e-01
 6.92532255786300732225413e-01	-5.89548865177513259361319e-02	 3.56517849315523327469180e-01	-3.79217812706787726906299e-02	-6.23201699031629363645379e-01
 3.51439604449170439615102e-01	 2.02510725492818455251154e-01	 6.65783400499851851783717e-01	-2.35878060862070193515194e-01	-5.80149648373405768531086e-01
-3.02744144117916447189742e-01	 7.14525664713955510620735e-01	 4.69337450883532070200488e-01	-9.12364121263639464565198e-03	-4.21234108348981728386917e-01
-4.63581186246552257035347e-01	-1.61487178831235034248692e-01	 7.35495868779757255850882e-01	-4.33123897123729728608765e-02	-4.64956168618808507453366e-01
-4.71880175033932772188372e-02	-4.24527838283085212633949e-01	 7.64312130532280642469800e-01	-1.79753000366413256960740e-01	-4.48402978923276240852402e-01
 4.26173568542999259278758e-01	-2.05778036302578182237255e-01	 7.92776554546167910864085e-01	 2.46222062414713505074104e-02	-3.83315236812325932369561e-01
 7.30492712394568588507582e-01	-4.35521875281562997894724e-01	 4.60329350377311319331142e-01	-1.11156984863695545984186e-01	-2.29002417425824694729997e-01
 8.86876056397742695835973e-01	 2.94747040113850278242325e-01	-2.72666293633558390330229e-02	 8.82916341423020945011757e-02	-3.43563911370440178139063e-01
 7.03633842532136677405674e-01	 4.00368385965596540465583e-01	 4.49140395640055811732338e-01	-1.62473968908994181870042e-01	-3.41291203511043639284850e-01
 5.35101700696458015826806e-01	 7.73339361971128513850715e-01	 2.64173935623525313332038e-01	 8.98634744883360925271631e-02	-1.94291247430006669416613e-01
 1.11607422232860603594773e-01	 8.42055993453749263011332e-01	 1.30581254406964830661053e-01	-1.62244955299632259704268e-01	-4.84882045108373738173668e-01
-4.96299391960891678188261e-01	 7.69021878672398684351208e-01	-6.34594724689025169173107e-02	 1.79969921316635445007748e-02	-3.97418252337012056774057e-01
-6.37163730680685325147294e-01	 2.93101222718546328138700e-01	 6.87909714135361838316385e-01	-2.44732177136966055214229e-03	-1.86784071484470959312318e-01
-7.49970070738830152379251e-01	-4.35954652872813791519846e-02	 3.05218332228263888872277e-01	 1.11663952391883508630244e-01	-5.74471287194059820890857e-01
-6.17129123147797886694832e-01	-5.25474108943815410022182e-01	 3.72470107544374706698420e-01	 1.15117131464836514043171e-02	-4.51843009947977825024878e-01
-3.64295708093236525471070e-01	-5.95587920422854688595748e-01	 6.91118900205678787784791e-01	 7.98829038617668713007092e-02	-1.68929137688947295092845e-01
 1.31222608553723446567219e-01	-9.55112906623487467605571e-01	 3.44036132848733119948825e-02	-1.43553964553775753598686e-01	-2.20790881286858781118454e-01
 4.34229965828951514072997e-01	-5.36297021057842604463417e-01	 2.08864056350240107073901e-01	-6.96370707749725120772055e-02	-6.89460895424444442092238e-01
 8.24664975394599819580321e-01	-3.89018891888182116733930e-01	-3.24468006326162792737899e-03	 9.47269819566650267406160e-02	-3.99510013707020217310628e-01
 7.29656182729043645274203e-01	 2.67026011677964879298397e-02	-3.98702704393005369354341e-01	 3.05924050140965186894704e-01	-4.62963773044075321827506e-01
 5.50888289450102708322277e-01	 6.47056820032328672276378e-01	-1.04410820282183260804265e-02	-2.10375397515111056678805e-01	-4.83190169729092566797135e-01
-2.44558846823574017013969e-04	 7.53628084432679923310161e-01	-3.10123950482904697789621e-01	 2.63375957185834896900900e-01	-5.16237242998431988816321e-01
-4.20659457449315987709326e-01	 5.58706160824964381816926e-01	-4.97971106847907685200028e-01	 6.42472112841086517853739e-02	-5.08714182327916542014634e-01
-6.64881200878229772222028e-01	 3.34702351841441869684246e-01	-9.95359903506979337706184e-02	 6.14745595135477163051263e-02	-6.57435007851005503987096e-01
-9.52287609013444669159298e-01	 4.13945720895349186796430e-02	-7.13308469774266012963793e-02	 1.35135666633404122327633e-01	-2.60931142246396963191302e-01
-7.22845317746674820291730e-01	-2.37418838782641361540016e-01	-1.64288368495108999534082e-01	-7.02097481270785427759362e-04	-6.27802342014708525397282e-01
-4.03450482304004542921660e-01	-6.30430898421959096111777e-01	-2.91517848340010939101052e-02	 3.73438329642048691403566e-02	-6.61468217092915811150533e-01
-1.99105417730513684082538e-01	-8.87093308760936727352941e-01	-2.12863792753120256717736e-01	 1.97211948930599595408708e-01	-2.98695408594913280886374e-01
 3.49124443104683768179797e-01	-7.77262392162227366831928e-01	-4.02252769519433284184373e-01	 1.43716092709893716872216e-01	-3.02512299034672416109260e-01
 4.94107317959258052209037e-01	-4.31840863626999249547112e-01	-2.28318044762996968932711e-01	 2.13779622905533206456141e-01	-6.86688117056765690016107e-01
 6.48738467163900378587016e-01	-3.68336580849584871444335e-01	-5.66268607823212644092337e-01	-3.40478756656754297238443e-02	-3.48779544105564498490679e-01
 5.75071795751772474325492e-01	 4.25432614527342600752036e-01	-5.06243297229486466370929e-01	-2.11589462738376050260358e-03	-4.81677036225939214642011e-01
 2.15465931266278609701459e-01	 5.64607223454295259479352e-01	-2.68715466881413067579132e-01	-5.32589131465674645027342e-02	-7.48163485954732809801726e-01
-7.76721674214781110379135e-01	 1.86054320743139850469205e-01	-4.99706683542595675451281e-01	-3.43280626714818817152297e-03	-3.35214374396129666244804e-01
-7.02974746107479675494289e-01	-3.15933075490929748951885e-01	-5.52607414163745480628620e-01	-2.79897438374628777790765e-02	-3.15997497137459559812811e-01
-1.02351551696426679161078e-01	-6.76303467866752994197554e-01	-6.62245775625943777775717e-01	 1.00749927478131717784038e-01	-2.88821335769157860884349e-01
 1.78286656047704605843052e-01	-4.68090771398671112724088e-01	-6.24535056943591460054677e-01	-1.30336439042278623423599e-01	-5.84870304694098730458052e-01
 4.03439685784276635960310e-01	-4.04441562637187362883040e-02	-6.24765717502605122390946e-01	 2.68700917317143544993385e-02	-6.66743193862662897331006e-01
-2.55056587750545571413596e-01	-2.34887500278089023098005e-01	-8.40469611283337525442505e-01	-1.73901466973522350611958e-01	-3.78342584904014456181898e-01
 3.98192593838712152742865e-02	 9.30214106184390661369310e-03	 9.30768976495768618484306e-01	-2.65992147501073306070651e-01	-2.47477648717156412105922e-01
 4.01087349547423033246929e-01	 6.23228180488087507571393e-02	 6.83533662166032951468253e-01	-5.64592827627371951493274e-01	-2.21949264610402680064638e-01
-1.04653199658242771624694e-02	 5.25401309883231526498548e-01	 4.93938186170043647127414e-01	-3.31213199369222721646366e-01	-6.08413367257532033960388e-01
-3.25243026424324899181784e-01	 2.80348616612998036146109e-01	 2.88089878552774292241878e-01	-6.87388266635127087589296e-01	-5.10022763897188813331240e-01
-6.26462715045080442699543e-01	-9.31917512100885192527500e-02	 4.27374705611135885519047e-01	-4.21727474864100448925797e-01	-4.88217740473743722073863e-01
-3.26014216661245193051855e-01	-5.32072525547753416574892e-01	 4.64645258075168487987838e-01	-4.79478721265322649358609e-01	-4.05978445356426520529425e-01
 4.09356702437284614148894e-01	-2.79826591699695093051758e-01	 5.50769915897345918587291e-01	-4.01529714425163164470689e-01	-5.38099021485341499904109e-01
 5.81177114025481111880822e-01	 2.15793925024188343320120e-01	 1.78201520604270302605698e-01	-4.47565095442426230665234e-01	-6.19351150359475743911730e-01
 3.98386720149325079809444e-01	 6.01516034541497379706243e-01	 3.88040424036929121331951e-01	-4.88511775176326268343985e-01	-3.00411977499982496553343e-01
-4.25760870139263114531047e-01	 5.98638820206866650863731e-01	 1.25882975393084378668007e-01	-3.83231489875362152375260e-01	-5.45569744463237693565816e-01
-8.10978152344756564318118e-01	 2.85524903023540610469411e-01	 2.16934124081322010635375e-01	-2.77276294555730606905541e-01	-3.69928923523690167396438e-01
-9.02974381586386320996951e-01	-2.72816748825455368532289e-01	 1.94666626474849724370841e-01	-1.61603337932049534453327e-01	-2.14936161371494044436403e-01
-2.68041730378776599241775e-01	-8.07249472938282863765380e-01	 1.84812781540187771878170e-02	-3.83214250060435190903263e-01	-3.59593103555710225105457e-01
 2.87282343371580317636926e-01	-7.08219401220676725294823e-01	 2.55773630866346135537270e-01	-4.55551230611810353821056e-01	-3.78083404770786779547365e-01
 6.13348210067839683112823e-01	-2.90972471720461034472294e-01	 9.01188362507167189940915e-02	-4.79085974111151946530640e-01	-5.49084892043341321610228e-01
 7.84582965227911266481442e-01	 3.15352639831846415230387e-01	-1.76195010918775707420281e-01	-3.94250199796778111327455e-01	-3.13854076463564446441978e-01
-1.05011682277774257010527e-01	 7.80831612138687791713210e-01	-3.11957464139969886662840e-01	-2.74933246668651876110090e-01	-4.54278318339851550078379e-01
-6.26264099247406003101446e-01	 3.99371443059097885885933e-01	-3.05810497394906843915408e-01	-4.00950651779229561011419e-01	-4.40470479128419800662897e-01
-8.30370636771035286471943e-01	-6.10883415134651774902608e-02	-1.89743932442255236470174e-01	-4.10936090576370594007471e-01	-3.19188956078930330395593e-01
-3.58520414284062061138769e-01	-6.33343021777467152233498e-01	-4.31655694013206969739116e-01	-2.82345297749976797963001e-01	-4.51989185680171601244837e-01
 6.70657068671570988360742e-02	-7.17725979442807249242264e-01	-1.90434908671145514125200e-01	-1.22638769731110403027330e-01	-6.55031210793442841833212e-01
 5.26224089007547690677313e-01	-6.56157950645245957588259e-01	-1.92156813577670226855787e-01	-2.62611539111040848126777e-01	-4.32036908694863885926907e-01
 7.56251158066952422487361e-01	-9.56051763314405556037912e-02	-2.48501176772531945369238e-01	-1.81217234904569812758979e-01	-5.69518494078319226225915e-01
 2.02373211922790174899234e-01	 5.29001478701820904149145e-01	-5.93394537346553896384194e-01	-3.74339950828868839316499e-01	-4.32382981728061999149304e-01
-2.40650370229183563353104e-01	 3.17848799906781886992491e-01	-7.05512853875443712858839e-01	-3.90924689042698225716066e-01	-4.36450501454371309062452e-01
-5.02838936171752459713957e-01	-1.00254438295388992319346e-01	-4.94667938073875379512145e-01	-4.01502311642910558742159e-01	-5.75501152612986399681461e-01
-7.99987050797539289703764e-02	-3.49038734375843762158809e-01	-5.82378010416129021642462e-01	-5.92036700361373902090634e-01	-4.26732430803940354646642e-01
 4.16616599259437336844059e-01	-3.00332053025116230138281e-01	-4.42679857969668522077455e-01	-5.47130680980398298451917e-01	-4.90829734658669747382476e-01
 5.59794330947835483414110e-01	 1.17951910008947113972511e-01	-6.29415816323659393916046e-01	-4.04469170371252517703908e-01	-3.36092359842824262017302e-01
 1.50718354032078963311569e-02	-2.72578869554461998558903e-02	-5.90604234204338052194316e-01	-3.12302307960857394864007e-01	-7.43427033647910739944109e-01
-3.10123266863762854506081e-02	 3.07706981715138661037656e-01	 6.42609977565164136592557e-01	-6.73955195474864376947721e-01	-1.92850875609610561411955e-01
 2.18106735067621820833850e-01	 2.00145690580598140106972e-01	 3.37509658560417202810555e-01	-7.01486678366069038581543e-01	-5.53511359516249967782642e-01
-1.84824231387104888357786e-02	 6.52872394460774163604810e-01	 2.07455620078511038251179e-01	-6.65210203577129899343845e-01	-2.96434794416396141247816e-01
-6.46225127781670960480653e-01	-2.62800990873832462924042e-01	 2.23710247285583835319400e-01	-6.70260340436319990153891e-01	-1.18463178738821728330777e-01
-2.60893951995677220168091e-01	-2.00089298356610878482087e-01	 1.62215303917246839171540e-01	-7.25922806428430322789325e-01	-5.81911413169859725869060e-01
 1.99753390994715895878642e-01	-3.10297573759602152154713e-01	 2.42731607786912439994609e-01	-7.98640889280981314257701e-01	-4.08739642137486092199339e-01
 3.65265547443721472209432e-01	 4.95298273763649432588352e-01	-1.77694357229871285897005e-01	-6.66426697651239519082367e-01	-3.81524405410340217148502e-01
-1.76669785999530315478978e-01	 5.50939156613554970043367e-01	-2.68583562632745964648961e-01	-6.89297265452324503520742e-01	-3.43490876368317377131945e-01
-5.65240406377832016460161e-01	 1.52101309432756487405314e-01	-3.92199313896065757112375e-02	-7.68959267917684985427229e-01	-2.54031328642663145611635e-01
-4.02007996380206622522024e-01	-2.70251678180385368488459e-01	-2.51089635839070179912369e-01	-7.67380065567673463888809e-01	-3.36801768152444780390908e-01
 1.75798834216847527089911e-01	-7.93054897239508782558204e-02	-7.49259742980267068324096e-02	-6.36887857333458651254432e-01	-7.42674467545727079453854e-01
 4.89110386830225785104176e-01	 2.36571008893239793924312e-02	-1.04329696149737860544349e-01	-7.88777658721522945128868e-01	-3.56590087741366523754749e-01
 1.06745456082071796255484e-01	 1.11937257234738823941100e-01	-5.37314371101034859989909e-01	-7.19015949097157047731343e-01	-4.12776924743629536340705e-01
-1.72499446588944664593424e-02	 1.58639410626204263587979e-01	-4.47269530143001581290463e-02	-9.26361945683500276338407e-01	-3.38214461649663677977884e-01
-4.91592121409140173082797e-02	 3.87531824184189008231094e-02	-2.83155240536558557018498e-02	 6.22335620526321520173951e-01	-7.79729548776891157046975e-01
-3.99945034138424609926332e-02	 8.96763983210760451392218e-02	 2.82626725163822423159132e-01	 1.92519317337239342924349e-01	-9.34567830580539604667933e-01
 1.83001375588191961263362e-01	 4.60512556013018936607040e-01	 9.12642894222007450277800e-02	 3.84922144859889958645738e-01	-7.73268681739994190316168e-01
-4.38699761953986022700036e-01	 1.59856281829027224716810e-01	 2.15083267364982816394203e-01	 4.31531664428954631063107e-01	-7.41288134746600380076131e-01
 1.49930611241287259360888e-01	-3.62034039758107550888155e-01	 2.43098458397926070473360e-01	 5.33618800882793120621272e-01	-7.08947304627220553641109e-01
 3.39501189783484924600288e-01	 2.54901885918460302526967e-01	-3.48029523428061648981924e-01	 3.96067843703641009334149e-01	-7.36050055836690475530304e-01
-2.04564155811569781118209e-01	 3.23533192069748010144536e-01	-2.82561140005700095478858e-01	 3.35691985611443310943969e-01	-8.12988236533090935509449e-01
-3.30142211078963687675980e-01	-3.54911267188967260999277e-01	-5.16032066160585917158343e-02	 4.58138818359395072477014e-01	-7.43296740922097742831909e-01
 3.65909629383319945361563e-01	-1.89152492482574569043763e-01	-2.32927960270826489574958e-01	 6.38114011750905207875917e-01	-6.07360314017494129501529e-01
-1.09577426287835691387507e-01	-1.39115418838798493572639e-01	-4.72688967423157968550385e-01	 6.24941869104592484518435e-01	-5.95527067567819923255001e-01
 1.43572406877608693687165e-01	-3.11921625918522016362999e-01	 5.46855853861679230831783e-01	 7.22207693151756396909846e-02	-7.60147813812849126868798e-01
 3.04034298614008435812650e-01	 4.42917772302097445535907e-01	 2.76699465937657651526393e-01	-6.95426536133150474672249e-02	-7.93717970770140057723552e-01
-2.05385393217751066607946e-01	 5.52096688576807270720792e-01	 8.79213228897143123097280e-02	 1.50591429590208360222992e-02	-8.03149519024929925414824e-01
-4.76975918408305499252009e-01	 3.00172727860743948635758e-01	 4.22693405050247106302663e-01	-4.80652375870510017996651e-02	-7.08103329302949391355071e-01
-3.49374789083680858947645e-01	-2.56949691738015295605635e-01	 3.45392329990154123287027e-01	-1.67837828222260010413436e-01	-8.15137236586625402168238e-01
-1.22800881500059425044391e-01	-7.26900539453920857546620e-01	 3.82154850696854953007175e-01	-6.62276994631818272107893e-02	-5.53269474268268224292910e-01
 2.85284190768721024333843e-01	-4.86780586255219430147356e-02	 2.71531556097690529583133e-01	-2.57260170025099987878292e-01	-8.81096587252333862672060e-01
 9.63751734204325999355589e-02	 1.33579109801001683077715e-01	-1.58928049300184282000004e-01	-9.28518772743110731848759e-02	-9.69014371103560145925826e-01
-4.13195110259558628929000e-01	 6.87282404855542178312433e-02	-5.84325873881102353379902e-01	 6.15132946312515332953907e-02	-6.92333458323405093182146e-01
-3.71785875953489608480851e-01	-3.26006516872199975098923e-02	-7.86137484580057555039190e-02	 5.62512942139724095302888e-02	-9.22696120292970434206836e-01
-2.78655414689322200594290e-01	-3.81970399036012597804302e-01	-4.81335299086786516653547e-01	 4.30953530751026908651724e-02	-7.36823516536325717751765e-01
-2.86511594570238586898725e-03	-4.00933151092449147068209e-01	 5.31643842203625843767512e-02	 9.61607200015393848158141e-02	-9.09489452190047176216581e-01
 5.95248683406169765142124e-01	 2.21430538964282636049674e-01	-7.50220819485955953132006e-02	 2.90940940814364210065257e-02	-7.68227012169506728866963e-01
 7.35021694744028286638837e-02	-1.25970630784397241708206e-01	-3.92427241880708099763808e-01	 2.40760151218342377532622e-01	-8.75650752684857924812434e-01
-7.42379462158381520087147e-02	-7.45355461141227193522241e-02	 6.03749996865564853010255e-01	-5.16105101425050172281317e-01	-5.98376675075986796947802e-01
 8.66795816525447182510078e-02	 4.77323444456706380556454e-01	-1.59404501982214029387475e-02	-4.98399800281256355471982e-01	-7.18326193747386154697665e-01
-5.68292308754945518778356e-01	 7.93514933179347431435602e-02	 5.03068776523843842057859e-03	-3.70333646537161165213092e-01	-7.30462096717745645868547e-01
 2.54675923136603449270510e-02	-4.60438395762659602450384e-01	 2.51071301363239851589526e-01	-4.06207486446679255642778e-01	-7.47868013111734453168822e-01
 3.95807238051646526066918e-01	 2.10518780750779510579918e-01	-3.42728560585923935910557e-01	-4.08916737804414176515877e-01	-7.17176901858410986712045e-01
-2.48092573811922678661546e-01	 3.68824445998620631392839e-01	-3.26980005299124465434346e-01	-2.48568747752492852365336e-01	-7.96062972778239674731537e-01
-5.63672550360063473462446e-01	-4.36502815793780252207057e-01	 2.27898259925278338922094e-03	-4.13187477380960843653668e-01	-5.66576969659509765975258e-01
 3.41827008046173275168655e-01	-2.87323472330900941962284e-01	-2.14294911959255818256764e-01	-2.18619771955815472841422e-01	-8.40763108631841227236237e-01
-1.90560183859605158929185e-01	-2.89660738106228166088840e-01	-1.98747574348073524630465e-01	-3.55526059416400030954719e-01	-8.44916620675526641726094e-01
-2.27085596708836073842619e-01	 1.34263405246284661664902e-01	-2.65039760039775751376823e-01	-6.62872921825750305302449e-01	-6.48659298004210183030693e-01
-1.45170401269492543860906e-01	 1.51525751787474988185878e-01	 2.25077944311517397224520e-01	-3.65621890080100431230647e-01	-8.78422480142244221923420e-01
