-1.08353809366641365419248e-01	-6.88753155014042300896548e-02	 4.30486956153508584788092e-02	-2.89343313011499236875324e-01	 9.47598490887182620667772e-01
-1.97451819781719085933336e-02	-1.22351634718209950625223e-01	-5.73004617932196536056466e-02	 6.67303953773873415045159e-01	 7.32162752143586281761145e-01
-1.10485259401395544132107e-01	 8.20318596764637031348855e-02	 1.46615041831200693112081e-01	 2.83562936090695716373489e-01	 9.37635255436508496806880e-01
-1.34046989633075736003676e-01	 4.68564954206963479865777e-01	 3.77180606710760923938608e-01	 4.01378769846463590020846e-01	 6.77575207115179267702842e-01
-3.54926078820500534583005e-01	-3.74056374282068337944196e-01	 3.13009337494804668056148e-02	 3.73974211460217753622004e-01	 7.70242071131651440119015e-01
 1.24617349405516678051420e-01	-5.77572174952560413174751e-01	 4.11965112498479113511962e-01	 3.39445360595104994594351e-01	 6.04931807894316997398221e-01
 3.11829594402349585813283e-01	 3.22526140292601848358345e-01	 2.86366087068548949567948e-02	 3.86489485067961380249102e-01	 8.05322926195756294553973e-01
-1.18111983167321285548290e-01	 5.13619934184790238873575e-01	-1.75279369363528308989331e-01	 5.05343189422652994124974e-01	 6.60416176528072607077036e-01
-1.47470362827158280039086e-01	-3.22416632194367225316967e-01	-3.87497545855386427149369e-01	 2.07839654140022450645731e-01	 8.25195938850329602232136e-01
 1.67052745383338224760550e-01	-5.35382207044350688640577e-01	-8.95222853003741630972812e-02	 4.24967491261801111335217e-01	 7.04874218882673431174624e-01
 1.50364851643884495091541e-01	 1.24855771853803948490125e-01	-4.24810898428937544490935e-01	 4.67841849927117470198112e-01	 7.49974100657932796210048e-01
-2.55949848536245305741232e-01	 3.49761484333223404696867e-01	 4.89948155668684548480485e-01	-6.67783559239368690318983e-02	 7.53424206571731924775293e-01
 1.65253006762473925173040e-01	 3.04544661458736432013694e-01	 2.45263709681942915219466e-01	-1.21207947326980508551131e-01	 8.97272722838924341459688e-01
 2.28793902263436446653522e-02	 6.97503626633154016900562e-01	 5.84469860433740398542035e-02	 1.09088319351187318373420e-01	 7.05442352527864025013571e-01
-3.63705171784153069580725e-01	 3.73656919508417340036743e-01	 2.41910520921289522514042e-03	-7.50848202616716253743334e-02	 8.49973806783008489773579e-01
-4.44117917685955154727395e-01	-1.25891279335719974419305e-01	 2.86296598393960821660187e-01	-2.86899996725185346679865e-02	 8.39119659312272836437785e-01
-6.05131313779254664808605e-02	-4.97881639540038001268130e-01	 1.27639161651583982193259e-01	-1.73569231556475467304068e-02	 8.55487589372991186209561e-01
 3.08793530135287985771697e-01	-1.67612928049322956747247e-01	 2.92535729842125058475233e-01	 3.70231851500135322741158e-01	 8.08643113491877008058850e-01
 4.48698284029664523631098e-02	 2.95143911071382825106468e-01	-2.63900723748817234159958e-01	 3.00679657809447310745643e-02	 9.16694657830633641282247e-01
-2.75465597422247909786819e-01	 4.16227591192634638339598e-01	-5.25538871104473948037139e-01	-5.01109598013667958960049e-02	 6.87147061139609327540256e-01
-3.66497063501376785232821e-01	 1.34797724687761438788769e-01	-2.72431814803429483973218e-01	 3.74383065437751627602125e-01	 7.95693221323527710708845e-01
-4.58092318688742117238633e-01	-6.30113206768959516201889e-02	-2.79545346785685933088672e-01	-1.15639437961950655719967e-01	 8.33464408660166022890792e-01
 2.13739587615342618853731e-01	-1.62562021906813958249671e-01	-1.16204198098961181129241e-01	 8.90216717540229934835239e-02	 9.52082298975192808931922e-01
 5.23092430006510400453124e-01	 1.06034698235118782227993e-01	-3.63600705582981853503100e-01	 5.81753254589196105994731e-02	 7.61275975482858524578944e-01
 2.43899942372380829080925e-01	 9.75817062382847433266164e-02	-7.59121184692838846252982e-01	 1.24200732478512529399772e-01	 5.82494492438097033470967e-01
-6.16183186286074630055865e-02	-3.33295044759398736977651e-02	 5.06919189632614175522463e-01	-4.86932065374669875712499e-01	 7.07829376215019512308402e-01
-7.97053635133352644803750e-02	 3.76012628174247520718154e-01	 2.05583331551917769530746e-01	-5.36354614984140498634702e-01	 7.22717634525359420294421e-01
-5.28179055989147938632300e-01	 8.57986181738836506394108e-02	 8.83531870537548613686596e-02	-4.78645071149246537078881e-01	 6.90476713681092646446302e-01
 3.28330252850038473155792e-01	-2.10460566882521071807588e-01	 2.63962172067472911063390e-01	-3.76127482352770992068969e-01	 7.97970979163594384964142e-01
 3.08763373532399298948548e-01	 1.87299677808677150769867e-01	-1.21873591429663030716313e-01	-4.23723016224089088499483e-01	 8.21699241262673685248785e-01
-1.98238633203705577612297e-01	 2.23290550171889645714174e-01	-2.97078342562525576919796e-01	-5.40509476906419039643481e-01	 7.28310880231864743450387e-01
-1.44661418692035970146037e-01	-4.58791055992328278279047e-01	-2.76010179427007840136099e-01	-3.23445887534180465117117e-01	 7.66671363475478373494809e-01
 3.87161731125688246546446e-01	-3.11074053783530757311127e-01	-2.72333198665955900086288e-01	-3.19043468015817399674461e-01	 7.59858290364229693736320e-01
 1.06448159266085123214607e-02	-5.97370912455272781715898e-02	-5.35850189713850566519682e-01	-2.08188471272048647442432e-01	 8.15990381338193349058940e-01
 2.65702477591262010980788e-02	-1.49758169914625455243495e-01	-6.79808998110688761373765e-02	-6.97456345696854773663631e-01	 6.96993368394497547768651e-01
-1.69422094473272374925976e-02	-1.97339181397118812455460e-01	-4.95301315979882264550760e-02	 9.43399045733982033468124e-01	 2.61371795717625476918045e-01
 2.67357798945337642171349e-02	 6.54041961617762152014777e-02	 3.77993427955615357571872e-01	 6.97217500658925626311202e-01	 6.04992739125972511793350e-01
 5.11587323864220788749435e-01	 3.86332696701856881382753e-01	 5.38842021947994131991777e-01	 5.05888411050869346574643e-01	 2.06764717657389379690258e-01
 2.30551869665462816350043e-01	 5.24303607059807386114869e-01	 1.56113915157459481886093e-01	 6.72306441673254262525461e-01	 4.42248863194345975813349e-01
-3.98197088082674344189371e-01	 8.98976960892729770602472e-02	 5.78861215604142276269783e-01	 6.04679776589231776640077e-01	 3.64197122632251402141179e-01
-2.39014120242468763866128e-01	-4.74954556584907261473916e-01	 3.22046565757317881928401e-01	 6.60417615378156797056874e-01	 4.21218473343821175891577e-01
 2.86803722652922588043367e-01	-3.49657934368102163436021e-01	 2.60857307349390721284976e-01	 7.43712278180481911604716e-01	 4.17526605250348681330763e-01
 3.13244007879477537326096e-01	 1.10719754565517247701933e-01	-1.28848798109404361067476e-01	 8.13175043746678150036189e-01	 4.60177860104007407926474e-01
 1.75718642242402023345704e-01	 4.90108589475949485425588e-01	-3.94619884761802208750225e-01	 6.88785721828724439852465e-01	 3.14270433298850071501818e-01
-2.63183220050821009561304e-01	 3.55809490850782395021668e-01	 1.34660840046007035386566e-01	 7.66135279440575800435909e-01	 4.46136067426522509027365e-01
-4.77604016939281672549100e-01	-1.09380416742228911419765e-01	 6.45882508351409700964041e-02	 7.34497711760223603860709e-01	 4.65050316320515189083551e-01
-1.67853016573456970128575e-01	-5.67820788819340505071409e-01	-1.85309577563208566219899e-01	 6.75618162729873739102970e-01	 3.98252903648708800332656e-01
 6.80423863733266021114332e-01	-1.94268619822031834987186e-01	-5.83652938052621386016972e-03	 6.68265939564301358899456e-01	 2.29498666570785797569343e-01
-2.20635361957387005071851e-01	 1.31996079866047583140087e-01	-3.67164153140078497461474e-01	 7.73884994845124851714502e-01	 4.47425492519613499098341e-01
-2.21017625145922574914081e-01	-2.04654126433704508514211e-01	 5.06405336747250300888368e-01	 3.93636901297324537374323e-01	 7.05600115334073740847032e-01
 3.03296030871800903483404e-01	 3.32398969714131797825729e-01	 5.30310788333169469410677e-01	 2.38742651484545514994906e-01	 6.77712960426445021333564e-01
 3.16451956981744011998536e-02	 3.56665343287569658325964e-01	 7.14772953481211392734451e-01	 5.03359712885682597516279e-01	 3.27897909267767795338244e-01
-5.35250777155411583407840e-01	 1.81948865205394466615374e-01	 2.27201573268338563593716e-01	 3.83731706839993524926768e-01	 6.93924086824383334892730e-01
-4.10154378074371106510654e-01	-3.24051516691421959137642e-01	 7.32471114646421894711636e-01	 3.70838416971274453803886e-01	 2.29627819271277067159076e-01
-3.49467295596462765305823e-02	-7.12590446803091470684421e-01	 5.54426253942029378940504e-01	 4.04876565418818723518513e-01	 1.40285697533728187513802e-01
 3.54132085374240734854112e-01	-8.38161062868163497796559e-02	 6.70955367175689820768980e-01	 4.56963562464872019575068e-01	 4.56693030681394440684073e-01
 5.67551313508931620788189e-01	 1.14374502271814740272937e-01	 2.48279248664466489771030e-01	 5.74612850431081012558820e-01	 5.22476283257371498791599e-01
 3.53416763140004919208081e-01	 7.67272188917023423293529e-01	-1.28861222029687527701469e-01	 3.09227384246521519450823e-01	 4.17328635412417880967695e-01
-4.39019655130007790955204e-01	 5.53515308151571017170056e-01	 4.83424893447901959930846e-01	 4.44303921220568720507060e-01	 2.64153258610057228850110e-01
-6.36725888061226874548026e-01	 3.11688980604959475773086e-01	-1.79746045393029768577620e-01	 5.55121683616765504432067e-01	 3.96183541286280249682505e-01
-7.01970654023533757737141e-01	-3.04035474574165964778416e-01	 2.93211299172797645873345e-01	 3.73171770250400491875098e-01	 4.35395906062306270456475e-01
-1.60528173833235310308254e-01	-8.14374716800771669689141e-01	 4.35729510363129096672807e-02	 2.57858127788442581529438e-01	 4.92580054318945970148746e-01
 2.32370601318796110579257e-01	-7.59844415346525581256287e-01	 1.04186205394046993433221e-01	 5.53873675787628805267104e-01	 2.25852947699444361884247e-01
 7.27518777161213381354798e-01	-3.09876075386935401212440e-01	 2.91206512281352081217278e-01	 2.99370290182689235969349e-01	 4.47514740920906983756566e-01
 5.88985964649905824330745e-01	 3.63088960709102959167893e-01	-2.91965340446410870356431e-01	 4.36096537280159401994695e-01	 4.95820522171954214396550e-01
-1.39231103662790151043183e-01	 8.39484203581213450640064e-01	 7.72223384884417052287375e-02	 4.33370676101691443271591e-01	 2.86544131407356572616152e-01
-2.94326992417450861161399e-01	 6.16732951438750842676484e-01	-2.56456121516524415682170e-01	 6.66980862091716253381435e-01	 1.49595706770741326829821e-01
-7.50229202741929612763272e-01	-1.28009391777032938142256e-01	-1.39403010348164935194859e-01	 2.25068585700572920682561e-01	 5.92182971223165099949881e-01
-5.99720873348264071900360e-01	-6.12100220445794374057868e-01	-1.12957081265110073631242e-01	 3.75239760684025536185970e-01	 3.34819375177823508327180e-01
 4.66769614565587021015602e-01	-4.96534575308853698416556e-01	 1.02936509911021142893439e-01	 6.47777446526971636270309e-04	 7.24557242564635051174093e-01
 5.67246479346209975247461e-01	-6.52093105517995708098056e-01	-9.31707830059113756293598e-02	 2.96961303812411703262342e-01	 3.95144533857326396564247e-01
 5.48892003892729518632621e-01	-1.88651655619373387340332e-01	-1.55956736579361265881971e-01	 4.40208723656906608656669e-01	 6.67099615369823206734168e-01
 1.47569412256510157366307e-01	 5.76567923071875210183634e-01	-4.94111772755590483718890e-01	 2.16624415528774677541790e-01	 5.95583845711077919382603e-01
-3.16874418363811027887778e-01	 4.94072490150901821870377e-01	-5.87931570986875096096469e-01	 4.04325385091338529441884e-01	 3.82544674868608491902222e-01
-5.46943516255252504265627e-01	 6.92696558547053337084876e-02	-6.46759106299828800956675e-01	 4.79679299311076168255141e-01	 2.18323001616395506729873e-01
-4.89910162363321799450233e-01	-2.64332464283359158674358e-01	-4.01003154624368807201762e-01	 5.26980180944900844508538e-01	 5.01602173053122490919975e-01
 2.79345540438678020811469e-02	-2.78005276212363261478799e-01	-5.51421837995371366680786e-01	 5.84243348951394181334251e-01	 5.25857768675450198969656e-01
 4.88838437817744664304342e-01	-5.80487692199449165086911e-02	-5.42320688136123219003082e-01	 5.62986514239945501358875e-01	 3.82886116368136408816270e-01
 5.78907227261266348755653e-03	 1.50600672532126084179893e-01	-7.71473453015754206951726e-01	 5.34974247002681480012143e-01	 3.09705005466421989801518e-01
 1.65221514268803104652505e-01	 5.08368713665993565697931e-01	 7.93292444320985667971513e-01	-9.48384960210469848962411e-03	 2.91307838151099285362022e-01
 6.16959083558655474455179e-01	 4.85132623894350523130470e-01	 5.81911337271215134414604e-01	-7.78351284024173528663937e-02	 1.98314686268192957863121e-01
 2.65610966597997433247258e-01	 7.53082485400205614567426e-01	 4.05538213682352155498023e-01	 3.01935046786529326379167e-01	 3.26636754471492374296560e-01
-1.62173670715032469669126e-01	 7.39330888172165634486532e-01	 5.00642783812578429092355e-01	 7.14669155928113475351182e-02	 4.13930937854868341574388e-01
-6.09921110031875435275595e-01	 3.15553006374463818062281e-02	 6.12206296016100215418021e-01	 1.40977177709127016180801e-01	 4.82005590239969916588336e-01
-3.12417521657575025795239e-01	-2.71950646606020751683275e-01	 7.07567999191469843012214e-01	-1.56325271569289603323938e-01	 5.50770436716490618955788e-01
 7.64194746865427682047667e-02	-1.30507486623899243705083e-01	 5.27509380702863794887492e-01	-1.67206504375364377323887e-02	 8.35812259387939349153385e-01
 6.85938603901320886890858e-01	 8.68766064998099107885565e-02	 5.53933989213268973550441e-01	 7.70581089964657156565764e-02	 4.57339994263728344403575e-01
 5.79603923801515041880350e-01	 6.48841550705417519084861e-02	 1.81200503821446756713698e-01	-1.96715484234051482537176e-02	 7.91598853922963252571776e-01
 6.63058573234164283505265e-01	 4.95765593895189093931464e-01	 2.11193223468943425125133e-01	 2.12403331001353418150401e-01	 4.74185672190494400535243e-01
 3.06101876022621288697678e-01	 6.41083880424723973057155e-01	 3.67958853179307876501980e-01	-1.77388376764179900302310e-01	 5.73107970552624634841266e-01
-1.43615320195734953723221e-02	 9.52659486823270951205700e-01	 4.79963445705337415914116e-02	-9.05405817355879605212721e-02	 2.85888793992560785728330e-01
-5.07595072150610837624640e-01	 6.15007367348594513600801e-01	 1.27899336152285433149123e-02	 2.37266427832211246329308e-01	 5.54665882002153720620186e-01
-6.41380317033267699500243e-01	 5.33464145764372732472225e-01	 4.00656713864249613976654e-01	-7.74279824075076086170588e-03	 3.78763172466776099067687e-01
-7.80960381642799350565554e-01	 2.20832297771922841933545e-01	 1.27527456292498786449841e-01	-7.21719154392928552432807e-02	 5.65563383785136930548276e-01
-3.95099234592245496244800e-01	-6.01867409658842222874853e-01	 4.22148006426680155733777e-01	 1.20788645757942722513967e-01	 5.37450816113548501817831e-01
 6.76559393187503577138386e-03	-6.09857129696519062456161e-01	 4.82773820336866776870011e-01	-2.09326415639298907267474e-01	 5.92571006892863683113148e-01
 2.78442778174777805233475e-01	-8.43143695768116985256313e-01	 2.21765184708847595818071e-01	 2.49374022137993610337414e-02	 4.02214689426767080249192e-01
 4.54604837973248576687979e-01	-3.52407695218773131529133e-01	 5.86006877476373699842327e-01	 3.43671359286403009861144e-03	 5.70725315884953454670381e-01
 7.08643695361805492360929e-01	-6.04407951389405284636780e-01	 3.32612024968773678512690e-01	-1.53468541725297388106375e-02	 1.47135502970581172332842e-01
 8.61965249330076122014077e-01	 7.59852108409772991626241e-02	-4.70170911910189129323534e-02	 1.76188073414229956492605e-01	 4.66893256112475174557375e-01
 4.76641713483034079601453e-01	 5.32996920558491016350899e-01	-1.12867488780068719878003e-01	-8.66721536549084070610860e-02	 6.84452940237985751892325e-01
 1.79781891728132109387062e-01	 8.16395979832162721478994e-01	-4.30240000455549387314846e-01	-1.66828371752952037132545e-01	 2.97048669256074371336496e-01
-2.97284265433000294276411e-01	 7.97434069057126659885171e-01	-3.19784663602161622897313e-01	 6.24949163179766703501983e-02	 4.11768290901832700878771e-01
-5.81957306028208609660624e-01	 4.94305043425744217167050e-01	-2.20739173986446629571745e-01	-3.16019361189848468907115e-01	 5.18067754666515112305092e-01
-8.60249283371323114621987e-01	-9.95965857930837701605942e-03	-4.74721172717686601405518e-01	 1.18255330468897176809939e-01	 1.43274075287000535183779e-01
-5.63509855316719820983451e-01	-4.90192214586977259571654e-01	-6.77797326782524495181192e-02	-8.57580341900920778419604e-02	 6.55911353102810790183241e-01
-3.00530777425429551641400e-01	-6.83940885873900450420138e-01	-4.09199154075251814166592e-01	 1.33805615999593868759021e-01	 5.06515770614458293863436e-01
-2.49845759999810845819468e-01	-7.97286092077521657550676e-01	 5.10131172449493491827255e-02	-2.57906339615468604975490e-01	 4.82487269723227363282803e-01
 4.64378942151264573201530e-01	-6.52821093030205634732965e-01	-5.49121557480518607263775e-01	-7.62042553654264515072825e-02	 2.25466727380538745073579e-01
 3.53430110288418697361834e-01	-3.77370429042701016619787e-01	-5.13375060565468332995920e-01	 1.58529826487177810667717e-01	 6.66328040629381668225051e-01
 7.48107271619495861614269e-01	-3.51679042689734544513414e-01	-3.06946957553308419353044e-01	-7.64823987036852576820722e-03	 4.71574416989003541988978e-01
 5.31086422145589875931648e-01	 4.84208401460856752152040e-01	-5.59905890318247889680947e-01	-6.98870148550905095907737e-02	 4.06338080062517148505208e-01
-1.72219199924725924200075e-02	 4.72641653861695765215245e-01	-8.26850821339992214653591e-01	 4.62816652411077236739523e-02	 3.00813894656719593712069e-01
-6.93875604453145111705226e-01	 2.94138053846557057102729e-01	-3.85621390946372377683815e-01	 1.07588522837941402698902e-01	 5.21287160231553525768788e-01
-5.77174220962630935005677e-01	-2.54141913579352785035326e-01	-6.10197887671214189708735e-01	 4.73432199155199850970632e-02	 4.77178125890137527775892e-01
-4.78229206956339095158093e-02	-4.17156288016293674836277e-01	-7.33651482233243168451509e-01	-6.14366318390487456402305e-02	 5.30730291682927068919184e-01
 1.85299770658190338101790e-01	-3.66707136650879561567962e-01	-8.46643206508842061097653e-01	-2.98466516649747604095211e-01	 1.59068822321431768695987e-01
 3.09248798540325720018984e-01	-2.97626659166068563422414e-01	-8.27264711244927064548449e-01	 2.43967977451155948465100e-01	 2.68134809120803618842643e-01
-2.47144228555136152847282e-01	 3.07158427850508924938921e-02	-7.11529576582483946900481e-01	 2.14120685642093910860950e-01	 6.21171683934804930160567e-01
 1.63795769208519015336378e-01	-2.95594041614283042918032e-01	 7.80145459613239888874148e-01	-3.61416164711497123196438e-01	 3.82813957793601611356848e-01
 2.98882351321004491317979e-01	 2.28532128409150214753964e-01	 6.41617496290108002554575e-01	-2.70651270824051104479935e-01	 6.11160604431724485685606e-01
-1.06430186482180708096301e-01	 5.47913265624273226883645e-01	 5.67608563749177119639455e-01	-4.25258097100358334330394e-01	 4.30627144949654927508220e-01
-4.85543837850010706613801e-01	 1.42303523661182429460581e-01	 5.62095047467120578765787e-01	-3.78412964082467051518677e-01	 5.33713101681746793225614e-01
-7.28591503492539316333421e-01	-2.67723638472174896296707e-01	 3.40714248763659022234407e-01	-1.98708327905822490500043e-01	 4.91840701398317536874316e-01
-1.07035759269308861085790e-02	-6.84161373393714633550644e-01	 4.90039405490855450864274e-01	-5.06548950056977975719974e-01	 1.87291726674579162015277e-01
 4.58489416669999649833755e-01	-5.61961984428843930317043e-01	 4.01972314782197359672722e-01	-4.10695976973084020400506e-01	 3.79121689573631903691364e-01
 7.44679197429614192493830e-01	 3.28300656384373334972793e-01	 2.13756068860927322949905e-01	-3.00950066741563493355471e-01	 4.48786109729954307834277e-01
 1.68358683012017867897114e-01	 7.11570564314146780660053e-01	 1.33949307307365150787604e-01	-5.49903334348576633416883e-01	 3.80771049057435861939780e-01
-3.30233323385087651491432e-01	 7.24766129394136648933511e-01	 1.63591438543336409328077e-01	-2.63328037896558453390128e-01	 5.19188015560790749880482e-01
-5.85512711110498851319051e-01	 4.55550018968012004894064e-01	 2.72149722213473221898994e-01	-5.24851701984799245970237e-01	 3.16408383215530830678830e-01
-6.70956774969005964592839e-01	-5.16898037171502955366975e-01	-2.95110502717153902474401e-02	-4.55113456434584173759816e-01	 2.73192724968042532918133e-01
-3.23122318144874742795736e-01	-4.02172923657044933953841e-01	 2.55823514943383567565860e-01	-4.87721527771153351427103e-01	 6.56148571243138079012169e-01
 1.47175818536714048123670e-01	-6.12422263466786520602625e-01	 5.69415104265979243880480e-02	-5.08427041622076414384424e-01	 5.84412403518292378201693e-01
 7.85392166315670103848845e-01	-2.42808580820798758370671e-01	 1.29011060309865449591271e-01	-2.46019532119689215976521e-01	 4.97024822622675443994922e-01
 4.85117451970666191396475e-01	 5.19718695168141175955157e-01	-2.35767443936346771105050e-01	-5.24982794162791588377104e-01	 4.04178566847579134879709e-01
 1.30981020893366582186212e-02	 6.51283773693588252662323e-01	-2.00842737442357754940048e-01	-3.34282390017259067871436e-01	 6.50826677684700816151064e-01
-2.58077402457268678670488e-01	 5.68352860531671555399669e-01	-5.84266738220428405448104e-01	-3.93930959247160594749460e-01	 3.37374951978134607344373e-01
-7.97321316793238255016263e-01	-8.91484670424834702018302e-02	-2.19761834247599596725564e-01	-3.15196243669096931583340e-01	 4.56823086977982850687141e-01
-4.49156777367041015747162e-01	-5.15817030377986318612216e-01	-4.78924208488381242254661e-01	-3.50024044725135541344940e-01	 4.24624247017670652937227e-01
 1.72870046025247997567575e-01	-7.38474863157324690199346e-01	-2.64413090584638243996096e-01	-8.09766462103096718028183e-02	 5.90168894442946401213135e-01
 5.70219054677098879935215e-01	-6.71711432298814692387623e-01	-7.43173276494790285839898e-02	-3.08834280092165958109263e-01	 3.50360248391886119900818e-01
 7.17074411870330941098928e-01	 1.11225091219095614802903e-01	-2.45461445207184103534104e-01	-3.37875024943996848936223e-01	 5.46829418886746521089037e-01
 1.92970502944285610125164e-01	 3.61833634551793015265986e-01	-5.71655271600519210295488e-01	-3.32347332762938207917358e-01	 6.28167419369364155024016e-01
-1.08037539095361262431183e-01	 1.94424439598046089328065e-01	-5.38065080073015233885769e-01	-7.43748729128466790072594e-01	 3.28406493478758942927698e-01
-4.64353548263425064401844e-01	 3.53648643034716395061601e-02	-5.96109796608486286473294e-01	-3.78335134207897383351593e-01	 5.33517333550884265136460e-01
-3.43443060677527528534725e-02	-2.63186816929121714103701e-01	-5.89464230087155649506769e-01	-5.72004249111007778694216e-01	 5.04872487349182330618191e-01
 3.14014734978160958700499e-01	-5.32595946405819198332665e-01	-4.19441915289825995039052e-01	-5.44495535044162926041622e-01	 3.81220928207854525826548e-01
 4.52425577936569622838903e-01	-1.35252762845116947243440e-01	-6.81586008603637938385589e-01	-2.63483296446788028966068e-01	 4.92985650846775702582647e-01
-3.93584529268935084944658e-02	 9.76544243365726483130373e-02	-8.60058328782125847133955e-01	-3.25243621649554559560613e-01	 3.78722567665926435065415e-01
 1.39766710743299188424160e-01	 1.76012956163670825082690e-01	 5.87138568936959037714018e-01	-7.14358782480165044326270e-01	 3.07318298496267461317188e-01
 4.09600989402986392917683e-01	 2.54930621174988214505674e-01	 2.33898141838267181746858e-01	-6.36446027412307158144245e-01	 5.54495736054956278593409e-01
-2.58882035747798777691742e-01	 7.95844414941845462729830e-02	 2.51446130130357659027140e-01	-8.18319895275841036053066e-01	 4.40197456691128363726051e-01
-6.61084947835090752654708e-01	-1.17149922619320334682413e-01	 3.16131962398339905195854e-01	-6.22328227370169684284917e-01	 2.49019571810409540146836e-01
-2.75222294416887724999299e-01	-4.20007281128622067534195e-01	 1.86009050086078681074397e-01	-8.14335911952165814042814e-01	 2.23839737861613707892161e-01
 1.40299450727001562277962e-01	-2.81029792557120405849247e-01	 3.50857718735628931749915e-01	-7.61770192337601126375546e-01	 4.44908254689174942342333e-01
 6.61499442684777450018885e-01	 1.20402552027341791518467e-01	-1.47167193152703629221989e-01	-7.11076184163745406152657e-01	 1.43646059353238264577612e-01
 1.24062279854178961202571e-01	 2.67814996724874021527540e-01	-7.43807530222675011843947e-02	-8.55209121100061198106346e-01	 4.19486043884347292731718e-01
-5.89645638793233506369518e-01	 1.80990055708134922607400e-01	-2.37548990128948062094949e-01	-6.94763800625753602524526e-01	 2.83609518556166617653247e-01
-4.17486711091058393385822e-01	-2.36040820150310665104243e-01	-1.84500532955895024667115e-01	-6.82868822829610699898240e-01	 5.19268043915117383235724e-01
-1.61270830336488146805607e-01	-6.61910268819117186822609e-01	-2.18656137184907561898939e-01	-6.32957596708513814398600e-01	 2.95669899980942785244764e-01
 5.12543737947369515417506e-01	-2.15691788493334757337294e-01	-1.95436603235657653521162e-02	-6.75215161853448653239695e-01	 4.84229800416974776045009e-01
 3.54500693838779079580803e-01	 6.02705947662182106583373e-02	-4.37070226136009265527349e-01	-6.71146298480264524854988e-01	 4.78778630408676686425196e-01
-2.39516246203349575383257e-01	 3.39517767402663234177496e-02	-8.41889884158607548769737e-02	-9.62500427301995253870359e-01	 8.93553934232629715195273e-02
-2.56339366043890903856806e-01	-6.33239433146367686200406e-02	 3.28714097476261402075437e-01	 9.01518992981493960670036e-01	 9.74205062258496901073102e-02
 1.87627924247162590487559e-02	-2.31573380747648910338299e-01	 6.77827148097605025611756e-01	 6.70360237939029102172128e-01	 1.92845107901982421028109e-01
 3.91718962559535255341103e-01	 4.08294978548890907799063e-01	 3.45927348048983784867261e-01	 7.14033235402410704217857e-01	-2.24370839182824299840036e-01
-3.80872349986660641008029e-02	 5.55222469579428001829058e-01	 4.13753609964146451538625e-01	 7.17262517563098556117041e-01	 6.79691322951837262333896e-02
-2.90419450319260030735080e-01	-3.76656303272155934536158e-01	 6.11032159067869784507820e-01	 5.96770945955446108222020e-01	-2.10453583314497233436313e-01
-6.72268479142041214258185e-02	-5.24425958153498683600446e-01	 2.76967140985128090768796e-01	 8.01528791149929142889619e-01	-3.60383837951006938404852e-02
 5.55684239374288790891399e-01	-1.23908236570790794561781e-01	 4.90273404742806118150611e-01	 6.58264485699751156211335e-01	 4.67079274778252964694936e-02
-4.06157612427437489377446e-02	 3.28505862726126196537990e-01	-6.50337052823785344290997e-02	 9.38573353418224232136424e-01	 7.26975620206735950734611e-02
-5.21157955389768501319736e-01	 3.46420556941500534797740e-01	 2.14774052811503218807232e-01	 7.49805882263732459414030e-01	 7.10129734090147058528375e-03
-4.97285821413051554173990e-01	-4.48281775694176209956510e-01	-2.17343901020134594448407e-02	 7.42124773164536066794028e-01	 2.29934500326193121122476e-02
 3.42476184025728991322524e-01	-4.43345423338776967181474e-01	-2.60972962940704544809734e-01	 7.24067282988816729449866e-01	 3.06226356309965808133455e-01
 2.17878981508578317694003e-01	 1.36810098554151687855196e-01	 3.65176463278931273670480e-01	 8.75656405217168920529502e-01	 1.83531351598642283873275e-01
-2.53113673168232966581570e-01	 2.41725101682289389426472e-01	-5.30750602619535105652915e-01	 7.66971374816331930013291e-01	-8.69548831482041817420026e-02
-4.85484054545597010221769e-01	 3.14593349985435311033655e-02	-1.60749868622605374124390e-01	 8.58762775368808739528959e-01	 1.23223459333449895762580e-03
-2.65152398577772785426276e-01	-7.36319385407455007097610e-01	-4.46557486101051004379059e-01	 4.32105036782967466546523e-01	 3.74114554052870848521728e-02
 1.44459296706149209477132e-01	-4.24358284633349513992329e-01	-6.62033905357324647944495e-01	 5.99160415801998302853804e-01	-4.20649753537494439092903e-02
 1.60387715708376898948728e-01	-1.17082675805958210529800e-02	-4.83770844905351826703566e-01	 8.54076024204838635256465e-01	 1.03240552197903220910113e-01
-2.99587911803228967855262e-01	-2.73693280230904667504888e-01	-5.01483538297939235306444e-01	 7.60782277729459610604579e-01	 7.11593856549005560063748e-02
-1.07795231979533237542945e-01	 1.19944645922598194798248e-01	 7.80097785537594234916980e-01	 1.78805222495441895613766e-01	 5.77468273833877443479423e-01
 2.27893716344830271625099e-01	 1.79544919063972990835865e-01	 8.01324414517824989978578e-01	 5.16473731953296488761396e-01	-8.34394570257565582060977e-02
-1.57483981887153429157777e-01	 5.76797195626764680476128e-01	 7.62360044306240047795598e-01	 2.44816082819761776656620e-01	-3.70949997201987513584243e-02
-2.69436626570886905707169e-01	 1.71439328748901331778143e-01	 6.71157179797979064339586e-01	 6.56692860706343473076174e-01	-1.27730135532569594181140e-01
-4.33532783682167688343867e-01	-3.07385618391939119398160e-01	 7.95581277484971205460340e-01	 1.30131665901096316151353e-01	-2.60153007908389688473960e-01
 3.01765213197903336972416e-01	-3.08650232652190770199496e-01	 8.46842954188536278792299e-01	 3.10661399647818969871338e-01	-4.39268681596013434165204e-03
 4.70015452185686244401808e-01	-3.12782760820449132199705e-02	 5.57133711597699643469639e-01	 5.16721768344711618325960e-01	-4.48004225060551819481702e-01
 6.23247039939212932324608e-01	 1.07947071171744984896534e-01	 7.47698894963005344926898e-01	 1.99878584150821936304965e-01	-3.00910468647240074424598e-02
 6.16934941934136449326331e-01	 6.92745569790817916633330e-01	 1.97239722190349686670174e-01	 3.15540070228254476703000e-01	-3.20282535668195908473699e-02
 7.70882350229378787709322e-02	 8.35367016325470501669770e-01	 3.55049298223729825618733e-01	 3.83497593502089617611972e-01	-1.51950464512197680466699e-01
-4.48915927018538551962479e-01	 5.45981888130524506408392e-01	 4.78456110102913056980611e-01	 4.35549397291443540769507e-01	-2.85927860703994451974097e-01
-8.15473970157628014199247e-01	 2.05885758395881302007524e-01	 2.87963522833262708378044e-01	 3.83399825517685310938276e-01	 2.50389380357023683121298e-01
-6.85333812007121956355604e-01	-1.54137184356804346485603e-01	 3.80515705897950085034864e-01	 6.01407961105850263905381e-01	-8.69231855331222859339935e-03
-5.20629893922020525742766e-01	-6.45737717646313047481499e-01	 3.57418338257380840961019e-01	 4.26166049392070644952213e-01	 5.10092480493879660286005e-02
-1.83533030564449861632426e-01	-9.26121722068607544642305e-01	 3.04818717160599772508789e-01	 1.86489755067167331699374e-03	 1.25284693519191026034321e-01
 2.68638587838958720066529e-01	-5.26201077591882948603086e-01	 5.42696045648225822155553e-01	 5.38727281759947440598069e-01	-2.57292932258832873770871e-01
 5.28242110205124459909598e-01	-4.10447906093985348530140e-01	 2.12828663541811735626652e-01	 4.54701469641432987067731e-01	-5.48127104666451758774315e-01
 8.75255953066987335553506e-01	 1.26241841851632952131723e-01	 2.87680061510234563737498e-01	 3.49593816850114258443227e-01	 1.14080495337035417446891e-01
 6.47946368617718482241230e-01	 3.97710226588081250387319e-01	 1.42898255707829980459822e-02	 6.34823836882060787978332e-01	 1.37064131244698739209298e-01
 2.41978480944823326481696e-01	 7.04409988511741969041680e-01	-3.45306605403670474618849e-02	 6.66179020300759261452583e-01	-1.63134680031492215745992e-02
-2.62932080556214031741291e-01	 7.06400043021848667024187e-01	 5.50021597768610912004839e-02	 6.09628039151202116840977e-01	-2.39152914541411770743551e-01
-6.19953209358814039120489e-01	 6.76767308117897647967709e-01	 3.59324935579618046088690e-02	 3.84501401465386305478233e-01	 9.22581001669871975101600e-02
-8.28205012366308390703296e-01	-8.31150518244258840194760e-02	-1.34946537713215825027291e-01	 5.16252253314102627079762e-01	 1.49804501130216372040138e-01
-8.67106963510683614870800e-01	-4.11068442474977147060855e-01	 1.91153900032094946348504e-02	 2.64971328802787953193842e-01	-9.25907458118171017291687e-02
-1.91109073626885672680942e-01	-8.67755269034055198851263e-01	 2.04464803198840007480985e-02	 4.57568218799478620972820e-01	 2.62941367667643595418259e-02
 1.89828617151123452133632e-01	-7.56600086035977836829147e-01	 6.76200930990773357853740e-02	 5.22901331203700414640423e-01	-3.36931931932123951423108e-01
 6.44351598838037387118050e-01	-5.87580986160006313312465e-01	 1.18171813266907774209180e-01	 4.68800612349888179419821e-01	-7.62955450054603329101965e-02
 7.43856030095912612587483e-01	-1.27278294759355838777770e-02	 9.97669140891152134154041e-02	 6.11533987278565116518791e-01	-2.50177844948539285230282e-01
 8.18899737490235701820041e-01	 7.76376554605899688032977e-02	-3.25767807069811843323492e-01	 4.60885844868609395597048e-01	 6.95355180442310816246732e-02
 4.86158102073940612264380e-01	 3.38578177632644972128162e-01	-4.25640865648989230596300e-01	 6.77581431618237806091543e-01	-9.34257696493832334727614e-02
 3.13248631741136068784570e-02	 8.22230769232186742279112e-01	-4.45146716704007683329536e-01	 3.30744079174420058109263e-01	 1.24129246246307611833970e-01
-2.85496537636515168578910e-01	 6.78631473137763174818815e-01	-4.56741921984042176241303e-01	 4.27231063636957286711038e-01	-2.58479178330458359003075e-01
-6.99075379191131718314978e-01	 3.53037256990689052305044e-01	-3.50665312350690372422690e-01	 5.05726529588776174684028e-01	-8.90664098824636152329504e-02
-6.60371499001754291846567e-01	-4.04268900537618880441926e-01	-4.68566817817721636973971e-01	 4.24208065607974582622575e-01	-3.11254506408342561385449e-02
-4.39843397988020634592488e-01	-6.31644304677326462460485e-01	-6.36506450568665171907412e-01	-5.62572852100468208391693e-03	 4.88993576454330031166862e-02
 1.56171140657117568650847e-01	-6.96568506250976104965389e-01	-4.81851573117800136003552e-01	 3.54227324172697422000056e-01	 3.64341810966694601425786e-01
 3.74295897943038635702351e-01	-7.43350624822553096571198e-01	-3.26788245273246624744701e-01	 4.40918039206623091352810e-01	-7.83144610678865732422693e-02
 6.76843839442492600788626e-01	-4.23182169383061801415380e-01	-4.80021975106477039041408e-01	 3.37621399969363467086225e-01	 1.35609594876597377988148e-01
 4.28617836681953690014524e-01	 3.73059602740598794667903e-01	-7.10281720714814324146857e-01	 3.49666459901242343555339e-01	 2.24380317585219785092576e-01
 8.41702246629321415571923e-02	 4.74052775953287874877162e-01	-7.02546408436962366295120e-01	 5.15198347693452518569757e-01	-9.58569007293408603675999e-02
-3.47810392422082559349406e-01	 3.46630516811776590024863e-01	-8.17147447260473946961667e-01	 2.83569552045127570849559e-01	-1.03602964854361948021655e-01
-4.97364078780745955121745e-01	-1.59268578813760025569835e-01	-8.47227928870647795100979e-01	 8.16672027295063801544117e-02	-5.28942102797221730403621e-02
 5.93166148154546518656005e-02	-6.36307793737057258987022e-01	-7.59710687232656112222173e-01	 1.20075469956286359773934e-01	-3.93497847207077613290727e-03
 4.57994348458857558625823e-01	-2.55723512360122792741457e-02	-7.72559270396705466410481e-01	 4.30024602534556377175790e-01	-8.84208491879352881381848e-02
-9.28130138390288322858268e-02	-5.13244557055605732376335e-02	-8.47885744836619270614619e-01	 4.97732359785010125552418e-01	-1.48673489346086151741133e-01
-1.90661607014519063341140e-01	 2.89348152969448671467667e-02	 9.39953243339544108891914e-01	 2.70062598095248851404193e-01	 7.97810849756292322920714e-02
 3.07748534206950252745116e-01	 4.26393297210947222475319e-02	 8.96873567480186428824140e-01	 5.29490879378811049593700e-02	 3.10301345946677575859951e-01
 1.15868897653157942873037e-01	 2.32520003551064363689349e-01	 9.54164833964997627369087e-01	-2.28161164909800907862891e-02	-1.46825545999574896827156e-01
-3.85740780002973404627653e-01	 3.72651480424376957412136e-01	 7.98794242427472322987114e-01	-1.97833942113912353982785e-03	 2.72504622379278749200182e-01
-5.05968989460988227691018e-01	-1.45230919504483052540067e-01	 8.15681245277496858037125e-01	-2.14286082552295031877776e-01	 1.07930267537201488026177e-01
 2.48511879559867206179735e-02	-3.75884832301065563431308e-01	 8.08507046866792311590189e-01	 1.84269622576894248622281e-01	 4.12860839345757402174542e-01
 3.84381083809179346921781e-01	-1.57675379206580174029639e-01	 8.36942812252139511919324e-01	-2.35951288590693017410693e-02	-3.55471034143917008485403e-01
 7.46223265871980179220202e-01	 1.82114892073915707326748e-01	 5.58286341097400606869883e-01	-1.73371631888535771004456e-01	-2.61234841008325779920796e-01
 3.68334203603541465721349e-01	 5.85991756675797503817194e-01	 6.72392020492126096797847e-01	 2.30544233762599526382786e-01	-1.25227403634707690205374e-01
 1.65450373672167916350162e-01	 8.50071844253214914388650e-01	 4.73892543450076586530884e-01	-1.46628268151062030044685e-01	 6.26900446731025601243559e-02
-4.36373176772537230139193e-01	 6.46591373691735582518447e-01	 5.73130422686762730499765e-01	-2.50893737832292018641311e-01	-8.47920800028640307688388e-03
-6.33103649083447517220691e-01	 1.69874203307771587390107e-01	 7.02391171684544790565496e-01	 2.76121797894905651737929e-01	-2.69428883876605892999656e-02
-7.62244552037668832156214e-01	-3.33504520320467456873104e-01	 5.43278801929987786856202e-01	 9.69604442945557060129502e-02	 5.66108949799244004497112e-02
-2.80619163444105812477147e-01	-6.27503096433004836640634e-01	 7.12106514422700342947792e-01	-3.44102364314645275955584e-02	 1.38610954907628092236394e-01
 2.43689283153220137556616e-01	-7.00029328035155051779270e-01	 6.52684191677944669507383e-01	-6.52365086977125252509779e-02	 1.42555312189902749775428e-01
 5.75170525425882095404972e-01	-3.09479346228657581363564e-01	 7.37593551363782795604607e-01	-1.40425305403656996983131e-01	 9.81727433051043096856603e-02
 7.60639105327184927851647e-01	-2.92071052338864323161260e-01	 4.91800631584319802858118e-01	 2.67938390598389419849923e-01	-1.49879316283259150788254e-01
 8.94980343663570598877754e-01	-8.53278265898399085331860e-02	 3.90593777336997849403133e-01	-1.49166713142959123095110e-01	 1.30058214892535939366525e-01
 8.86385399095647508183049e-01	 4.06833212795589482801972e-01	 2.14228619078913745665815e-01	-5.05767926515816729216013e-02	-1.88612843965925286449092e-02
 5.33889992950172143082455e-01	 7.86505108165430733002665e-01	 5.42356886147333516756674e-02	-1.41380140930684211619806e-01	 2.71000620088321209077975e-01
 2.63698672141586154538118e-01	 9.52575390466396054733877e-01	-1.77386745081338330354281e-02	 1.50402600499523836363736e-01	-1.12930499969114504082990e-02
-3.32320085575400381294742e-01	 8.77065263928994087727631e-01	 3.28882102677057308603992e-01	 1.08187867444209592782123e-01	-2.12563263268655440463295e-02
-7.65361523814016897482304e-01	 5.04687299300618397168705e-01	 3.70842299441316691765991e-01	 9.12425398221320682612401e-02	-1.16889929684371798868092e-01
-9.42250487470342124041167e-01	 1.67056407960608881146936e-02	 2.64406604225046637512975e-01	 8.56338556947770918048590e-02	-1.86120742606839834065724e-01
-9.54777836987363626164438e-01	-1.59918288515131901128541e-01	 7.79237345047632812278238e-02	 6.78940216462313970990916e-03	 2.38132775180571160111853e-01
-6.63697003594904244572206e-01	-6.95722495961115683371645e-01	 1.82259341624912252211033e-01	-1.28580212865697443569424e-02	 2.05165054801807716922113e-01
 9.75646561175752546901663e-03	-8.39220905018374541128878e-01	 4.09326549815834495049671e-01	-2.48096222988907766371369e-01	-2.57901383698130204358279e-01
 2.99630114554363335965803e-01	-8.90697784103955281231890e-01	 2.81248655821321968950599e-01	 1.67619422411113577764397e-01	-9.83980420217138718186334e-02
 4.63159159672028919452202e-01	-5.60789496619428562418364e-01	 5.12098308737331198159382e-01	 4.01802294166151541254806e-01	 2.17506257115537671165129e-01
 8.70248095146157973900358e-01	-4.23801171050238456583514e-01	-3.20867091314619157227384e-02	-2.48121455365401505366307e-01	-2.16103400111626771373796e-02
 8.53833893522113474006119e-01	 3.56301195886478461183344e-01	-1.40343657243710423498939e-01	 2.60249031915593065367176e-01	-2.37889132457096308392863e-01
 8.19852282621839845155876e-01	 4.80379367017619962609842e-01	-2.20508487389731638872448e-01	 5.82540150625217093005581e-02	 2.12274292229883143612312e-01
 5.27514997166651178339691e-01	 6.90477027937452803030283e-01	-3.71143789554754910398060e-01	 3.27364897510826813320506e-01	-7.34254775887938429534962e-03
-2.55561980207924255292795e-01	 8.54631576000459913800000e-01	-2.48403570267687806571999e-01	-3.68109208790864728122472e-01	 8.41678100986612831579947e-02
-3.11260590501155121057053e-01	 9.22817107634323674503207e-01	-1.61061965126577694151777e-01	 1.18122240396656558170108e-01	-1.07849943771579082074652e-01
-9.21071323731927682487708e-01	 3.43210623273680848210887e-01	-7.81031359340690761738912e-02	 1.05164477736837375099199e-01	 1.29129460040722426894533e-01
-8.96858359965710283390194e-01	 6.38450234253151172048035e-02	-2.58947208933930972385440e-01	 1.88509039777486342437385e-01	-2.98294451927846926420074e-01
-7.86928606257328633333259e-01	-4.98418252653793747430910e-01	-3.11291617423787914109568e-01	-2.33721510228156077737527e-02	 1.86745510129925684772445e-01
-3.79704228564393397871157e-01	-8.91719989861856077162372e-01	-2.07826281315061978105518e-01	-8.52786562519175089791545e-02	 1.00974977463280463085837e-01
 1.01646823855408144354762e-01	-9.54745289663238128063938e-01	-2.25596633425810821904633e-01	 1.04310529054576314744729e-01	 1.27885994468753122488280e-01
 5.68984737918937999445745e-01	-8.14418800911020368538118e-01	-1.09989580969598529924802e-01	 2.49282222137979202203351e-02	-1.61015699037302499607716e-02
 9.17387349586988420924172e-01	-3.13370313854909099404722e-01	-4.30270506583126169375397e-02	 2.18644758813671791219946e-01	 1.02677356643005715519656e-01
 8.96486487268075005196977e-01	-5.86060792130812802103179e-02	-4.02851413544553171863782e-01	 3.58308301704805820531163e-02	-1.71184683425437800252666e-01
 6.66079270418341473636303e-01	 3.31532390725466752368078e-01	-6.33065231506651504567174e-01	 9.07503856480989246069413e-02	-1.93435931463049465284243e-01
 5.57313192789199884913387e-01	 6.90357689159539433809698e-01	-4.07000116280254009559769e-01	-2.15061237682960482153760e-01	-3.01303095825737297930313e-02
-2.69840359224582215791344e-01	 6.95475585307285371072794e-01	-6.63646660128202614536974e-01	-5.12375471745555449709641e-02	-2.11592777583351834835845e-02
-6.40052671862811339842381e-01	 6.08990318207580649811916e-01	-4.38831677082093640773763e-01	 1.39099818488431115071080e-01	 8.68410574354595149459968e-02
-6.75737210966035117820638e-01	 2.04162819145761897932090e-01	-6.66127409643090806490306e-01	-8.91569335895724957019581e-02	-2.23656165373077919777955e-01
-7.14233710534484811383038e-01	-3.53784951146702553170798e-01	-5.13028973338737537268628e-01	-3.51897337946329921698485e-02	-3.16653391310958320925550e-01
-2.28185219703941309654649e-02	-7.67192501256989123348262e-01	-5.35931757056280821949201e-01	-2.69398230462671750551351e-01	 2.26045849933769971151776e-01
 2.03650362017342351217408e-01	-8.09351817671841056167636e-01	-4.72239892042477960032443e-01	-7.77171230020872044752522e-02	-2.72810737394039493075582e-01
 6.17613129143803840648275e-01	-2.28526343093815170748329e-01	-7.47563550523945297143769e-01	-8.53061041283878357388559e-02	-1.41894238021243873637545e-02
 7.46927470024797868219935e-01	 4.03183383384080676337113e-02	-5.73891195891607863721617e-01	 1.01722432467420825785709e-01	 3.17451142897604787762589e-01
 2.53016962241749021611525e-01	 6.05354930596191498359815e-01	-7.49862051806283180788171e-01	 1.14348664225334302468884e-02	-8.42850633956403749724728e-02
-4.99684956538943181314494e-01	 2.50588126338339656218324e-01	-7.80914153845460923264454e-01	-3.08379220140568323371699e-02	 2.77024623520360557815678e-01
-1.30730622977516336424841e-01	 2.23220679284353740179370e-01	-9.33537772462712855947586e-01	-1.70849229602744429046268e-01	-1.79999446347057251438528e-01
-2.54316331180956811675031e-01	-3.82233682915916250788513e-01	-7.70426860921819556260459e-01	 3.55822799108068577034203e-01	 2.62779761291167535119939e-01
 1.06795485075752566439533e-01	-2.12534981426337366006152e-01	-9.35928338462056585989046e-01	-1.00033423563654251531307e-02	-2.59541296218726680322675e-01
 3.59725891934144559325404e-01	 1.43222006814197500013108e-01	-9.13348234276811665743878e-01	-8.11026120088100543892295e-02	 9.64474401167646905319586e-02
-7.79967327937972493279162e-02	-3.00296204139161165835858e-02	-9.73773336966027747152452e-01	 1.15935203048748880494401e-01	 1.77028948139511116410816e-01
-8.43906220784018529235126e-02	 1.29401625407423781499716e-01	 8.81797001464342256049633e-01	-3.06553875385463359126703e-01	 3.23407192161500156579734e-01
 4.33453484060729143934054e-01	 1.33070219234587200363151e-01	 8.05006889433196870520248e-01	-3.78050470694103024626997e-01	 5.87549443156086884099132e-02
 1.92559508612993586333662e-03	 5.06095884384872074512884e-01	 7.44078695706137493992571e-01	-4.34943956030367895326805e-01	-3.21542781160660123829231e-02
-3.75385078714653319664762e-01	 2.56752560336007629171462e-01	 8.46677661758783672851791e-01	-1.99167693930056260986916e-01	-1.91398360004888218321994e-01
-2.36669955245386171016619e-01	-2.47957698276526056213598e-01	 6.58249875608679535510248e-01	-6.27769408972922327016875e-01	 2.34770063186302030411312e-01
-2.28091903150737691785555e-02	-2.58133621657036571583888e-01	 9.58986338202895582938368e-01	-1.14831439595835804734492e-01	 2.39119801398918196966292e-03
 3.29615927340583980686972e-01	-2.68617531638698392448816e-01	 5.96469523458994177467218e-01	-6.79668167619646212962436e-01	 3.83829603977145286664019e-02
 5.76681463529994831063163e-01	-7.10238012348459041289672e-02	 5.22021552329312688023322e-01	-4.43862334623386534104839e-01	 4.39174038492062879246447e-01
 4.14806806382014447986961e-01	 5.50741435153222491649672e-01	 4.74985299816188699661978e-01	-5.20275324397536320653046e-01	 1.68290631842912097315690e-01
-1.93322952723271823671780e-01	 8.27197358064167831415148e-01	 2.47908067561095485364930e-01	-4.65000715266119635238340e-01	 2.62048011275951113485672e-02
-3.90895933146948926228958e-01	 2.43518239108423711902773e-01	 6.31499284593223797479311e-01	-6.15602972847669738243326e-01	 1.00701887023363578776980e-01
-8.02351085340129666079179e-01	 1.46099713012346726914714e-01	 5.24105690027718340573415e-01	-2.03482925658209218289230e-01	 1.37096806517770009037349e-01
-8.24603365038677704745851e-01	-3.03968438858240874722583e-01	 3.34310634064249823094173e-01	-3.23935810886499642169412e-01	-1.04568010987292556168704e-01
-5.07525006933775779671691e-01	-5.55930666208786505855244e-01	 4.77364592677720134261676e-01	-3.91545448381601490783765e-01	 2.28417751531729107394852e-01
 1.59664231726355493323766e-01	-9.15384674072034831837641e-01	 3.01675056969816779428584e-02	-3.43252994769891961457375e-01	 1.33587180383412995610115e-01
 2.14114065041669604516628e-01	-4.64097320044182526377341e-01	 7.35099270992915942990464e-01	-3.75113179695735043939209e-01	-2.40183281856540142840117e-01
 7.04065961264062178948109e-01	-3.02227894292918075613841e-01	 4.71477001404920714744406e-01	-3.38438193640602014156116e-01	-2.75895720032210078898061e-01
 9.55249394589190226056985e-01	 7.08856110695376406827251e-02	-1.22088394238976660766127e-01	-2.21479698599013341553388e-01	 1.36069803339764511251886e-01
 7.24095351728622715903327e-01	 5.12473532488970096032688e-01	 6.70208784863759229194491e-03	-4.61080578358821269180368e-01	 2.04103498755647989881812e-02
 2.86150906442967090104190e-01	 8.47154168426066833674781e-01	-6.07369737113255606097972e-02	-4.39816176578822215503806e-01	-5.76213892941102590050662e-02
-2.79564418343632214991601e-01	 5.41439541194405404844758e-01	-1.02746074717670901610411e-01	-6.96103579697138208359775e-01	 3.65472310429010627252921e-01
-6.57117520277554878482817e-01	 7.26496721041163251442185e-01	 1.26566487864643350061411e-03	-1.53701014651123152310319e-01	 1.29512451325521388278972e-01
-8.88865808552163572109350e-01	 1.97384281284546075907471e-01	 5.76925113025171243386069e-02	-3.93553878720094951759734e-01	 1.12889054264218538503606e-01
-7.04249753973601011480810e-01	-6.31197825094081510499677e-01	-3.78928042286624869317002e-02	-2.33855545431754852092610e-01	-2.22479906695252499515547e-01
-3.30671940039443890135828e-01	-8.00056574542171938801971e-01	 1.39465875602670041910613e-01	-4.80696210288977632263396e-01	 6.78001169556132540078286e-03
 3.38338563660936841870353e-01	-8.18899127386108149906363e-01	 1.85074842913627163332180e-02	-2.25782332888941950077566e-01	-4.04488623680020087380882e-01
 4.67330207852355294928515e-01	-7.02430760127564113304288e-01	 3.18577016079015007399278e-01	-4.18213365648575030597556e-01	-1.08626744747180939421050e-01
 6.79692242170633953435299e-01	-3.24529540984676068138270e-01	 1.85955127582544177400337e-01	-6.24860464414432326130111e-01	 8.75735319538472334333079e-02
 7.09554868767140578533770e-01	 2.26862626350301327393666e-01	-5.53593398222671062569589e-01	-3.56365720305407529533426e-01	 1.07717500016351330760500e-01
 4.51420706103864033398310e-01	 4.43592815033985621298029e-01	-4.15517252357831767817231e-01	-6.23535874851108506966568e-01	-1.94918409386014096495998e-01
 1.00476036547787223041084e-01	 6.28251098719810663340013e-01	-3.36705387613569662175195e-01	-6.78934530925702994785809e-01	 1.44507811919252021626292e-01
-5.27914433002755756341173e-01	 6.35112188368545327321613e-01	-4.00569970273415454364851e-01	-2.99080296195086747790270e-01	-2.60832388625551359062626e-01
-7.67513869945089632906843e-01	 3.72178104963250211412173e-01	-4.07398746587541216168660e-01	-3.00528730387084663799868e-01	 1.26943535159154657909752e-01
-7.19411742191220837661092e-01	-1.57556604634229352468466e-01	-5.60888993084989739834612e-01	-3.68638343613395091935558e-01	 8.44509951842154354961778e-02
-4.91861868478508323931919e-01	-5.84564070720115402934880e-01	-4.24541590899729148755881e-01	-4.76966180021866192895175e-01	-9.28679184198412666084721e-02
-6.02266018210433767832157e-02	-8.32160483218502777802428e-01	-2.75455156280840607330163e-01	-4.39345254040181043553304e-01	-1.87034465362146268274657e-01
 4.38060985084221587992914e-01	-6.91174415298852706790456e-01	-3.01593170905330887343609e-01	-4.82876425574897960579790e-01	-7.90722319819560370834921e-02
 7.26976201823210765873284e-01	-2.96250761713861832102879e-01	-3.98723562654446472830472e-01	-4.31450688874744303635822e-01	 1.96496594933116747183632e-01
 2.53235973755695065179339e-01	 4.07865439793461348472192e-01	-7.24682804892959220310900e-01	-4.65533098315235094322162e-01	 1.66226024688020335151606e-01
-1.06958864850683049024793e-02	 5.74269192324050603559726e-01	-6.48808467973247648963309e-01	-4.54742754265719417716696e-01	-2.05808386828175232663440e-01
-4.20552850084644935790834e-01	 2.50607018769067158014963e-01	-7.29901895324900240602517e-01	-4.76575267359177046078145e-01	 2.12287581363062062556057e-02
-3.03338831181833135097747e-01	-2.67217227945092672403149e-01	-8.45383401230354714073201e-01	-3.16034509180470435385502e-01	 1.48423719525674041586072e-01
 3.94377903957678771496020e-02	-4.72878120018765168985908e-01	-5.48238453685485294109014e-01	-6.86855042780063262952694e-01	-4.99569054722501862397799e-02
 3.88064370149353077277254e-01	-8.63779443555072468097222e-02	-6.71724348436004814466571e-01	-6.20907228895727913986491e-01	 7.21492077070540055450110e-02
-2.34639274006653679449652e-02	 4.53802522453113955924753e-03	-7.88986216559523279023836e-01	-5.94624254958506681667529e-01	-1.52812289859577676853775e-01
-1.94957323424975494108313e-02	-1.77070049897192494103848e-02	 8.30878976157099824462193e-01	-5.34306867537932328460215e-01	-1.53175313535360291261611e-01
 6.67278639133041862052664e-01	 1.41428120970641307829752e-01	 3.86664937883825721165465e-01	-6.17325074117280991892187e-01	 6.43217150957616640161163e-02
-1.11174652018329309099975e-01	 4.67982860908918607556473e-01	 2.99802669645549246801863e-01	-8.13868444430280502110975e-01	 1.27940427848838744750992e-01
-4.91169991609747835781263e-01	-4.92873590344458656353765e-02	 6.02868781394597319511774e-01	-5.56098833139828552241113e-01	-2.89181804029583044979290e-01
-1.17661385242090136410420e-02	-5.22182380633642528877658e-01	 3.90711457048862065288830e-01	-7.10435931092850081469692e-01	-2.64220484601404848046258e-01
 4.15029105525913710739161e-01	-1.96343971478087769844123e-01	 3.09521744135108856088578e-01	-7.56546603733449729567440e-01	-3.47898566708048750939497e-01
 3.42151520962181321383611e-01	 4.65484298702182219820145e-01	 6.20656791846166816517538e-02	-8.13760278469162878778320e-01	-1.40984048085787509740907e-02
-5.36378767367702957713504e-01	 5.76028022087459512512453e-01	-1.61536294163391672129571e-02	-6.10906900935037744382328e-01	-8.37935220273054170991855e-02
-5.01672746629208354818275e-01	-4.18514458831652280679236e-01	 2.75502165505893292785089e-01	-6.54597278449662534072218e-01	-2.62242374314705040116991e-01
 2.23016208656189457437691e-01	-5.90625973021885686264909e-01	 9.13215310601423468916948e-02	-7.65323878780731270410342e-01	 8.58164856039793366715429e-02
 2.90829789183638165450674e-01	-1.02369626629416603930123e-02	 1.78549426646021219822202e-01	-9.33435442147365956877536e-01	 1.10143614914195692167098e-01
-2.91359136023508269452975e-01	 4.07169508898406973251838e-01	-3.94810898877383076310821e-01	-7.63536731212403396718003e-01	-1.02268563577357043947735e-01
-6.62285699922364523573037e-01	-2.36374246568648055388806e-01	-1.19874201069283398135568e-01	-7.00037184425285174960152e-01	-3.29087158267838061909139e-02
-2.26717885253751250118626e-01	-4.79329554764726883941961e-01	-1.22697369672179076860452e-01	-8.17863602592526439671872e-01	-1.86779713740594127679984e-01
 8.05786441396200148190587e-02	-2.65379416547814439564235e-01	-2.23713511421348487662186e-01	-8.96024839830629638015580e-01	 2.64901110974239961670662e-01
 1.84223873260609016799805e-01	 1.42555150829938470646852e-01	-3.78613731784120555179385e-01	-8.95076106237873259097171e-01	-3.50713506905824951020989e-02
-3.50093818802822198676949e-01	-2.04512911748722603366701e-01	-5.23553576824996036442883e-01	-7.40031764978411721322971e-01	 1.17700577657060392877675e-01
-1.47203945851343415140988e-01	-8.75543995049211515313559e-02	 4.06581759556086774765049e-01	-8.93194668572285466190408e-01	-8.69470084790102265559497e-02
-5.48011358598370426631341e-02	-1.16344215046481333497574e-01	-7.79582000683873288515713e-02	 9.53532671053310965092464e-01	-2.61072448584153571360389e-01
 1.20876739536906183114517e-01	-7.20676728361423352131609e-02	 4.81530261562188477419966e-01	 8.23063956909955818375124e-01	-2.66250623297836774838743e-01
 3.40254546179947658934850e-01	 4.34285574781731187332667e-02	 7.73320430343182318999595e-02	 7.61851344134329644397496e-01	-5.44006515365484166757426e-01
-1.14300941166396399784055e-01	 3.02470252853753729382902e-01	 2.37796694910705846970345e-01	 8.49020459748101585795155e-01	-3.43604470002544237772213e-01
-4.02678110969246549899481e-01	-1.12288408197558267631599e-01	 2.46182102124991836200607e-01	 7.75671461962666120015797e-01	-4.03695191971266742481106e-01
 2.35415435766322192479016e-02	-3.83337477685504857127796e-01	 2.54523890477650449604141e-01	 6.79110882288636030779116e-01	-5.71422936764893862893189e-01
 3.71089086887777086509743e-01	-3.60703790915816224771362e-01	 1.32244783639541146902374e-01	 8.35430695625985819674497e-01	-1.29431583540368239093610e-01
 3.91834814611359716352013e-01	 1.21189413935257381260691e-01	-3.79313425979881588268050e-02	 9.08299891402496673009637e-01	-7.30145501625331649897532e-02
 6.88342269891156904870755e-02	 4.63192708897522897881771e-01	-2.55815490370494391658696e-01	 7.67792583192505095901481e-01	-3.54636923768618939067920e-01
-4.31559364304921255772740e-01	 2.98704864068752129480089e-01	-1.81529995294755913670670e-01	 7.12264132137471084327274e-01	-4.29253521990375142003415e-01
-2.51249621306189052649671e-01	-2.72549767044264368287543e-01	-4.27046271205949734550700e-01	 7.04100742970761750427755e-01	-4.29492582327948180243027e-01
 1.20986056682125409783568e-02	-5.50961098925369152645715e-01	-2.35032970236556171261810e-01	 7.92129633835302215949525e-01	-1.16557442120040669064629e-01
 5.18707004374720836992196e-01	-2.59538491366173795782402e-01	-3.48296047153523635753203e-01	 7.21530059092373221574235e-01	-1.47197324959935482713291e-01
 1.77744271014445676115656e-01	 4.30174179199250272809252e-02	-4.72016961599794837578514e-01	 7.66535368691046992140059e-01	-3.95196144192759390989522e-01
-2.15987301681495229635499e-03	-1.36550379075043776255782e-01	 8.26956517710254690456395e-01	 3.87848899369288180327686e-01	-3.83491170690504756812800e-01
 3.00626916427879031790127e-01	 2.51883197378703627133945e-01	 7.20760998688459442185206e-01	 1.24211958588551482640661e-01	-5.57900783393029842116562e-01
 4.97892920029433180828526e-02	 4.62049163737307699850732e-01	 5.85833893424684171158390e-01	 5.03219784278801762766875e-01	-4.33128265894494768328826e-01
-5.47058133602865370725965e-01	 3.06530076047077763845561e-02	 5.49272395493781040443082e-01	 4.25304671597975914032475e-01	-4.66051030949612421494521e-01
-2.48948652069122700059012e-01	-4.16205595431673458506339e-01	 5.07720351585380869074982e-01	 3.01638238245504897161453e-01	-6.45005340116264758165698e-01
-2.10811030684755568165301e-01	-7.80148057960742158378764e-01	 3.67206511787581013628312e-01	 3.20392241747963824050061e-01	-3.30810982481272997102195e-01
 2.27789339142175861763207e-01	-2.91704681838937551763280e-01	 5.74507172563360368755525e-01	 2.16312820038941922007325e-01	-6.97259398019466458684690e-01
 7.01827572383885267548465e-01	 3.34096851791607141191065e-01	 4.14641980455433711849622e-01	 3.24592361977282750640228e-01	-3.44280668720571003671438e-01
 3.56955102308458782633949e-01	 6.85460377964853373455867e-01	 3.18379357360145776034699e-01	 1.97714891546412335765481e-01	-5.12123551151447253815263e-01
-2.11469678115506876103780e-01	 7.50865852389265842070643e-01	 2.03273478057496986837194e-01	 2.09742323583398365682839e-01	-5.53325489896959843427737e-01
-7.79498054498649839416657e-01	 2.28523338633721567747514e-01	 1.43618671870208852725526e-01	 4.88624961847190453223533e-01	-2.84216801900566862215669e-01
-6.84885600836101615662699e-01	-1.84501637800951051593401e-01	-1.14285172184708433418265e-01	 5.89758246507410155423656e-01	-3.68802073626702031639013e-01
-3.40590635096266303172285e-01	-5.71298047639271944220241e-01	 1.19945164037618973856825e-02	 6.14782802303924902354026e-01	-4.23691866355552393397232e-01
 1.59191891810591873435143e-01	-7.00839530409086752804626e-01	 2.80359218886647110213772e-01	 1.32399699506281026684107e-01	-6.22375226172805828817047e-01
 3.76288951593091169911531e-01	 2.43038830357110824387235e-01	 3.13445162889667061634213e-01	 3.05258538872522133811316e-01	-7.79684619672661449740758e-01
 5.27883318629535525090546e-01	 4.85923856057476344361135e-01	-5.55335471985776915615496e-02	 5.33586779358913632087535e-01	-4.44317884015292374755290e-01
 1.07646853256576455204474e-01	 8.22281715516783417996294e-01	-1.75540052628710890880726e-01	 3.59027156410587022783432e-01	-3.90576658536541443389467e-01
-6.30998366036296332026723e-01	 6.18065785477553308879806e-01	-3.35735870838965999585213e-02	 2.46317625113480265230947e-01	-3.97537656946250150813427e-01
-5.75658999559781503485567e-01	 9.06439151196460624060336e-02	-2.53411735740403543104549e-01	 3.23224533633356958528537e-01	-7.01219501956519164487247e-01
-5.55855163723327105884664e-01	-7.52084925987019925486265e-01	-1.15336487804265849788088e-01	 2.52602691090578923560628e-01	-2.19733192986371755894837e-01
-5.04091440940009419269252e-02	-5.44921461816309515846513e-01	-1.19575383164794615820092e-01	 3.36953036016269746877327e-01	-7.56758810919369140357560e-01
 7.47683646586386529975243e-01	-3.58083593832877633555967e-01	-2.31905884845561960361238e-01	 3.58581298272391546522186e-01	-3.61087825270109907815907e-01
 6.70686791945449001239865e-01	 2.02094311341701332596088e-02	 1.06489448369322444593044e-02	 3.45171466181487862634469e-01	-6.56135706169948429433703e-01
 3.05206176142183704946831e-01	 5.40399683966717780947420e-01	-5.17649322352038199213098e-01	 3.48989260857752225941653e-01	-4.74408101203777132770512e-01
-1.70324722442001086353258e-01	 2.25253071135001203817438e-01	-6.05665507920902457250634e-01	 4.89495871695940054646456e-01	-5.60190705900100227587757e-01
-5.76474627428759656133650e-01	-1.18461476022600833979403e-02	-6.02382961983482623224972e-01	 4.44187733628027603405286e-01	-3.27671630026556637282908e-01
-2.68591988996600417038962e-01	-4.39525840772619691421141e-01	-7.35554759213025488584492e-01	 2.88259546786116038763481e-01	-3.32477079850180101683321e-01
 4.35924356852497585368411e-01	-4.68358495570982025224538e-01	-6.56501531796343851254960e-01	 2.53846344527422940196004e-01	-3.08509395073053638292038e-01
 6.05122988167038911022644e-01	 6.24774436077925668375777e-02	-4.60855492995625504182300e-01	 4.58926787147688253210021e-01	-4.54885872330728746604223e-01
 2.11636977677414767073927e-01	 2.07465188649278237109641e-01	-8.62063735406748410383670e-01	 1.95456869924397147464390e-01	-3.61677637232673876432898e-01
 1.83598133720027673065900e-01	-4.35501988673799161899680e-02	 5.05278261301404074679056e-01	-1.82400214172050212368958e-01	-8.22082201485565988718918e-01
 3.82221477210451521244750e-01	 4.90177597411401377858198e-01	 6.85493074058595386333081e-01	-2.40555887323312123093899e-01	-2.93026920003670421355224e-01
-6.06590408491280638769716e-02	 4.04034579187141695832963e-01	 4.28308674048704485226580e-01	 9.60807087705667084431838e-02	-8.00247909538737589585367e-01
-2.30811301581768463231370e-01	 2.53500762448092886724993e-01	 7.95762336562206296086686e-01	 1.93019731503438207731449e-01	-4.60401122348505886794356e-01
-6.79405828576497117232691e-01	 7.61747225156950819556501e-04	 6.20480758405340115935189e-01	-8.56437193911204763807632e-02	-3.82198798552582041931913e-01
-7.33680317987259363043950e-03	-5.92952663902966525810712e-01	 7.44425079632229147463818e-01	 1.21594267543770770401146e-01	-2.81779070557979460787124e-01
 4.68408987898506656843978e-01	-5.94518377556673693895561e-01	 5.55296610407857160751632e-01	 4.18383620815313758689591e-02	-3.42105458493658920460234e-01
 6.47351418553367974340063e-01	-1.06027552539579558721350e-01	 4.36944183378017714236563e-01	 2.96154503772649950466000e-02	-6.14733279325658354963480e-01
 9.41739387228244684280298e-01	-5.59736459098719232874153e-02	 1.34709029047167555548370e-01	 8.35666041577484558500188e-02	-2.91314224968912072188942e-01
 5.53774189665303007146235e-01	 7.32831607988571498424335e-01	 2.86729996906084638741419e-01	-1.73740186150812575549551e-01	-2.09504744060699882313159e-01
 6.47416992138478558649339e-02	 9.10522000703283929112786e-01	 1.27946349699817912837219e-01	-1.36033120578894578533991e-01	-3.63156881144020671214889e-01
-5.87855909659428452207486e-02	 7.01678995222876578097271e-01	 6.01373661689095340143751e-01	-6.68498775674280648617653e-02	-3.71579944095034198081606e-01
-4.67879928793683286247784e-01	 7.67397468201871379989143e-01	 1.34745694233681462259611e-01	-2.34212869989203681386769e-01	-3.45220838661687845494441e-01
-4.96747952241233192705039e-01	 4.79149588920905589173316e-01	 5.00412055287253965119021e-01	-4.23829441209941579216114e-02	-5.21007297791395429520378e-01
-7.36778335365043779425775e-01	 1.37129165510627343271821e-01	 2.05176387408390642486111e-01	 9.30021332198616712538808e-02	-6.22580540789439473847722e-01
-6.76784687886588964822465e-01	-3.99115072422166039523006e-01	 3.48731856488743219291138e-01	 3.11086124511245176726959e-01	-4.05316124295826862855563e-01
-5.16805055790750755839724e-01	-7.03506273120974578993980e-01	 4.18997578353628385983143e-01	-6.61575713294756395654872e-02	-2.40947428038018690577005e-01
-8.86078442489613010701888e-02	-9.42443825051104244749922e-01	-3.57021134387344243887874e-02	 5.29972508882219153769633e-02	-3.16014140593255665745431e-01
 4.35717314274515710170732e-01	-3.74709579447281559971827e-01	 9.72845560419399457696699e-02	-6.32468337863800050824281e-02	-8.10110305010104836398455e-01
 7.25950126175683552176565e-01	-5.41860115014790366672059e-01	 1.38640837682167034072833e-01	 5.18625569040075899002185e-03	-4.00169777644899471447104e-01
 7.86505415570101007460835e-01	 3.46684078088589309185608e-01	-2.69227382760810651785022e-01	-2.73826855333915042400861e-01	-3.37275630528608816316449e-01
 5.43163518739501749443832e-01	 7.29807224641561336220263e-01	-1.47222453666529445870381e-01	 3.69937501812163602177286e-02	-3.86408874581628702937763e-01
 9.84749003929810545754364e-02	 8.78873799457323134909359e-01	-3.89069098486911568723912e-01	-1.06176357758347258974929e-01	-2.35022033596415380607425e-01
-2.16368203947581994039950e-01	 7.33276723846679190366160e-01	-2.70222532610290777643769e-01	-1.01347264344674253822021e-01	-5.76366690106836165874427e-01
-4.72018922595023482369214e-01	 4.25667113115992090666140e-01	 1.42322512474401911830579e-02	-8.11234486642922192345395e-02	-7.67608021469924683977126e-01
-8.34536752381833335512340e-01	 4.07758612205146753204588e-01	-8.08649582255405452446695e-02	-1.65228422905292937628019e-01	-3.21623615258467221433847e-01
-7.85012923774697335410622e-01	-3.10668019355839541972841e-01	-3.37277272458685120626320e-02	 1.86453077696841704180564e-02	-5.34560458853087117070402e-01
-3.44321413132179232619023e-01	-7.38080770378713113544222e-01	-4.02330521855937039976681e-01	-7.56517328862255228338896e-02	-4.11201297846036650796009e-01
-4.10639619442066741705766e-02	-7.23906137231493329586840e-01	-4.08197274485417871403570e-01	 3.84896011846509455978094e-01	-3.99379144016498932590054e-01
 4.07301073781864642064932e-01	-6.77643503090085030926559e-01	-2.01944649841263118572599e-01	 1.93752350326736044738851e-01	-5.44594806401322184541414e-01
 4.06778898289878954042109e-01	-2.44056796517408830515805e-01	-3.36469874072544750109870e-01	 2.14002799064055643230020e-01	-7.84829939422603706233872e-01
 7.61218899770759405143394e-01	-1.34757234151977378644460e-01	-1.69761780610619972264885e-01	-1.17800422706312413190233e-01	-5.99741838401848914585912e-01
 5.93997091918415875966275e-01	 3.17782801203417619717584e-01	-3.28223987773107683807439e-01	 7.45984814869884299559644e-02	-6.57940442944441983286197e-01
-1.12032728816304091856715e-01	 5.16392177251978057306303e-01	-6.89711485346814590080555e-01	 4.18945363040436821733259e-02	-4.93285618841147632807065e-01
-5.75703177940090404796081e-01	 4.51041420983950669398865e-01	-4.71308688759633775955393e-01	 1.45090999234430834130549e-01	-4.71109551280048055588168e-01
-6.83601286232445093382637e-01	 7.73838567657091219720300e-02	-3.48590183083714755252203e-01	-2.06926845821217897380961e-01	-6.01969421905760193602930e-01
-1.61859577661434106410354e-01	-5.02459322849944212130424e-01	-7.56198480370317560605997e-01	-2.76485992698389526633918e-01	-2.70287735806947038152970e-01
 6.20165109175691217635595e-02	-4.68806026212924720208974e-01	-6.07912564635383567690496e-01	 9.41872922483252827952072e-03	-6.37752666367046638917770e-01
 5.34128734813582917162478e-01	-8.68955352086241278319889e-02	-6.62421154987536953129279e-01	-3.00995189942930979620783e-02	-5.17153645436767783749588e-01
-3.10059933306724655466269e-01	-2.06149159277827891123547e-02	-7.76553595854702960465943e-01	 5.98403648460400505726398e-02	-5.44813276728222883882324e-01
-1.26891047522295352667498e-01	-1.30904570392920555077509e-01	 8.22706604361318261098290e-01	-1.58642597640208965481534e-01	-5.14537680702954469680321e-01
 3.84686181103569224681848e-01	 1.65752175809753474200470e-02	 6.61024061084503955498803e-01	-4.49559681592107240888367e-01	-4.61177934841041858859967e-01
-4.69520695050866521125243e-02	 3.11063936515811600980186e-01	 6.80100635714666168496478e-01	-3.57834808429548956176802e-01	-5.57182291306150156984245e-01
-4.23637884262843711358215e-01	 1.41989925062107474884598e-01	 3.93218811551885316646349e-01	-4.01054017274225960143497e-01	-6.96350806467606830985062e-01
-3.12038906187328324293162e-01	-4.72716745375297342501852e-01	 6.90432597463712438567995e-01	-3.95694370444826637456259e-01	-2.14241436759992243121786e-01
-1.18890678241559591410414e-01	-5.16663501873794173135934e-01	 5.25090636977571745269699e-01	-2.09425289238938328040263e-01	-6.31937262427564760969290e-01
-4.59669444133066415481004e-02	-1.30970009861598873923683e-01	 5.06187974758432357447191e-01	-6.27193179105467568668075e-01	-5.75444477627242823025711e-01
 8.55094467349405529255080e-01	 2.11725534536640544458486e-02	 7.96984797098433672690732e-02	-4.40343167046161276800831e-01	-2.60981268401362376252450e-01
 1.46906028283712741799860e-01	 6.79505359163323330307094e-01	 3.40872266403263179945782e-01	-5.58364745957872443682390e-01	-2.97869089015177390677991e-01
-2.94218413616242790986632e-01	 4.49074773941321947479111e-01	 4.26930865576025275753835e-01	-6.37128537020183127737027e-01	-3.51517618095763706431711e-01
-7.19001789348870823381787e-01	 3.68131253551378379018644e-01	 3.66476253793539652470201e-01	-3.89764229560834674082059e-01	-2.47577882356471684621724e-01
-7.61725618117695124631439e-01	-3.76072492833494668659777e-03	 1.18432440380020265191519e-01	-4.30236155422270061254864e-01	-4.69713260707344482103309e-01
-2.86213153476522430551654e-01	-7.37857156403583402948243e-01	 8.98279474671617311765104e-02	-3.87604035860684092984485e-01	-4.64050534704345651881852e-01
 3.13177476354373429678901e-01	-4.75563129588980004758270e-01	 3.74382375643635245676677e-01	-3.89156503749273352532612e-01	-6.19802089764878605393505e-01
 6.30057788813208619060902e-01	-4.14900907942158947427913e-01	-2.56668935823106299232155e-02	-5.00693088744282976954025e-01	-4.23712238201973956375213e-01
 4.00055750054436665141822e-01	 5.92885398519604978062603e-01	-7.24677031656852932428592e-02	-4.37856728822735796757826e-01	-5.39881670454901207989451e-01
-7.29112859317540829007243e-02	 7.16660944505877250954029e-01	-1.64207163960063518004517e-01	-5.64606537048836898406989e-01	-3.67881095776386946027969e-01
-4.40723305135309828539647e-01	 3.96071086831073726486352e-01	-7.70498325025945896005197e-02	-5.52278511657967263737135e-01	-5.81328161505395679675701e-01
-6.76358904490703682910180e-01	 1.56733443328784222137173e-01	-3.23542371459148880852297e-01	-5.86757269861198693661208e-01	-2.62696593419215418396817e-01
-9.28215791161729919522827e-01	-1.53062925427054213889377e-01	-1.74258861878490795005447e-01	-2.57152067090335167964810e-01	-1.35992092952849863429776e-01
 1.11252699984321270360033e-02	-6.42787935533393417486536e-01	-1.37654424388480106644650e-01	-1.82706759991164424672405e-01	-7.31005743889873604857144e-01
 6.98737399898471056580718e-01	-5.26186459154416974470792e-01	-4.00078522732732644318077e-01	-1.00452090323925588566389e-01	-2.54441367279790442434972e-01
 6.99492644758466952659148e-01	-9.33429378148231403411472e-02	-4.39065847370215478484567e-01	-4.76694777768842947729411e-01	-2.86322207329245459472844e-01
 3.09040955101249736891589e-01	 5.45651475825939535901909e-01	-5.30893386860588956110973e-01	-2.16557816070832409582891e-01	-5.27269455862376057453389e-01
-3.04512606173929278874368e-01	 3.25513091953619548846177e-01	-6.04009400561851483857367e-01	-4.04258030754087283042963e-01	-5.22552761213349703517395e-01
-4.49847825001995993421389e-01	-1.52835758760673984246736e-01	-6.81429138393008670959716e-01	-4.13665289440508010532227e-01	-3.72576868372266611917354e-01
-1.10622891121335303887818e-01	-4.70222270161670230503859e-01	-4.15208000463429260928905e-01	-5.31802763187550486811972e-01	-5.58069646210228254012975e-01
 3.43625330177153687216673e-01	-4.30651521381174129388114e-01	-6.92684162170280282033730e-01	-3.64567659905969176925566e-01	-2.89378597034861351211532e-01
 3.74600118945842663897849e-01	 1.85223671574601150835448e-01	-7.70462112074406957340500e-01	-3.58175444715817803409408e-01	-3.21660421927620510107459e-01
 3.65229570181340931767089e-02	-5.12630575494135154457354e-02	-7.07211708104746095138182e-01	-3.33484356634111300810019e-01	-6.20224117832608445866072e-01
 1.84910870000828758685785e-01	 2.34824088065470892860986e-01	 5.05038016344856566242072e-01	-7.79231416211323080212026e-01	-2.20001408758000699394941e-01
 5.72267226641527626540551e-01	 3.76731337669702737169786e-01	 3.07919614649770301273435e-01	-5.53994432432470262916979e-01	-3.58969915560305385948681e-01
 1.21445462560906575211206e-01	 2.60595718110727792016235e-01	 1.81130591845624772107115e-01	-6.88862282760103306067379e-01	-6.40313466525509578097797e-01
-5.57230104030374095991363e-01	 1.53490362978739414145934e-01	 1.82724419083016453857482e-01	-7.88324053520044643050824e-01	-1.05319955124626801756804e-01
-3.36091409527063011974946e-01	-2.21383432342271216364260e-02	 1.05315110702291811484166e-01	-7.81404900563936744006810e-01	-5.14652860706499737375452e-01
 2.04424382659040448917409e-01	-1.85267788106191322317073e-01	-2.98561631727943116443313e-02	-5.94050887875858690811981e-01	-7.55048786900034185620711e-01
 4.94426489714128281072192e-01	 1.36012785403342773005164e-01	-8.60625117378688853086999e-02	-7.61515245738899060334859e-01	-3.86950569267423272190598e-01
 7.50421948533191857100277e-02	 2.98446225285125654735907e-01	-3.87271957255155840904592e-01	-7.01961408404813469452677e-01	-5.12414999623106326431810e-01
-2.66270228655639762394003e-01	-6.24557524970638378025711e-02	-3.95819335617650758241126e-01	-8.08292784661875929330677e-01	-3.39395450951321286936491e-01
 7.75781949602331599713523e-02	-1.43284470280567649558279e-01	-5.62615185794453250001101e-03	-9.30579596942342379684021e-01	-3.27782159998112054832831e-01
 1.74467984861659264339551e-01	-5.92910896214981053553572e-01	-3.46646736320922743690431e-02	-6.55923872796088325287656e-01	-4.31948868393032259227482e-01
 4.62764241818467092492995e-01	-3.01403047622786190995470e-01	-2.23696076318290526518950e-01	-8.00157724065690856285471e-01	-6.86523228717807326715317e-02
 2.45500968751588194427526e-01	-1.73484096750522703844766e-01	-4.59843528313400473628292e-01	-7.05655556952447193808098e-01	-4.47466989762486888615456e-01
-7.74097745468090570053477e-02	 3.68723795837844980916032e-01	 1.77275228899778924951391e-02	-8.85572787186340915077665e-01	-2.71103417010454594837654e-01
-1.34934491470913187072256e-01	 3.30411823701811432213438e-03	-9.54381914520247287558874e-02	 6.92225382561832081051989e-01	-7.02493656315595349504122e-01
-5.03524264734887191941048e-02	 5.00962877217043314748146e-02	 4.67533860884637719745882e-01	 5.33007771158412135825699e-01	-7.01619412442231360493849e-01
 9.07533406251146146370701e-02	 4.86663147757621927791405e-01	 1.29881873874386322142982e-01	 5.66237522294006700995794e-01	-6.46087129546199068208523e-01
-4.09216312580686636390936e-01	 3.29195900094049864748058e-01	 2.13382065446810875730677e-01	 4.62574139271048456745206e-01	-6.81663647778312786762456e-01
 1.98015483010877402225702e-01	-1.73534443515304309668679e-01	 1.10717066169126562846792e-01	 3.85937127035879234959737e-01	-8.77194351689518869719109e-01
 2.43219627038678887220868e-01	 2.09177744435055490423991e-01	-2.67182815297799247655774e-01	 4.64333008067536467944336e-01	-7.81087117474564385233293e-01
-1.93448977595143734031780e-01	 5.10456889422557513746881e-01	-2.48162225180673795543740e-01	 3.57000840402862229527869e-01	-7.16224243553279182883387e-01
-4.26084452753028475324726e-01	-2.06019010492729803818435e-01	 1.15980738158828602935024e-01	 3.86793060018009282607920e-01	-7.82909831037895798111492e-01
 2.68039878505679951548046e-01	-3.77647665910558649748907e-01	-2.41198826439631114348927e-01	 6.50575116485162197044190e-01	-5.51463514565949997070504e-01
 1.42771851775100794279538e-01	-1.98279506915463421545809e-01	-6.76874793134105035008474e-01	 4.17119265887499535150340e-01	-5.55115724802680565730384e-01
-6.38676932042273187706272e-02	-3.18259667064017370829987e-01	 1.85231229287047799436650e-01	-1.73403344433523745604653e-02	-9.27372851976632550652369e-01
 7.20948506454193505099681e-01	 3.66213507768233526018520e-01	 1.53721573670371147724012e-01	-6.73473613682590288576080e-02	-5.63874922721867122277217e-01
-1.18572599333462522230853e-01	 6.04349122701547614155970e-01	 2.19639489422684380803830e-01	-3.40808866384462005871825e-01	-6.75507577941992010117644e-01
-3.20297635564242677563840e-01	-1.15736634304393730399152e-02	 5.06117083056647265593142e-01	 5.11091025085593508858750e-02	-7.99067477029164807689199e-01
-5.72251853402893972955212e-01	-3.53027952160081925914170e-01	 3.97083696631800930898493e-01	-2.20994960349174207614453e-01	-5.84281478946665266960281e-01
-4.10144572054009004524744e-01	-6.32371345598052525538435e-01	 7.72275215885737248422416e-02	 5.72456470339393966306751e-02	-6.50112880264723136392035e-01
 5.53323478975482285768805e-01	 1.31874525158095154409033e-02	 1.97031797456790669365034e-01	-4.12569067990437687853955e-01	-6.96149735070738961972836e-01
 2.01645197720496799353995e-01	 5.92064022892812347187430e-01	-8.08749286363756175743944e-02	 6.43623169555183338719218e-02	-7.73379690130546082471596e-01
-2.80301800518311217125245e-01	 2.18657964482619787682793e-01	-4.14523606462610660905455e-01	-4.75381531314213873207208e-02	-8.36379040194453082790460e-01
-4.67112329614557675316888e-01	-1.17667020055774784736968e-01	 3.31248093924410569321992e-03	-1.40774386871233836426853e-01	-8.64946323990286702887431e-01
-5.07971421872185691093193e-01	-4.35419127425892338312252e-01	-3.50601469610702209944719e-01	 3.21299120877701349652256e-01	-5.71157335996708259706622e-01
-1.47731541906898661276060e-01	-1.51225971814218068667302e-01	-3.88772897990782406729693e-01	 3.11837329926943074287493e-01	-8.40784877615278647411401e-01
 3.59625929040616021392651e-01	 1.36488658336134771609238e-01	-8.64171333617071504851204e-03	-5.61513313171862551986813e-02	-9.21310146524610185103654e-01
 1.73243296613294073260647e-01	 1.77279244796995305577525e-01	-5.75678770443421972125009e-01	 5.34936631883303065349011e-02	-7.77361698826362634839882e-01
-6.14287189615980860901701e-02	 1.29717889414466075459487e-01	 1.53023292571603269918157e-01	-3.30756756921936179161037e-01	-9.20099788791206019133995e-01
 3.29133832435008488737083e-01	 4.45182930230607787347452e-01	 3.61616939619951727191705e-01	-2.34890596262012141259845e-01	-7.12420294310535773263382e-01
-2.41926667800285460918630e-01	-6.06085297562760066253373e-03	-2.78372969255188118520294e-01	-5.38499779692406699282969e-01	-7.57602290603412886760282e-01
-2.12618317129908585005893e-01	-3.63646205280621526156892e-01	 1.41072482308212371338030e-01	-5.04822986188400713025715e-01	-7.40139984028071795663095e-01
 4.45636576192470268420465e-01	 1.19132939551849795223326e-01	-3.47510505670015568124853e-01	-4.07793315765442976328359e-01	-7.07217395670654891404183e-01
 3.41856493261494878699303e-02	 4.09586501028723681816501e-01	-2.40363993730522779168624e-01	-3.44180635063251805227935e-01	-8.09218808803012779051755e-01
-5.71102226063667117728073e-01	-3.62463148578360816465249e-01	-1.94026945672330197734112e-01	-4.93207011443631715419400e-01	-5.11432401714726037056380e-01
 4.02481412157434881304852e-01	-4.36433949582574476355745e-01	-3.60977937697800288496808e-01	-3.04180851336017410435630e-01	-6.51692457141749392768304e-01
-3.78640624969728389892509e-01	-3.36972283254904303451127e-01	-4.30368289486890431838617e-01	-1.21642550787127740052895e-01	-7.36930921242038294849408e-01
 6.76115133526455081014461e-02	-1.64396650672795768821643e-01	-2.82510623786224657205679e-01	-1.72228613181013179289636e-01	-9.26783403368551472745196e-01
-1.13317743254137695552153e-01	 1.71029810741563481624183e-01	 2.08536699217450917365202e-02	 1.92383731364980575806456e-01	-9.59406856999873824953795e-01
