 2.18736376873151255884054e-01	 9.85859730574776271794235e-02	 9.68200338452854386561697e-02	 3.70001196550317545952424e-01	 1.07491498684442812749928e-01	 8.85779756292059627931224e-01
-2.95337484126699578723674e-01	 9.16409566160296396031271e-02	-7.27517779668784558833039e-02	 7.69427550896297635096843e-02	 7.25008910763373926045006e-01	 6.06239866798441218165294e-01
 4.24680585876595351191298e-01	-2.48763216868401915160547e-01	 6.93994029158968156467679e-02	 5.75078632203382844600981e-01	 3.79982370067542818414807e-01	 5.27109998016213499028026e-01
 2.00719730516047051294137e-01	-8.00216306692602130645753e-02	 6.69266749256948956237068e-01	 3.56597480002462718928768e-01	 1.37058606869888938151192e-01	 5.99535922430351586598363e-01
 6.07568647098282843543871e-01	 3.75328009808556517512557e-01	 1.05204669937706135618427e-01	 1.20389864581122593700790e-01	 3.46809516205374313013721e-01	 5.86643538714219592300481e-01
 2.05540041791721916908386e-02	 5.45151551995950667262036e-01	 8.25476386418487473317640e-02	-3.19003165044519296222880e-02	 5.35317425938782287531126e-01	 6.38741597922395931696826e-01
-3.31669139301575877087913e-01	 1.99611799616113777533499e-01	 1.97896684070018230583443e-01	 6.24870042513838014341943e-02	 1.54911233394918385064543e-01	 8.84921181795764510980007e-01
-4.92122911031300167006286e-02	-3.59974106962446416257961e-01	 2.37559320574785293178621e-01	 1.21343140447616779087348e-01	 4.00348662483541395396003e-01	 7.97846572119580987880738e-01
 4.48252465843211489460174e-01	-2.85692187116599771723457e-01	 3.93366247207531882779108e-01	-5.57304248693710410633706e-02	 5.39788923703791834185495e-01	 5.17913828966227507422104e-01
 3.44542787466555588959949e-01	 5.85293924323697645206721e-01	-2.38773436819992190827122e-01	 3.76261998929406871194914e-01	 1.53707575324861008686517e-02	 5.83008733723805461224288e-01
-7.86048907845130900851061e-02	 2.79352323924411560795988e-01	-4.02011855119130789848469e-01	 1.41644307849094985840566e-01	 1.71190658672904366666145e-01	 8.39524071747527966813607e-01
-3.81415130906290145151871e-01	-7.32506797993400377011497e-02	-6.33313530096870969110512e-01	 3.29118114738349787362637e-01	-8.31549245323245783678701e-02	 5.76920560820993633122100e-01
 4.51458755641386710877327e-01	-4.57485164647186526298839e-01	-1.45157677073698559988557e-01	 7.49886924937554349979152e-02	 9.22086983049150987756803e-02	 7.42762288234954159982237e-01
 3.70411187700430688529707e-01	-5.99523375119897367069299e-02	-4.89639288297242125658215e-01	 4.51724975940607342828059e-01	 1.97391992015260170356683e-01	 6.13543465622998995812054e-01
 8.03178067531490347263912e-02	-2.15477707379698735223883e-01	-8.69747874759844163961020e-01	 3.12413865462271234108016e-01	 1.55764110255311977182302e-01	 2.62282596667754219765811e-01
-1.04141134292011924844523e-01	 1.05474665971335826442079e-01	 5.43561509457024305547179e-01	-2.23299358632276026548347e-02	 6.56984052893747283441428e-01	 5.00443735729661942635005e-01
 2.45414801482981254077131e-01	 1.09235563122646081590794e-01	 4.07590775742848743234958e-01	-1.86278211116525899138097e-01	 1.89633646808004874273479e-01	 8.31293230186084253219292e-01
-2.25236681243009495556606e-01	 3.95147651652062670279975e-01	 4.18308991006299923931522e-01	-4.46599841951781095783502e-01	 1.58103886059338893943504e-01	 6.27452070871844402866202e-01
-6.52974332892333059197298e-02	-3.45397187355137746944678e-01	 5.17907836949442645924080e-01	-4.77281871909193411429584e-01	 3.24778864855250815057985e-01	 5.24336918678761754186723e-01
 3.61334667870010339818521e-01	-4.59411892774862107291511e-01	 3.18924900046548609466868e-01	-6.81127438533063012116031e-01	 1.92809661618621341894197e-01	 2.35700499716245820414073e-01
 2.60195975512181931765809e-01	-5.01332551904744641579903e-02	-1.54335035750756605077427e-01	-4.39606818145915415052549e-02	 5.58578956050803321353726e-01	 7.69429929300046389073486e-01
 2.05380191925997566959605e-02	 3.27280446546504677485245e-01	-2.64206137620901337914603e-01	-4.44515073534999305415738e-01	 2.46567873095485418089012e-01	 7.51180037858270921447001e-01
-3.20968936794150117020052e-01	-1.43479680775762119537831e-01	 1.96846020013237907320125e-02	-4.26404093195638211888365e-01	 3.64534643174292960488003e-01	 7.49198960552912129884362e-01
 3.42777446276663483315517e-02	-7.10051040037948388849998e-01	-6.67377465962321753112363e-02	-2.26607222535798430440579e-01	 3.44647868198383167115395e-01	 5.65743443253606259624178e-01
 2.93520004511545196113076e-01	-2.46154976945263226362215e-01	 2.42565945859132521891799e-03	-5.86093870215872447815286e-01	 1.54382819842414170663503e-01	 6.97070850549422416086998e-01
 6.12595759647912505019285e-02	-2.67061677212088566246706e-01	-5.74852436150104173506747e-01	-2.34952525964439579153620e-01	 2.58537763257468744537704e-01	 6.87332188306589597637242e-01
-4.38314016866644604042413e-02	-2.04503399810767698407954e-02	-3.51936261087146429193950e-01	-5.49416975968283760600741e-01	 6.35278221806632847901142e-01	 4.10321858263619165807512e-01
-7.19302250586773134211072e-02	 1.73007347185356735730366e-01	-2.46332342153593064626449e-01	 7.25504492426954028516661e-01	-8.00462426622934319908609e-02	 6.09467561282777126052679e-01
 4.02878239828014517165400e-01	-1.39703199593130766853477e-01	 6.11129978069613222224632e-01	 2.90607177232398428134985e-01	-4.56238104802851651697893e-01	 3.89982756116313555860842e-01
 5.28341391508323376946521e-01	 3.68400774207853387576250e-01	 3.00780715694459965803276e-01	 3.62370558906477902016974e-01	-2.75652395389674176318096e-01	 5.36069528701429764971920e-01
 8.51250019002380703403432e-02	 5.84787912676117294097367e-01	 1.40555055781499682598934e-01	-6.07099449744097560688338e-02	-2.13590492318340874344784e-01	 7.62702112037240032016427e-01
-1.53635517145719435738727e-01	 1.74894610624749591298865e-01	 4.50004778461280008361456e-01	 4.06265083677412930374118e-01	-2.79156443946078747231354e-01	 7.07335891918233983233222e-01
 2.12036641569327971579284e-01	-4.14003106127200981578795e-01	 3.92540074763332580420894e-01	-1.82492672958845414399320e-01	-1.46779046110164235194873e-01	 7.58094002346116124790854e-01
 7.00653819091067608937351e-01	-2.02025343022339542997656e-01	 3.15457894406454608660084e-01	 1.46585444739828846261176e-01	-2.96410140166158443675304e-03	 5.89287896464674387786431e-01
 2.17539480574650667676906e-01	 3.21154140397348963897883e-01	-2.23998292707069668328046e-01	 4.69468111768987117482510e-01	-5.56284386570743083488821e-01	 5.19142302890973073026259e-01
-3.59740892202660145215987e-01	 2.15612582331394853074613e-01	-1.18451779475129692631441e-01	 2.38626559598513726667690e-01	-3.86734625988990443623550e-01	 7.76891610761841988619381e-01
-4.58133490717209934661724e-01	-3.14080551003780350516337e-01	-2.67263702351877407981107e-01	 1.38627639975834798802268e-01	 2.86643931385056061067473e-01	 7.20176964088995674728721e-01
-1.07026752210263351172692e-01	-3.68978185431441840780309e-01	 1.52357772148905609016500e-02	 3.99377157862299381196891e-01	-1.66510715693319266694772e-01	 8.15438723275288213088174e-01
 1.59786057003478060289936e-01	-7.57768696827368776203215e-02	-4.77761523712008917552652e-01	 1.81039404403517428798764e-01	-3.34851793139627262885227e-01	 7.71731312798141000364183e-01
-9.14538503426395033013563e-02	 1.27308391982048130230964e-01	-8.82301001566398013231662e-01	 1.84812804815894127230536e-01	-3.41862632711631642123962e-01	 2.14354558512144688364742e-01
-3.21899527423409048676461e-01	-7.79680977029321847782128e-02	 6.70478058320071901299286e-01	-6.63135053622401632322791e-02	 2.50647615596360931813913e-03	 6.60573296372454099589788e-01
 5.96515957523585868549354e-02	 1.14203210842853300488464e-01	 2.18135781030475539576940e-01	-5.24331804958768854518780e-01	-3.09921093573026273926274e-01	 7.51559158588852138649372e-01
-4.34257569004226628983645e-01	 3.26408768881128463767993e-01	 3.47725447190047110002098e-01	-2.01888520752411954051198e-01	-4.92860998179732223700711e-01	 5.47990651743447299004686e-01
-3.62216453880540467658022e-01	-2.59588115867782076584547e-01	 2.49576448186210803070750e-01	-1.48498356455196989234224e-01	-4.59245090849752624073687e-01	 7.11454167047803953671803e-01
 1.39716930258085153537806e-01	-1.35199169009979164313151e-01	 4.14832267831002021729603e-01	-2.18066435348897746937524e-01	-7.46884223831740023946679e-01	 4.29797091230199657108102e-01
 4.90959791387570620990743e-01	 2.01700566224961103101165e-01	-1.50535439195393250244592e-01	-1.90329671650989906694917e-01	-2.21571740434432160049560e-02	 8.11725398209941495508701e-01
-8.08944621683692181857150e-03	 5.02320786253385054287435e-01	-5.29424889910901641520979e-01	 3.50285835172332296258424e-03	-3.40032316980635518355314e-01	 5.93029027866818658765169e-01
-4.64600351073874706653299e-01	-3.26071777680224106354956e-01	-3.68120375131522459266620e-01	-3.96032614230423574142037e-01	-1.02605103827971666508034e-01	 6.12324636226393770321863e-01
 1.71867621213625310083728e-01	-5.81815677915806683806466e-01	-3.38759441401909944246995e-01	-4.13543954395522161959775e-01	-2.32065380645791463631866e-01	 5.40667305706054479585987e-01
 6.27939345597841369617242e-01	-2.54892641010834641868144e-01	-2.30367511268828525916597e-02	-3.09893132456751596581768e-01	-3.81568178083678155587677e-01	 5.46409370194398613662656e-01
 4.52916771379750393577979e-01	 1.78461795202715461927667e-01	-7.00380474242999095935147e-01	-5.20951095497742058815227e-02	 4.61607960602460828947180e-02	 5.17339596032625581578657e-01
-7.43463364038724067173192e-02	-2.06382614780856399328002e-01	-1.38236474492606647990200e-01	-1.55484445309412522284731e-01	-1.00796212263507170558974e-01	 9.47857703750699220890397e-01
 2.42320006834275986085103e-01	 4.79549938195370784033145e-02	 1.55495424542761828679005e-01	 7.22707046854438733829440e-02	-4.68483577319244004488752e-01	 8.30724135214755965428424e-01
 7.15385692926059635343705e-02	 4.19098286278092924117544e-01	 1.12651658273017658828952e-02	 2.49182849525464517048690e-01	 8.67998616143740298056741e-01	-5.99855437262814192300731e-02
-3.12705752090635336060132e-01	-3.04964368652420846073081e-02	-2.60147853982622356827648e-01	 5.29890111724344525789832e-01	 7.27035816716412930382774e-01	 1.55703451228451972276901e-01
 3.45027573800648135193825e-01	 1.63680132772095893178843e-01	 3.37905407869698803935421e-01	 3.40470948659464311969458e-01	 7.00380338761404153125056e-01	 3.65419809234180548163096e-01
 4.48456661316982585496760e-01	 4.39729780315728013828647e-01	 4.18351544165921684914622e-01	-1.80743973487689446599802e-01	 5.99675552921368204550845e-01	 1.95517712737819010504481e-01
-1.35474679394393510666050e-03	 5.01573940934508688549442e-01	 6.00278856104068503363180e-01	 7.35910853454278535146216e-02	 6.08077427066336051453277e-01	-1.13636421102603316080071e-01
-6.42656210493919965998089e-01	-2.99819844703071602953770e-01	 2.09108670776099847543605e-01	 1.40180988362744035624630e-01	 5.81773924222120708549255e-01	 3.08647065819378063622480e-01
-5.74227552010964092943368e-02	-3.37082675492462402466742e-01	 1.51310849618006781902579e-01	 3.28545098000444180108559e-01	 7.93042494394336716645455e-01	 3.51176087626310973188737e-01
 4.14009245908718070960930e-01	-3.53807470624041997542264e-01	 7.22089177498977524694013e-02	 7.83565151598486359096896e-02	 8.31669883514840058147399e-01	 1.96964874157183993108600e-02
 7.93200923993027939840061e-02	 2.63917077024668766949134e-01	-1.65027512779848395396698e-01	 5.40716110844623787379248e-01	 5.50646130716213821898464e-01	 5.48850567661676835840012e-01
-2.75747290700799507767726e-01	 6.25304604598471702736617e-01	-3.39554212392349230587030e-01	 2.76708721626140019544948e-01	 4.94664977223841506592805e-01	 3.10482469182870979285127e-01
-5.13068605043647596453127e-01	-4.09567895212941845972665e-01	-5.90868743740122770446987e-01	 2.97384705095969870125572e-01	 3.10980511767620315666250e-01	 1.86392950178130956118139e-01
 1.48413387919314521123937e-01	-4.48094861040892689096893e-01	-3.88389793507264713401383e-01	 2.28894813612294745208686e-01	 6.14144602407773909646949e-01	 4.43589226344856757400237e-01
 7.38921020520517335405941e-01	-1.22084222071237369355856e-01	-2.46498377544634383884414e-01	 1.05879747565434598199907e-01	 4.70546843689317706438402e-01	 3.81713066283486557317417e-01
 3.30780615772110209160672e-01	 4.66664762742315889637590e-03	-2.98410216951144113828320e-01	 4.16357205689694087613617e-01	 7.85326936784770390787003e-01	 1.06873891475117194227451e-01
 1.03586919750498895193003e-02	-4.32677385144070794642523e-02	 4.79170977091646077550280e-01	 2.92529128650598768679458e-02	 8.71595892202380984059573e-01	-8.87729846422701113217713e-02
 1.48764791758611486516273e-01	 1.39493473916984050964274e-01	 2.33124920604009605584750e-01	-5.45174390815317266856255e-01	 6.02666250635431000048925e-01	 4.93600701787530071751320e-01
-9.01837889201628550850387e-01	 2.35107672555477931197743e-01	 1.25523145055902646261003e-01	-1.97269576377921307397401e-01	 2.76580467580228139823362e-01	-1.56429904414110525212589e-02
-1.66940367834798125690199e-01	-3.36755397378047216516705e-01	 2.17640626362082173494983e-01	-2.98055985004090251422326e-01	 7.98152352305951939825945e-01	 2.92360609508828417357762e-01
 2.06085103650154227716840e-01	-7.08423491519469816779520e-01	 4.15197047401334895511127e-01	-1.60650347192495490666886e-01	 4.77676826567319579019966e-01	 1.71151435441213112254033e-01
 5.36504579400072900696728e-01	 3.07703577948513329332059e-01	-2.08682541016088185514832e-01	-4.35789856381499085546949e-01	 4.82305971739914518536807e-01	 3.89102932621320340977888e-01
-4.30027378754198941201992e-01	 3.06468602097709263976100e-01	 1.73783768329011045761234e-01	-4.92634054413854452492139e-03	 8.26379112091392586947336e-01	 8.95876419118289551990486e-02
-1.65718492495251001894729e-01	 5.43398988140250047140789e-02	-6.65875254293332718980025e-01	 1.62770848965589215451288e-01	 5.33348154455229539472327e-01	 4.63939758188489759227480e-01
-3.27390532730618077916773e-01	-4.04497126860756062161073e-01	-3.54235217466909280137344e-01	-1.38782299273120357518962e-01	 6.84013602937277864768362e-01	 3.41437825308147591130137e-01
 4.39531767908976633840723e-01	-4.06750615952848892931115e-01	-1.06130281201312473560172e-01	-3.96794934373612295797074e-01	 6.02182227493499588888426e-01	 3.31711425457920205950302e-01
 2.47834506371157364812419e-01	 1.12299174594387346504121e-01	-6.34320590120843602610634e-02	-1.32736866502911249332541e-01	 9.09444521730783828061817e-01	 2.77911699810435508517514e-01
-4.52506591952049688765136e-02	 1.37443019206366034978828e-01	 6.39436015546969854783654e-02	-5.44557649383478059590402e-01	 8.18554852065563887109079e-01	-9.16402247482838994141474e-02
-2.79906022574254675916450e-01	 7.37490207439269324085629e-02	 3.31100002918057953471553e-02	 9.27663826626782928030934e-01	 1.93411725628704761481558e-01	 1.30954791833402306444611e-01
-2.05717138003276123203733e-01	-3.30920907528219738168163e-04	 3.49445418225586834637397e-01	 5.79168208370175463528540e-01	 4.05356434041471480611563e-01	 5.79498573853898246710514e-01
 2.54143159280152131085373e-01	 3.48501286416655453592739e-01	 2.45803742026525884334376e-01	 7.64123079643896807588987e-01	 1.02915578809687824346497e-01	 3.98826943869882766247059e-01
-1.76202987977027686339326e-01	 5.50158716461133900921254e-01	 2.74275869917466885716806e-01	 4.78988374970596986202054e-01	 5.46130836844751943459642e-01	 2.51717871040376239832881e-01
-6.58825844584943309811820e-01	-2.85180806798611741204041e-01	-7.72622643162588357279574e-02	 6.20855420762463250383689e-01	 2.93709675752644450152928e-01	 8.32113533869908716944508e-02
-5.57321332141288316996963e-01	-3.29107408569335346815166e-01	 2.70331418398924883117473e-01	 4.42499918957347193604335e-01	 5.38680230036884047373213e-02	 5.56142273534279363289556e-01
 3.09176977398231689342367e-01	-4.05098541583204241334215e-01	 4.99784402779268333016915e-01	 4.95976630335448864794756e-01	 4.74859753770324077848386e-01	 1.37969980078657156186139e-01
 1.46055919731037431308351e-01	 9.48950729261637537792495e-02	-4.27185554250567034451080e-01	 8.11615243187076229602894e-01	 3.43328793312357993805506e-01	 1.02864631407291184927999e-01
-5.54477411303414546850377e-01	 1.86916713666773537383392e-01	-1.21584872292313461716873e-01	 5.02408037408545116164760e-01	 2.58451545544202243576137e-01	 5.68878742693947336839244e-01
-3.98802757558541498550397e-01	-5.13451196792999997597917e-01	-5.87735994906617209565525e-01	 3.65694649244798108966847e-01	-3.03224184871350888048624e-01	 7.88235154601511361915911e-02
-1.31906067908506896557697e-01	-3.29427606214103940729387e-01	-2.20809734493212228567671e-01	 6.65908870153043119799463e-01	 3.07980546996145021498847e-01	 5.35756159077477867036521e-01
 2.73998363346277529206674e-01	-3.23759698889430347357177e-01	 2.03880144014820623155071e-02	 8.94311129395953030574162e-01	 5.62925398915673780297908e-02	 1.29335366077662383688107e-01
-4.24715336986066505087223e-01	 1.25677384949609116659985e-01	-5.94502236777945003431967e-01	 6.34625194867848962942958e-01	 1.86879926896025311267024e-01	 1.12764900874965018351404e-01
-2.34756235496953763464134e-01	-4.14828750337022544858456e-01	 6.83449622487528829495318e-01	 1.71487149294629465101636e-01	 4.15260314837988309122352e-01	 3.22264270216593540219208e-01
 6.14573997264200921897270e-01	 2.48284401385839265108402e-01	 6.87656447389157432503737e-01	 7.04894248342353979541741e-02	 4.70499910168291068934820e-02	 2.83901052500964146130258e-01
 1.58124370689834647940586e-01	 5.17475816618179429440261e-01	 5.54745792652856839488607e-01	 2.25099183464798874299007e-01	 2.36914908256179307377565e-01	 5.40993763358407764307856e-01
-6.16400066015428516053021e-01	 2.43684574033493722700072e-01	 4.32110196526061529631590e-01	 1.61262846305390866730178e-01	 3.88496556095826672816429e-01	 4.43862912795904340779174e-01
-4.37437174864205358115754e-01	-5.86287247148547630004600e-01	 2.67930518976487619386972e-01	-1.31678009568143378205107e-01	 9.89098088333135450067601e-02	 6.04985099313627650019498e-01
-2.97879978183448912432141e-01	-7.52175173536906882532094e-01	 4.62639757122333461492047e-01	 3.40157173576453086827343e-01	-1.17668897975459013638400e-01	 4.37219596502712373742305e-02
 2.91149693217381488885565e-01	-4.00586892413747175378802e-01	 8.01855095135152073915208e-01	-5.99273678373878557201770e-02	 7.53187184060551268016681e-02	 3.20197135235888441506802e-01
 8.25225649613160361361963e-01	-6.31166904796325312076988e-02	 3.27535447949027780367715e-01	 1.64912108619916841778519e-01	 4.11332425055675854341786e-01	 1.06532030247316653048806e-01
 2.96358874358619794886494e-01	 4.57426344612445190396244e-01	-4.63697088885920705170207e-01	 7.19286345346373534592743e-02	 5.61388331718708832873688e-01	 4.09373886741910331110716e-01
 1.57017002325771454218639e-01	 9.15759165447787570890625e-01	 1.21347070059028408484103e-01	 1.00281189025204067744035e-01	 2.01626077737279141288695e-01	 2.67013685737382100437998e-01
-7.60788544169781810744269e-01	 4.70352191583233825156185e-01	 9.52704283243827054761255e-02	 9.48680174410065635282052e-02	-8.74486642079485010370377e-02	 4.17427769577947194168388e-01
-8.62920566445555370371778e-01	 3.56671077642813971753100e-01	 3.42133787895626262365312e-02	 1.10394745957519566093019e-01	-2.64797975896484960589561e-01	-2.11372455907331585622799e-01
-7.79557906272338119180176e-01	-5.49319248591521938629434e-02	 1.17563615064338641835739e-01	-1.26231359757747629846136e-01	 1.95478489543487767010621e-02	 5.99278129275154669564074e-01
-6.84457759231503981567357e-01	-6.76032601160307167198482e-01	-6.92255342525125855202006e-02	 2.18904796884363345155222e-01	-3.37909011893515812130495e-02	 1.43680855723714556715365e-01
-2.55950931581872931364074e-01	-7.60777386257884602471790e-01	 6.70900606726610674451772e-03	 3.21048713537997576494831e-01	 3.67722045987595835825346e-01	 3.42593197318445619181659e-01
 5.17444437565696802039383e-01	-6.97605073007147469255074e-01	-5.47017603767031585643155e-03	 2.13416216552689386176667e-01	 3.82250617168471973350563e-01	 2.32177685206367501180580e-01
 8.32949223433484209344613e-01	-2.18397163035730285107761e-01	-4.95882055565834867216779e-01	 1.05722825149533308786154e-01	 3.72442388707351634824505e-02	-5.89985090011531810444412e-03
 5.63090380345270702378002e-01	 1.91191153458945328758034e-01	-6.18510796040389831951245e-01	 3.62600412086404200184830e-01	 3.62650439039198080326543e-01	 2.87256297160947311752910e-02
-6.39214377568099595405826e-02	 2.69447739754975157389083e-01	-7.02175987189242567509950e-01	 3.37369313474524756824025e-01	 5.46265158705561915120086e-01	-1.34302535571615810905399e-01
-7.39240708084976994030058e-01	 8.49040057476190268559435e-02	-3.00717604316630970906488e-01	 1.06209903648287279365192e-01	 5.58191266828056198434638e-01	 1.81728846846084535204824e-01
-6.87113317223869257688307e-01	-2.58199100056326291685593e-01	-6.45753952118757079681188e-01	-1.41063045531494957174345e-01	-1.20877513151289556203594e-01	 9.84895494276359501073514e-02
-2.07342353388428220217765e-02	-3.44753904497743901558238e-01	-6.38404136626232521223301e-01	 2.67824525719514594523929e-01	 6.21297173211540765258576e-01	-1.24156518715106661820968e-01
 4.42970319116564481554121e-01	-4.14142742740732872075426e-01	-5.11036977770782274710371e-01	 5.63557643359771875957165e-01	 2.13629979549959991835806e-01	 8.87091134896560579159441e-02
-4.90466817027500168180154e-01	 2.56961510698589967738314e-01	-8.02176025113640167596429e-01	 5.89344612847503140917738e-02	 1.98514247809040866865615e-01	 8.39376604223550926153763e-02
 2.37755874923127524800393e-01	 1.01380147452542909713991e-01	 7.79046877130947446055131e-01	-3.75701156898454236010565e-01	 2.90272751846086474181163e-01	 3.17601232861933979734204e-01
 6.90109864854993038107978e-01	 6.71324822148441580083045e-01	 2.04158371671143701320261e-01	 6.25444590248337706217541e-02	-2.14333987552565927159343e-02	 1.64376144670882434750681e-01
 3.68214431916487061613452e-01	 6.25059272221523243295849e-01	 2.95463832231291301244624e-01	-3.96017674884717341132756e-01	 1.13415622854601952362863e-01	 4.65539536294097056057240e-01
-3.70781670696803900000305e-01	 7.13376095922858222131424e-01	 3.61419794519783899033882e-01	-1.42544250009134065848571e-01	 3.75729384113910880316212e-01	 2.47991526615607554839826e-01
-2.28656834350607490735641e-01	 2.30994599280525514384266e-01	 8.84403446310021101872678e-01	 5.92835346034119511915428e-02	 2.45530840176601233837417e-01	 2.19973090195242110267415e-01
-4.30448620362895384428015e-01	-7.22404675887022174052277e-01	 3.29155964907203613112330e-01	-1.88306911851981367833631e-01	 3.79853815541873363059722e-01	 6.89449491790702778670763e-02
-5.50526905680157260802865e-02	-7.70310304128000611356697e-01	 5.28575391149668338819367e-01	-2.14648088749492954585563e-01	-1.22320564301473547197396e-01	 2.51322840250510104453951e-01
 7.07902920309213201655041e-01	 5.05401668860011154399414e-03	 3.08465098309973317913801e-01	-4.05024471458943102764039e-01	 2.18297010160794724420441e-01	 4.38176663381197539770540e-01
 9.16325730246249858801377e-01	 2.50554790911878766390686e-01	-1.26174954134427114160744e-01	-1.83337869726290486616094e-01	 7.11392610967309796388136e-02	 2.07305969146557855786739e-01
 2.71554032847734078126578e-02	 6.92694947457478726882130e-01	-3.61380903064071039992866e-03	-2.80442949835282395731895e-01	 6.53135715201264788198898e-01	 1.19116428924936720856742e-01
-3.10798124955925736401241e-01	 7.56673423495734964738801e-01	-1.63105488455972585937204e-01	-1.55179204408847110086000e-01	 8.55741236754998108038350e-02	 5.22343698354705177067103e-01
-6.34125397251305567003499e-01	 4.74060737691430200690945e-01	 1.45519207169605507834476e-01	-5.38303732399873391401002e-01	 4.92811111141831185294970e-03	 2.49359907142866932261427e-01
-6.12559219532530785379265e-01	 2.64261848482636896306985e-01	-3.98770637235431379963302e-01	-1.07433488827873915849587e-01	 2.11547544033151679876426e-01	 5.82773145377253554144659e-01
-8.05743964318568761662220e-01	-3.82587744975166232919150e-01	-1.64910170857460264270955e-01	-2.08277685338348783616880e-01	 2.69392202597501129179847e-01	 2.47499826013159368587324e-01
-2.41099436967095528960847e-02	-8.60272802830016170005933e-01	-9.15034265657600591470366e-03	-5.04111660925954274681260e-01	 7.15461161319553007320593e-02	 4.27470935914994482757168e-03
 4.72806231448876179701557e-01	-7.65361567210935733740484e-01	 1.53514619219448866793698e-01	-2.32070106116236102300476e-01	-3.57578959523910666629121e-02	 3.34625222225845730950056e-01
 8.75152556386530222631848e-01	-4.20999686870720757347897e-01	 3.37719263010098566524242e-02	-1.68011444587605640599293e-01	 1.21390744441547057674846e-01	 1.12974180016091801936895e-01
 2.98885767886654274416713e-01	 7.26304034180196289582909e-01	-3.62966438526692969368526e-01	-2.42045958387485243834547e-01	 9.12124196348352150875982e-02	 4.29533654937849895816271e-01
-1.38361129625217904592915e-01	 5.48193335966957850935444e-01	-6.10637431372320182987323e-01	-3.08662658544639811886157e-01	 3.66880740869026722439372e-01	 2.78546363854952572225443e-01
-6.07633401293497632522644e-01	 6.32408294993180075671546e-01	-2.65851583961939030853472e-01	-1.16193122982531205078516e-01	 3.82575876314397989030880e-01	-1.72971210054927750088272e-02
-1.91007460936244127802652e-01	 1.17701906246872170513917e-01	-7.72818630444922383126993e-01	-2.66151974318338702119036e-01	-4.52121688022422973940451e-02	 5.28708579397407008038101e-01
-3.57064339626051718834532e-01	-7.75842873386656695089414e-01	-4.13398165903764658324349e-01	-1.87056276336402371729406e-01	 8.49741169782791405662437e-02	 2.39716913330854181074514e-01
 4.21536570411132904823148e-01	-6.24163921466421300898730e-01	-5.68199024869362134815276e-01	-5.80163157171008844747995e-02	 2.57991648264606632245943e-01	 1.99876470900179820100462e-01
 3.57791562698126119901332e-01	-6.89670006612496805376011e-02	-6.74775058739451094602657e-01	-1.44231521189630895740663e-01	 5.85785391301325120139154e-01	 2.18997977657952508367956e-01
-1.55139792138163146173468e-01	-3.75570453448563768006352e-01	-8.28193533441244578163776e-01	-2.23082016813475308980586e-01	 2.82122129106443630952583e-01	 1.40055234106953779837923e-01
 2.35918499224872041386547e-01	 1.67063765448839857130636e-01	 3.58644904640145534280293e-01	-8.09338247396358179130971e-01	 7.54543611894229089565034e-03	 3.64308468290769016384445e-01
 5.29878768797992005801234e-01	 3.09325224603853643490226e-01	-1.94991534662709770087119e-01	-6.79439621064311549680781e-01	-1.13134907599067760508582e-01	 3.33297151534956426210954e-01
-1.81105656513101148652467e-01	 3.00918116089428144821483e-01	 5.75881261636720265251199e-01	-4.88838248800820274198031e-01	 5.47118616335741103640089e-01	 8.19035240515272600081431e-02
-6.02607664895423722484225e-01	-9.23553646738531769377900e-02	 4.79670499514297632437376e-01	-3.77947003291027205928998e-01	 3.82154531980863354512223e-01	 3.30703306773258931539061e-01
-3.00509112312768944530461e-01	-4.67629894806211976465704e-01	 5.01121449627810688909335e-01	-6.56432393962990023972282e-01	 8.82312054215629720799186e-02	-3.47219551482938065811723e-02
-2.59766735377766955217282e-01	-9.80016872106061198710591e-04	 2.02584778829981659864501e-01	-8.43839422072186207124389e-01	 3.83162970567356930828851e-01	 1.80557076536459026883108e-01
 2.43172092446527682296775e-01	 4.12661182541324222938783e-01	-3.80171497688521875524259e-01	-5.50067143790441970274685e-01	 5.56154037770036802079687e-01	-1.19023265869952141193799e-01
-5.00116637269040986701896e-01	 3.23095708594338504315857e-01	-8.40491824944506436823044e-03	-4.06981271569247293751204e-01	 5.35826202719040356470259e-01	 4.38951471845603291566107e-01
-3.54867217646534172104111e-01	-5.03368129086909421587848e-01	-5.69867169017678545928085e-02	-6.47044685732255819843317e-01	 3.40217723138936944948796e-01	 2.88144710317426389067919e-01
 1.32378923504855250392609e-01	-5.24436398615429011371702e-01	-4.57334859465607146411514e-01	-6.27316233072547579929790e-01	 2.39676371542822425064756e-01	 2.17524001857919535574126e-01
 3.67145925969813602396385e-01	-5.02065180357856091775126e-02	-1.21790174974541268171357e-01	-8.48080423720341980420301e-01	 3.43438623589512048717154e-01	 1.03246474997589779420970e-01
 1.05662777841990629390523e-01	-2.84216026797359078148730e-01	-3.97254851986711565725585e-01	-3.93338536398963323215128e-01	 7.61084146759885338262563e-01	-1.27596737409511051808408e-01
-1.02849804700190977646557e-01	-1.73181539524823666087450e-02	-2.29777617518135357510545e-01	-8.38379595598032212322437e-01	 1.64843604692651336807163e-02	 4.82879037906285057957234e-01
-1.66199934351177941449507e-01	 3.96092480504668165153248e-01	 1.49623991875928313843858e-01	 7.22282579612657182899227e-01	-4.40256219586629249373999e-01	 2.78537835971723268801981e-01
 1.20917301388864237288168e-01	 3.59765897612556340146028e-01	 7.25185801424884646237956e-01	 4.59214351937601683584234e-01	-2.73613318722468634724976e-01	 2.10501756153765123835697e-01
 3.43235664878784985099003e-01	 7.13240416162702839386611e-01	 5.59112997865621394466551e-02	 5.34680859992069268393777e-01	-2.68792735268918003832539e-01	 1.10535772889344449665394e-01
-2.12141403678263007481775e-01	 6.27599623250873928093085e-01	 9.60747378662812068217391e-02	 4.29335880211061726718924e-01	 3.79612739891401276826066e-02	 6.05073570836817231644034e-01
-5.09807653020160511658787e-01	 3.31865614644085593631928e-01	 4.25187623941769343716146e-01	 6.25028360122162562895198e-01	-3.09815881582254579185154e-02	 2.39909452552261731606009e-01
-7.70894734969939654511961e-02	-1.68915599405293659351912e-01	 3.78269708081960920331710e-01	 8.00201342233099133238738e-01	-1.53183428790295422805556e-01	 3.98308185119876034807618e-01
 3.86672274186346365265621e-01	-1.86215918516229872459178e-01	 2.24878307137712299401677e-02	 6.32736979357397255618878e-01	-2.79849256330373608037121e-01	 5.80198922975144748548360e-01
-1.37345447623690664062934e-01	 6.23609050336591197449820e-01	-1.43164966464150306135750e-01	 7.44063166466276237898114e-01	 7.89865730355901046744194e-02	 1.09008707546386252040804e-01
-6.42958895326347978915749e-01	 3.06405794827012911696329e-01	-9.43532045598977631151172e-02	 6.63152899787092797723176e-01	-1.97100886433943967013249e-01	-7.20853152684396147886758e-02
-4.95547921319544171225857e-01	-1.09044561117986604781294e-01	-1.80740243708023579083388e-01	 6.88981560485853017361535e-01	-3.10776712215200423550243e-01	 3.72285844648998331951617e-01
 9.05884881337816055824064e-02	-2.69831989825388363080094e-01	-5.11863865660671546464755e-01	 6.56693431878312972038714e-01	-3.19867922099249246681296e-01	 3.51309059170431092766762e-01
 4.08278777119166491615943e-01	 2.10878095991997971392351e-01	-2.74658253733651103178914e-01	 8.15340792615615206351265e-01	-1.60530301170438538527208e-01	 1.51165891469993290963103e-01
-1.43818251034195043747133e-01	 2.92160852242467683481664e-01	-5.07327134404825019764473e-01	 6.80796192384129694730177e-01	-4.06704054066434061986968e-01	 8.76691657551679215387708e-02
 1.31041071732481556599836e-01	 4.04846297937252463938762e-02	 9.75373172683563827156661e-01	-1.84914591521764329340449e-02	-1.71650036726897659011826e-01	-5.54410578403477256187459e-03
 4.55237409624939082242179e-01	 1.97190350339492004305697e-01	 5.87299722362413234577616e-01	-3.97072515089623573336652e-02	-6.37919216315343429180018e-01	-2.08880434033025877416101e-02
 2.84672922341694167869264e-01	 7.14836848234378652300336e-01	 4.20139405588105530053866e-01	 7.97377061585483569439159e-03	-4.18543653858466424555473e-01	 2.37086727508781014428507e-01
-3.30236651310270024062277e-01	 5.86009333904419893457316e-01	 5.86850966856083289258095e-01	 8.00908976696337454592722e-02	-1.25959914085745722234222e-01	 4.25279091376876083874237e-01
-4.66879714746477048059603e-01	-1.40282734461927127700420e-01	 7.40670102047197298489323e-01	 4.27518478618535424651270e-01	-6.47793813484320510354131e-03	 1.75891651481078103991251e-01
-1.30707636769075180582789e-01	-4.34728891354415891701279e-01	 6.02013842837521240269893e-01	 2.28929552227192079083551e-01	-3.49764776564040980044723e-01	 5.06716389054240101685878e-01
 1.25796751429788161713574e-01	-2.95391075749866394151155e-01	 7.82219354770037567092800e-01	 5.24070643194834984157637e-01	-9.66539363626569419940537e-02	 3.25599178001120467818019e-02
 5.88350231830207626160245e-01	-4.96292138511966393621400e-02	 4.70177534631925908570338e-01	 6.38316322343062347854925e-01	 1.81838803870443613264207e-02	 1.50118789263019164481605e-01
 7.44410100581638922712102e-01	 2.29517290691017034065524e-01	-5.43010579746326313421712e-02	 5.38098235152745907328153e-01	 2.29555609300910151704400e-01	 2.19046392558090913249558e-01
 5.48840069908820282762463e-01	 5.07740730708642673540965e-01	-1.86973899716284169825187e-01	-6.54386189760538805604284e-02	-4.42812660235967048283356e-01	 4.53485858597677593539998e-01
-1.12021924765717206806670e-01	 7.61538430018348866390454e-01	-1.10984288541766187852211e-02	 2.13067806478636018185924e-01	-4.76825880181499850429816e-01	 3.66914598626794818958530e-01
-6.56753982754324727721951e-01	-7.76244118220474534769471e-03	 3.00813900159068281503494e-01	 3.11639925680632146054450e-01	-4.40375314124054118014584e-01	 4.32521776961837911557041e-01
-8.66112567312513070838520e-01	-8.82169476368601691851357e-03	-3.09847768386747546287552e-01	 2.71930927971950509025589e-01	-6.74980716764987387357166e-02	 2.74341283081573461544167e-01
-6.00026389826409545236174e-01	-2.96027222034673909156766e-01	 2.15418312748954482449548e-01	 6.51369902973919279176584e-01	-2.74534628108604294993711e-01	-7.92411088244626277132809e-02
-2.43210842346512357003974e-01	-6.42968844836318664803798e-01	-3.03110748477778031706453e-02	 6.26117958513302430567649e-01	-2.49409199129514702608645e-01	 2.68871982350766869362957e-01
 1.49257628805326697518652e-01	-6.64368972617117692358590e-01	 3.67726045789722399970145e-01	 3.88183634977596447868109e-01	 9.02289042588526324362164e-02	 4.92225348886837166251240e-01
 7.69380562066704798418471e-01	-3.52985111240040838609389e-01	-4.54948949677784000855674e-02	 4.84868530332283831363327e-01	-1.36968722444130303061982e-01	 1.65913693992033595137059e-01
 6.49272018364299818848906e-01	 6.03230779037784548002321e-01	-4.27142475672695087762776e-01	 1.47703790993291450561742e-01	 9.86725209685090746958291e-03	 1.00965371930599540073459e-01
 4.84471115268789026542251e-02	 8.93821837227287141480758e-01	-3.85487670086644307332335e-01	 2.07254808853062522100430e-01	-5.08618533589466695343795e-02	 6.77729516229218093004150e-02
-4.73911752105944938939786e-01	 5.51384130032317565373035e-01	-4.51760482507303218202566e-01	 3.27016670845940216061365e-01	-1.53859785419208527912360e-01	 3.69706535279996473253306e-01
-5.72207823555664019110623e-01	 2.38242925404495237140523e-01	-6.22691072898578168448580e-01	 2.56946182296889369389703e-01	-3.85850413607152553652213e-01	-1.14771340547451056179895e-01
-4.17752638618051619356919e-02	-6.10877430932458276302555e-01	-4.84322235338913942293004e-01	 2.36753635738754464323819e-01	 1.39823045197974751147063e-02	 5.78158953219398474843160e-01
 5.16813035172343449019650e-01	-4.37425980656145296787685e-01	-5.19028901881191884193356e-01	 1.00112334077779363550320e-01	-2.93624137772678706070906e-01	 4.19445089871980425488829e-01
 5.03194133678721011726509e-01	 6.07916969439943888353639e-02	-7.13954402962130196819146e-01	 3.76918697578747741161465e-01	-2.62142962864968021019507e-01	 1.50274769475436553722858e-01
 5.81010022473436235634914e-02	 4.51964880822032066820526e-01	-6.92514957612393566854792e-01	 4.45026393720368118600561e-01	 7.96713374683710173762563e-02	 3.29209721002782507159878e-01
 5.85229492678702653551959e-02	-2.25141474646771283518731e-01	 6.81490641903404914536679e-01	-5.41994002076660041922196e-01	-2.51061452574750265664960e-01	 3.53082900385921327757188e-01
 6.03103366870480939176957e-01	 2.79901431840729519873179e-01	 3.27596477299942234751029e-01	-3.20761747645566919207027e-01	-3.68148740014540343246097e-01	 4.60630515550952079895097e-01
 1.52005087482804557286187e-01	 2.38768943979395825705225e-01	 7.12384931561990675241702e-01	-1.40704913668924708192165e-01	-2.80565805128919931732412e-01	 5.60246829812992674924033e-01
-2.45520943883545061936502e-01	 2.96740293082373929323126e-01	 7.31436393437812415463384e-01	-5.27572783388330579512626e-01	-9.95352566644695513353724e-02	 1.68597621096008537522337e-01
-7.24358413339303175426664e-01	 1.98275657427779666841516e-01	 6.27728885432843997094210e-01	-1.34867098700992588122816e-01	-1.02893875375432264362985e-01	 1.14768528733229652205594e-01
-3.38813732104129072819632e-01	-2.97121865226042669583251e-01	 8.65347695931055982399016e-01	-2.12263804052621823936775e-01	 1.59755394823133181625430e-02	 5.27833014924286095248540e-02
 1.29224791323322846237076e-01	-4.50917664475992296946316e-01	 7.03087100334554349068128e-01	 2.08466984590766415963436e-03	-5.33209920378506896376791e-01	-3.64084808209306706738850e-02
 5.98112894578038956083788e-01	-3.19275381164581872894814e-01	 5.38769143973292452542978e-01	-2.73432714227083373259575e-01	-3.48180321737715348096032e-01	 2.32501656271536322195814e-01
 7.46764398577788868216487e-01	 6.08700918339463090123154e-02	-2.51097970828690009170714e-01	 2.46349135571453825566124e-01	-1.97495494371829866109280e-01	 5.25257277044895665163438e-01
 4.71169868323816243282920e-01	 7.63928516235729215821948e-01	-8.98028136190708592412335e-02	-4.03169306442230146458883e-01	 1.45680766666465094649752e-01	-5.07863810293204057111360e-02
-1.39445791918358819039270e-01	 7.97541295791245885560272e-01	 2.96424264718802343843151e-01	-3.97638110835335678583391e-01	-2.15727551211349732884770e-01	 2.27949477668757227721841e-01
-5.06180616072305467056935e-01	 6.38351354502166512538963e-01	-1.20277084313897567047213e-01	-2.48001963361613175784726e-01	-4.65673928485960508805164e-01	 2.08482549879110412582861e-01
-6.97803604279032763102464e-01	-7.49604425350389458326816e-02	-1.24612249973361399746352e-01	-6.82611255972747632547737e-01	 5.85336329068992643892555e-03	 1.61029377519177341326895e-01
-5.73325726789277068107253e-01	-6.53433332126447163901162e-01	 6.83229343052872556407706e-02	-4.00852456505264909125685e-01	-2.33481040606781264923342e-01	 1.56391751401600942461556e-01
-1.28168752928505658150726e-01	-8.21032386509131240082127e-01	-7.78901799671911400368973e-03	 8.30634671124635612371456e-03	-2.59868029556998780815746e-01	 4.91749462727712860488083e-01
 1.20687650357388973065831e-01	-6.40827126023742921212545e-01	 1.57026486623225963734640e-01	-3.05735055600571514755615e-01	-6.41951471915080174035495e-01	 2.11050116287827965733115e-01
 6.93709359527454383353984e-01	-5.45792889633517241954053e-01	-1.24606878882472682512628e-01	 1.86835593263417892861966e-02	-4.52510852755679371384190e-01	 1.53435528447743111529755e-02
 3.52673396986286746823680e-01	 4.38763592641447985887027e-01	-6.57658119862244539000073e-01	-3.39859988337915586154026e-01	-3.36958534864241432416065e-01	 1.46792085341396261188862e-01
-2.55222402741310416818266e-01	 6.48423108133006631526030e-01	-6.57811222779635440538470e-01	-1.89965530801208593025819e-01	-2.01645908768254222831473e-01	 7.03236642083208407516537e-02
-5.74884112370420918836089e-01	 1.09477529349313512652131e-01	-4.55269243448940874596786e-01	-1.44878813120545540948925e-01	-4.74175680104659436064907e-01	 4.52128740279953700298421e-01
-1.24570530531836393128842e-01	-4.08917694460662173305820e-01	-7.27875946176196886305831e-01	-1.02351136200862585790006e-01	-3.54683979522393610928077e-01	 3.88829819646912600017430e-01
-3.08923638511191644973053e-01	-2.10134308211695319812407e-01	-6.31633522864666341334328e-01	-8.05235951521379722528593e-03	-6.58062236433747838049158e-01	-1.68339250803315382265524e-01
 3.14939356528394109879798e-01	-2.34058004431098837239134e-01	-8.43465764295909137260310e-01	-3.09205873517392648697211e-01	-1.29851979954368340619553e-01	 1.48747261541876063528633e-01
 6.52130435841008049280276e-01	-2.14176757270402390309627e-01	-3.97009385955380655897073e-01	-4.10706174527677325691855e-01	 1.06205460168941029364120e-01	 4.37354086746000236818332e-01
 1.57388110291462046674837e-01	 3.59619524331361128943740e-01	-9.10665007536817339151014e-01	-3.39039975656618489119332e-02	 1.24071970039839316046759e-01	 6.97780094566917419296459e-03
 9.51338569186445381919981e-02	-5.21089113206475579298527e-02	 6.24762244307208725047076e-01	-5.21099827337726528853068e-01	-5.49904664560755152002969e-01	-1.54810137135442144051822e-01
 3.68488519990693819128325e-01	 5.75682756792422645197860e-01	 2.13904760352210232543513e-01	-6.30124311815248860924044e-01	-2.98211162102758831071725e-01	-3.26156729547129459190202e-02
-1.76281609365564334579446e-02	 5.54247843456321387378694e-01	-1.75004966298227919441199e-02	-7.37201792028911007115255e-01	 2.59259225802041748387694e-01	 2.85500403238961530938411e-01
-4.81125642886240045825730e-01	-8.09370104144934016110469e-02	 3.84576390454792693684993e-01	-6.26497693550356005154356e-01	-1.47588159009190283965651e-01	 4.46975045504322598954872e-01
 2.78318297855796259465677e-01	-1.69772080589605994793700e-01	 1.03559275990409330181485e-01	-7.47893493775253048738705e-01	-4.68925578018399069613054e-01	 3.22111729584668715631324e-01
 7.42320198973274836262704e-01	-3.82084922096402532232240e-02	 1.80999840149739521510952e-01	-6.24665002479437903026849e-01	-1.56117589605718781742283e-01	 1.26816433547303833440090e-02
 4.24521165497710115110941e-02	 5.64133952586109321813979e-01	-1.67339808941617623760933e-01	-5.69670503669502226173904e-01	-3.44383331049593732764436e-01	 4.56972349521852561071711e-01
-4.05106520267989489436644e-01	 2.63184320253922188204143e-01	-1.30514283490758720152058e-01	-3.91741729561241869284061e-01	-2.03605662295008843498678e-01	 7.44762978547882315005779e-01
-1.26343331394974306425283e-01	-5.23802963427491219405852e-01	 1.26345191885941898757295e-01	-6.27785072384051456850784e-01	-2.28020732145859134076815e-01	 4.97591357649346976987914e-01
 2.73400599816185141399671e-01	-3.85332517825539011546709e-01	-4.19379590449962758036406e-01	-3.92384392106893742369067e-01	-6.60243533941204718828999e-01	 1.04903224736589029131295e-01
 3.89078140414497453125620e-01	 2.39957786242419007782800e-01	-6.18672118187972713831968e-02	-4.30425777473805504236282e-01	-7.48460418412415728894871e-01	 2.04331989005598291253563e-01
 2.17578637464906243792484e-01	 2.94486993716359043982145e-02	-4.46036964582375128340885e-01	-4.61653850186992342763403e-01	-3.62356239787875511471071e-01	 6.39075124648654013803650e-01
-2.05330468521847775420497e-01	 2.91168427973462262681181e-01	 1.67301193847238932610466e-01	-8.80212303455646050132088e-01	-2.44673666052628607792130e-01	 1.02135957287442652452469e-01
-8.42584665858764902957034e-02	-1.87848827415766445048106e-01	 8.15776573742886951245978e-02	 4.50798876426065586731085e-01	-6.95646058673342282396845e-01	 5.13629583191703487088375e-01
-2.20878893597874270682269e-01	-8.35543600922868667790766e-02	 4.99588542509350197473594e-01	 5.52082675255066712693974e-01	-6.19568614404074180512794e-01	 7.73428936267228639422910e-02
 3.84206193953595953605173e-01	 1.21248891811476841584572e-01	 2.59241259489695896611750e-01	 6.62676428307164555597808e-01	-5.65090533772759529007601e-01	 1.09594325340567608217945e-01
 1.98997737182688878843084e-02	 3.23492169946808294511698e-01	 3.83138237902487743813396e-01	 2.03458071283231040071726e-01	-7.62472549075105310301126e-01	 3.54121915140340193239865e-01
-7.14164989883625977995507e-01	-4.24598751022082221417975e-01	 4.97433499592683014967065e-01	-2.44241684922506634147776e-02	-1.66499374377513859046829e-01	 1.84189032418717313355216e-01
-3.88615805461172858503716e-01	-5.63914540776972561531011e-01	 2.50765567280561818552798e-01	 1.62411422397892662994323e-01	-6.39669426901655513439948e-01	 1.80389386812304070017987e-01
 3.69331495665960574115161e-01	-5.63405647052952152087357e-01	 1.36519822033431909025225e-01	 1.72465628674242588136423e-01	-4.81618592662108324642389e-01	 5.15586849617130305034607e-01
 3.35128000760551769676709e-01	 5.27649461358797755572425e-01	-5.18503679954743668112371e-01	 3.03173893349276746267407e-01	-4.97537495155003339775135e-01	 3.11646308131727604873173e-02
-5.86527342470004264818328e-01	 3.16397221061657019092195e-01	-1.24118825709131630485871e-01	 3.02245736480566407067272e-01	-6.41046273119138754204016e-01	 1.95397499071774005674484e-01
-5.61622462167870595273200e-01	-4.12441225592769800112336e-01	-2.10882107092854376162450e-01	 1.35271207105473662002382e-01	-3.78578346535831389285676e-01	 5.55320914778594021399272e-01
 5.23059025470889241149486e-02	-5.92736687495056369101576e-01	-3.11849699884367337343605e-01	 2.18747814201656815003005e-01	-6.63944521640351115188139e-01	 2.44957429983079677526803e-01
 4.17524293860085493612644e-01	-2.34935916057614740948267e-01	-2.51639650619896626526639e-01	 5.45696828299011116314432e-01	-6.38510531730578922982033e-01	 4.09308938606967182005647e-02
-2.34984063018822103563465e-01	-5.35746948396185335150577e-02	-4.66123739414524840274368e-01	 2.88809113953846174904783e-01	-7.17387599086115934632346e-01	 3.55788181547505133472953e-01
-2.95769177756902312825815e-01	 3.16620401108816951207814e-02	 7.75905203395593767723426e-01	 3.24736767668521580931795e-02	-5.04866325042274244339069e-01	 2.31397230329612124677396e-01
 1.73433896476609186731999e-02	 3.65456427627856905715475e-01	 4.19623528257963229748384e-01	-4.83043265590460679792528e-01	-6.34295663974774881488372e-01	 2.33227603649002690477943e-01
-5.66090249913755672039883e-01	 3.12472884004828588278002e-01	 3.15963599191187605175202e-01	-4.09342015930498404063798e-01	-5.58626590594501815090211e-01	-4.94466983241136845417252e-02
-3.79802475999452715527127e-01	-3.22145663714998087279184e-01	 4.97037937345249480891596e-01	-3.69795343000028975399829e-01	-5.85342610178619993099858e-01	 1.59846715382767345925430e-01
 5.62210874443069941186479e-01	-2.18198942305552590070761e-01	 1.16079068924096889814379e-01	-3.49235857371752556055355e-01	-6.96301460549522688303625e-01	-1.26619097907186589635486e-01
 5.74735296583614219123604e-01	-3.91957550082300057447959e-02	 3.33230424850114517743016e-02	 1.33427156866736174034571e-01	-7.28757979886565210314586e-01	 3.43717335978175386745903e-01
-3.91487462591946014378586e-02	 3.36254858049313098966593e-01	-1.14579408398942844682367e-01	-1.44768709725818844891165e-01	-7.68091580557132669326847e-01	 5.11222994237431560549112e-01
-8.60600952294925947150261e-01	-7.56857105050346284924601e-02	 6.40443064368465403424224e-02	-2.66491264569331420819509e-01	-3.80419035559352136655065e-01	 1.83847121924084283550727e-01
-3.90193232263954692395913e-01	-4.78305936854780566758194e-01	-2.77112008816069732564102e-01	-2.77946317313890078892769e-01	-6.56440546915209810485692e-01	 1.84426841571683930443015e-01
 3.40748187856614814794654e-01	 1.78967636014053486925857e-02	-5.13586499884642999624873e-01	 5.03639123737436231187381e-02	-7.26611507916341436974506e-01	 2.98828509943780906699118e-01
 3.93207675984919447637056e-03	-2.68153193719552929152883e-01	-1.80479697618042028706142e-01	-1.77403992186320219603957e-01	-6.96021950987815829492433e-01	 6.16106118714567996264009e-01
-3.31171469832367559860131e-01	-2.69605545398060794659578e-02	-8.00266068601225150080936e-02	-6.38426347216958900432360e-01	-5.74310902033297265845135e-01	 3.81802455790088535181326e-01
-4.07637872456102834384239e-01	-6.82948502942716615532470e-03	 8.43329758373365240275987e-02	-6.72281925782316630568758e-02	-8.79223396094199305395023e-01	 2.21628658217661034246504e-01
-2.10158128731890686546890e-01	-1.67938488622887072132528e-01	-1.45838385621486821275283e-01	 5.78139725977196705652972e-02	 9.38325283944973387306732e-01	-1.50215166772014713236771e-01
 5.91121931455453539228095e-02	-1.16692890099550777849302e-01	 6.57623384422773293866982e-02	 4.48010068614742407167029e-01	 7.64309974453372231728565e-01	-4.40092120169448819400060e-01
-3.71799202981311083249238e-01	-2.96756344190693167883754e-02	 3.83897589639322800447729e-01	 5.03216115777406769460356e-01	 6.78342796004640757878690e-01	-1.14866001894112397530012e-02
 5.35097252062854078502596e-01	 1.22488683756423369364263e-01	 3.03188225534661737192721e-01	 2.26725592736765846346714e-01	 6.68181940431952114956005e-01	-3.29958714329986912972004e-01
-3.67612530805978554582225e-02	 3.57127314424960817795807e-01	 4.05868912787309077394582e-01	 5.41382151014459411797475e-01	 4.69326754356425124292684e-01	-4.39336865519646679878463e-01
-6.73470213502334824617890e-01	 1.62044027489897275728925e-02	 6.25234948958964115162118e-02	 2.04841742388637809701990e-01	 6.06595245069444177765661e-01	-3.63796881071015654196543e-01
-9.03035570883762295224528e-02	-5.75296734427890310570319e-01	 3.99753281170122820586954e-01	 2.46449282801003394238748e-01	 6.28577337780558687008181e-01	-2.12672354957313208823066e-01
 5.35056207036770703489026e-01	-5.34051893493601381734948e-01	 3.65600207453204983920614e-01	 1.11605696124511696853965e-01	 4.23209211110072536232707e-01	-3.21369026045836780891563e-01
 3.22039299174918358659170e-01	 6.54291641152569325434740e-01	-1.29618688551825955723729e-01	 5.12877830532763145932051e-01	 4.28710463695938126527096e-01	 6.74966884263935584797878e-02
-2.87878535653517730885653e-01	 3.82918796883031042899148e-01	-2.90955819923544911631552e-01	 4.52466476362288483326068e-02	 6.83984562035422904990867e-01	-4.64716810897938037427934e-01
-5.39326113928789929730101e-01	-1.04668506777697928322723e-01	-5.85337626735258242938187e-01	-3.59961523453754886348044e-02	 5.30580822576638966303619e-01	-2.69703498274601827233710e-01
 6.23642980706594837747581e-02	-5.60130254907620583892935e-01	-1.37124453974575205572606e-01	 5.82085577372065676726720e-01	 5.65972807976246050642999e-01	-6.64291896109301255313184e-02
 6.18201761642279468134120e-01	-2.59670003994326992202701e-01	-2.32320804234500202789526e-02	 5.75478612298200964403350e-01	 4.38680290610398704309603e-01	-1.61994786287954412040690e-01
-4.29315482658229746748546e-02	 7.76331365125570577179204e-02	-7.86962813517924186790253e-01	-3.05582988749048323207091e-01	 4.71428673655814201026715e-01	-2.39151732297706087759792e-01
 3.52506259253163256595087e-01	 2.40998684126185191978209e-01	 7.03220083925162664506558e-01	-2.45248975907391031370253e-01	 3.46530345329897793149598e-01	-3.78034581199913399807144e-01
 2.46974427369583110492002e-01	 3.92307806875601905449713e-01	 1.79222392810263364548717e-01	-2.58483881961198702637006e-01	 7.13618034452458749328230e-01	-4.20610193024092249292067e-01
-4.67648205015755658031651e-01	 4.44411758010614665881377e-01	 2.42203011800523282381903e-01	-3.59102086967166000963658e-01	 5.33805164358721717654532e-01	-3.33524788287162421429599e-01
-3.31402771725221922949345e-01	-4.17626375036227459602856e-01	 1.99969032690528736306845e-01	-2.38679269953571887574739e-01	 6.70312628608982885580758e-01	-4.11686756835219325179054e-01
 4.19647004420433844540383e-01	-1.21094026370192633934586e-01	 3.96202718347900773032677e-01	-4.34566968322851743256052e-01	 6.80049392460044477282111e-01	-3.06660771791131478436476e-02
 3.48667370359456330053405e-01	 1.62229620629934345732437e-01	-3.97460909264622241909848e-01	-3.27472675193417744887725e-02	 7.63950977207353609799156e-01	-3.30823157498648268148855e-01
-2.24550036017472698368636e-01	 2.65679808078514212432708e-01	-4.40656449509905290273792e-01	-1.48215013223197578096091e-01	 8.09934905272457705827094e-01	 8.27718157695134792994907e-02
-6.00346193755608936726276e-01	-1.18251098894326667210208e-01	-1.36829278920828911747520e-02	-4.25048195838583164896107e-01	 6.64750880630061047327217e-01	-5.34247195000690858202042e-02
 1.53714206325166156952289e-02	-7.54030849313563900082613e-01	-1.80114549841507348704184e-01	-1.21852650776045484670718e-01	 6.19436338401449959611966e-01	-1.45086461549718912650286e-02
 5.87837062665211185219505e-01	-3.50985921281184887199345e-01	-3.67040749494876139547017e-01	 9.50390247035945712195115e-02	 5.54413896570680964082101e-01	-2.83073089682643219688885e-01
-2.83671185529565161864696e-01	 6.36699754935220046947464e-02	-2.05779881148371063259717e-01	-4.47440833133084081563169e-01	 5.80457305643171106446232e-01	-5.79652870609738024576529e-01
-4.46667007826596074160364e-02	-2.73425301802858716077038e-03	 4.17194039400537508566202e-01	-5.52567902630367036032055e-01	 4.84793352942273880756829e-01	-5.32532309926781688425024e-01
 1.79773190985983599698983e-01	 8.23060433375267380684548e-02	 1.76623472437872547358140e-01	 7.80119107282438051242934e-01	 5.66605248082633683459619e-01	 9.17253045213793985479533e-03
-2.53180273262173342885273e-02	 1.71874430637083325246195e-01	 6.97245897126848590552584e-01	 6.14547494894817747379534e-01	 3.06738995041927253737413e-01	 1.09127915605660499864804e-01
 4.86767804620239885604605e-01	 4.96296264587848812155357e-01	 4.56604200539972415739953e-01	 4.39503673310704390253534e-01	 3.38787239852537003237387e-01	-1.78732607570563119259166e-02
 3.58278820283857782347248e-02	 2.57643392903743939648109e-01	 3.79769886469568274112163e-01	 8.67601774874209419330384e-01	-1.07556733794698142214763e-01	-1.54304204556571927797748e-01
-5.00860162270115982785512e-01	 5.82689062153196671300925e-02	 3.02474031976848911629219e-01	 6.98220999730074898259602e-01	 2.18226164713020476249028e-01	-3.45134856207645335235412e-01
-2.11550256968513011868183e-01	-4.60099218912078888887862e-01	 3.40692841952554059670177e-01	 7.31967250319659368251735e-01	 2.95155664380043869510217e-01	 6.77544332069506954896454e-02
 2.60598258953341210819588e-01	-6.81461584049182778066722e-01	 2.21131823802951738011657e-01	 5.76536232202706111493740e-01	 8.25746726640440437128277e-02	-2.82111271999507307040034e-01
 1.30694334934071287879220e-01	 6.92825101490531891634816e-01	 1.20595329233169124005798e-01	 5.67160870235388081539440e-01	 5.06686693606827678881821e-02	-4.05130064728567829135386e-01
-2.20891278652492362155613e-01	 3.82017570468743850042870e-01	-1.76984692158630274594344e-01	 6.33582491768755362571142e-01	 5.53481044059273452617731e-01	-2.57250845676145201146312e-01
-1.62176625393540080333210e-01	-4.27859866371326613698756e-01	-4.29433032933684177834266e-01	 7.72093474495930021106460e-01	 1.00466764891665324976877e-01	 2.07227065435570983369454e-04
 9.92997882726686514898162e-02	-4.90965015744116384244222e-01	-4.92484523549480635029596e-01	 4.45760113169568428226341e-01	 1.10930277951735753450002e-01	-5.43639857230159395662383e-01
 5.06633985806588027500652e-01	 2.59390156294145468596213e-01	 2.40870945914863146541940e-02	 7.37060904727786625478814e-01	 1.61814646828822128465930e-01	-3.25600684752181734893384e-01
 2.78949804873176776531807e-01	-1.02244230204468489198177e-02	-4.47933511263095829324499e-01	 5.29723939274991284520411e-01	 4.49248552612673268669141e-01	-4.88882729452609132714258e-01
-1.89543178314999533062846e-01	-1.23954391739259997540223e-01	 8.06624370239637844548497e-01	 2.85390621222646967414249e-01	 3.39466796554635075189310e-01	-3.18402740273056816810993e-01
 1.67547723845080848148470e-01	 3.94726629784602045525332e-01	 7.72240912226849762767245e-01	 2.92330109888652711624957e-01	 4.40250609689970956450722e-02	-3.63823476861279138105942e-01
-8.53906198546743877564325e-02	 7.55832670108546045284470e-01	 4.82549667223422129591626e-01	 4.33871091533629127390270e-01	 1.49135258854637200998106e-02	 1.02322127160019114844314e-02
-6.75256972692423240722803e-01	 4.36911900703435607251635e-01	 1.02750949928451778409011e-02	 4.49838202066585368665841e-01	 3.87428321398068542524840e-01	 2.39858711961803659773462e-02
-6.13678148054598082694611e-01	-4.69854807624267012400310e-01	 4.50341562101047643285057e-01	 2.75040933727336456282586e-01	 2.70976123842324723156594e-01	-2.25283139357596917662363e-01
 7.48363054967219887281260e-02	-6.50470267131204149535506e-01	 7.03107851707486575243422e-01	 1.28675327738005690347833e-01	 1.14043905346319904281494e-01	-2.17632615915033633680054e-01
 3.29485261776301607827833e-01	-3.76911788033429256961071e-02	 8.00750750128757737833496e-01	 1.38078943963995004473588e-01	 4.79224605309235496264364e-01	 9.74968619206269780652629e-03
 8.40055113675332476574908e-01	-2.09219685095981294820078e-01	 1.73855758695901307930853e-01	 2.90625010817112672256712e-01	 1.01270570842821403673151e-02	-3.68433508691730970951994e-01
 6.49973810733019408125699e-01	 4.70774016356073687905592e-01	-9.19918021555094500563143e-02	 4.90573668133315599071409e-02	 5.87385839441867063648317e-01	 3.82486677744695805630792e-03
 3.49803950606486113716898e-01	 7.95231147315156206012432e-01	 2.40837732335575316344745e-01	 1.08028477677679698304436e-02	 3.20257079261711152806669e-01	-2.90792893355799830779063e-01
-5.00301224677778599847500e-01	 8.34500504800357978396619e-01	 2.66690425834210931288482e-02	 2.23037337754525055721899e-01	-3.53848303179975370857946e-02	 3.99826711499693190909888e-02
-7.47661892818373585711811e-01	 2.25322652327829525686909e-01	-3.91424098722945368322712e-01	 3.07705399216148256513748e-01	 1.74674234754361668020550e-01	-3.34402258246468686575525e-01
-8.92100317806876375037461e-01	-2.81122049433442322552423e-01	-1.86759784134949757827826e-01	 9.28995699609897473969511e-02	 1.20763364841163386986800e-01	-2.58909402947017808216401e-01
-4.99418235476401684014292e-01	-5.80881422009545400619857e-01	-1.30610669615172980684292e-01	 1.91799624672918084256068e-01	 5.74955942878088932523895e-01	-1.69521740036426449282914e-01
 3.55010324178599845357240e-02	-9.74422904348315688238813e-01	 1.09850794928174927411746e-01	 1.25808392402230351247994e-01	 1.35763797081017406620518e-01	-5.39715002164846621712790e-02
 5.97560772396641959325336e-01	-5.98095548744474125868464e-01	 4.67021240789627145595375e-01	 2.36471006130179933757418e-01	-7.50871590721748222163612e-02	 7.44135761695568359597175e-02
 5.70926640787209227489996e-01	-6.94066339533264242689370e-01	-2.23529901456433699458159e-01	 2.27573020870511733004804e-01	 3.84290650849022016877221e-02	-2.98467414385181761815602e-01
 2.90618523385543336967629e-01	 5.22018590112714564455132e-01	-5.25799606393701823847664e-01	 5.22306691787929433523630e-01	 8.51346995636714926058985e-02	-2.94142893849096254133002e-01
-3.64078040274827610667252e-02	 7.10584853478439470997330e-01	-2.43576378694424694471010e-01	 1.28352839081989134051298e-01	 5.34987315331283755370784e-02	-6.44265178307015351499842e-01
-2.62438351123659374675157e-01	 1.11337991288461168881696e-01	-6.23492696954566882894255e-01	 2.86804892017994472741549e-01	 1.93103767466846015787851e-01	-6.40656467464680079437755e-01
-2.80545675800622118511995e-01	-1.89744196908168100135228e-01	-8.93414232050361301062935e-01	 1.72619226351989951684374e-01	-8.27969810578902190578710e-03	-2.39241139422188414664916e-01
-5.31667569592547128998206e-02	-8.09178743397035327156175e-01	-4.96254052782977850277746e-01	 2.57968590302394051860801e-01	 1.65884892719848492381729e-01	-4.54904503167385468320738e-02
 3.49644328964449579988383e-01	-1.53435113519970522943936e-01	-8.48123753121394541309996e-01	 9.80315720924280209480628e-02	 1.88601700862649407364202e-01	-2.99519311327660520127836e-01
-4.39978334356656564096966e-02	 3.95070689159819521396599e-01	-7.67224292395405127464869e-01	 2.14410318503885338747850e-01	-2.33743890217231381489782e-01	-3.90822511484816836890843e-01
-3.96439527196975755041208e-02	-3.12691358079499770461496e-01	 7.16442467777315572519115e-01	-3.46472192527991273980348e-01	 5.08718067601085066620215e-01	-9.23342269224722983489428e-02
 8.24813057921059300525712e-01	 3.15248182831004142290254e-01	 3.51617916413216491378080e-01	-1.53770812216126401272831e-01	 1.68012212251482079272691e-01	-2.11644223655277269324770e-01
 1.66672091051406512374200e-01	 6.63799970193261534845419e-01	 7.02665276370393554472571e-01	-1.50613649133150090397848e-01	 1.03980850029472715601031e-01	 6.59926855131665185405510e-02
-5.39193647554745303374091e-01	 4.53529668186708534438623e-01	 5.56209571367481392378807e-01	 2.35764566813732645567114e-01	 3.30467882049113148568154e-01	-1.71516795677194355818074e-01
-5.53535503617297752754212e-01	-6.33547632513075248406054e-02	 5.93297748884543785230505e-01	-1.13512382634970460104640e-01	 5.50819080728432108884363e-01	-1.45930396665894884788983e-01
-3.62469182060020767011110e-01	-3.77555823803734424970457e-01	 5.39313571069019559445223e-01	-2.11340871099697791279937e-01	 1.59901845768551403859092e-01	-6.04131608138521736250937e-01
 1.76106971821021834889720e-01	-2.04853943382832165420737e-01	 5.62943853525656012770639e-01	 2.36107204519916090423859e-03	 4.16227352048241849846733e-01	-6.60957359350755724314297e-01
 6.42141440571273758308735e-01	-3.12758821933753317079407e-01	 5.80769309806390743311511e-01	-3.20229554522376114178428e-01	 2.08367079696552742751336e-01	-8.11140610486223989639143e-02
 5.78786262984116395280410e-01	 2.36447609440915335055067e-01	-2.22245794049273109882492e-01	-6.77311444467690204618293e-01	-1.81022663648063679431299e-02	-3.17218082623791086671616e-01
 5.91521860587396974828778e-01	 4.59167430221534389467308e-01	-1.26193989403998924059280e-01	-2.24254073762426037186302e-01	 2.58642748345525641529008e-01	-5.53313903348279345628669e-01
-2.23232656699273279699014e-01	 8.01556555687720440062094e-01	 6.49660508665914487869131e-02	 1.58135559354057014802564e-01	 4.56309640735036492475984e-01	-2.65006297834341930652613e-01
-6.21553296017027800957067e-01	 4.61348473200114073122791e-01	-2.77754044669607756679053e-02	-2.35403408347482252793714e-02	 2.07077385535958169437976e-01	-5.97178718765132510171156e-01
-7.29691055136448385454173e-01	 5.71074130820690278875773e-02	-3.24640108802552951328124e-01	-4.28635853372380637438255e-01	 1.99518856702973257366551e-01	-3.67915803146951880808757e-01
-7.95749685779684301500936e-01	-3.38895009574120331663494e-01	 2.77883576533909992800631e-01	-3.46281941148110894435064e-01	 1.32723373235834746219908e-01	-1.92838407459745647676286e-01
-3.97323525887123940592005e-01	-7.91654460852677321902604e-01	-1.02154799995249345734294e-02	-1.84745546893662709875272e-01	 1.53976498260281619012702e-01	-3.96828924403858640523879e-01
 5.02316373011229000411504e-01	-6.77510326409374141753972e-01	-8.17535969081765456767386e-02	-3.47222339914384225956212e-01	 3.32358454034120565090404e-01	-2.25718570575200172534380e-01
 7.53274034866796560194757e-01	-2.21131337871104879932993e-02	-6.81602733547429784355387e-02	-3.30123221098096386594278e-01	 5.51383763378902713725438e-01	-1.20158308991730203296733e-01
 6.48710744246368542498260e-01	 2.90749303074048393025208e-01	-5.99239758573932301821685e-01	-2.68918202891550717215097e-01	 2.33129997677469974481923e-01	-9.42567193467647168603207e-02
 1.57947287471206843090243e-01	 7.20068299358919694519443e-01	-4.61196307985841158494367e-01	 6.32529147063360264874321e-03	 4.61328917467524635132037e-01	-1.76033760214123619070037e-01
-3.43375609600060416326528e-01	 4.61925428372776669672106e-01	-6.13459664201343235490071e-01	-2.86603653719697648583065e-01	 1.80403443715020234128232e-01	-4.21542729652250092176047e-01
-5.17935131775533963427449e-01	-3.74212725188393727226988e-02	-5.68912666762949936760663e-01	-4.68191641276694658913016e-01	 3.53986959551390534262083e-01	 2.49341221498966619796178e-01
-4.13861590469963569471901e-01	-5.29307714268469786667026e-01	-4.00943002215400245979993e-01	-4.25215097066648173296244e-01	 4.00066770804906324254802e-01	-2.16645647656252382518005e-01
 1.24767865966896734919445e-01	-5.75765474937608434657932e-01	-5.98652871046497225826499e-01	-1.95124172594149575266087e-01	 3.23745999926473126961923e-01	-3.89431537347425360540143e-01
 5.83667723793140802435175e-01	-2.56590937379229389048163e-01	-5.09181577525206541245950e-01	-4.94416348533657290520438e-01	 2.49602652185408946383660e-01	-1.65765468329743648201458e-01
 1.93166910678333691997466e-01	 1.54667502080413798992709e-01	-6.76167959191892431469739e-01	-6.19056833966524666656994e-01	 1.73183499050781175565561e-01	 2.61414443666251661291255e-01
 9.92161071479315537224863e-02	-1.48920749039474029778996e-02	 6.14352562160121240530941e-01	-7.61765827982685772568061e-01	 1.04278345192243077077521e-01	-1.46096439369959613108207e-01
 4.92947014694516350008513e-01	 3.50519998725121129101723e-01	 2.67882238592438315372135e-01	-6.54002699385096808448736e-01	 3.54844609481317296850733e-01	-9.35085544924502964914126e-02
-1.87084914349238656816610e-01	 8.91987350594568684236663e-01	-1.71548342756974198097808e-01	-3.57281253129197340356882e-01	 8.02394331704624347301191e-02	-7.64245171817851953743883e-02
-5.62130904879818982244899e-01	 1.35874339424331330716811e-01	 4.16680995639356455129132e-01	-6.51141061427397249694593e-01	 1.35498407371104911955939e-01	-2.22664449926540886082194e-01
 1.18241303387381355149977e-01	-7.01745513315363167450300e-01	 3.73340865644505692788613e-01	-3.61079937068430723012824e-01	 2.30959871833156998865988e-01	-4.12877274022549922705139e-01
 4.46441735760306768199257e-01	-2.53547081815869712606570e-01	 1.88667921658612930402299e-01	-7.09743692256612490609768e-01	 1.78593831257442658966283e-01	-4.06418754426687012237807e-01
 6.48764603252984101144918e-02	 5.07147449828571406094113e-01	-4.20686634095471079231032e-01	-7.35026692565204808893498e-01	-4.46155361575444678323699e-02	-1.39141942172340049577173e-01
-4.05677739023530048445565e-01	 3.98198050187041407976807e-01	-2.50467363265313658349243e-01	-6.50363013186542104904220e-01	 4.30958297364730236189700e-01	-7.37080852982283651897433e-02
-4.04090253146287048391372e-01	-3.09724737552057205469680e-01	 3.60237522282922870142663e-02	-7.13583378628483311345576e-01	 2.03823786921779465108884e-01	-4.34440524313624842900339e-01
 2.98941287812809104729173e-02	-4.45351533249310871376281e-01	 1.00574128431469275724019e-01	-6.75054975877134810779978e-01	 5.61334949178993625196199e-01	-1.40915052286418984728300e-01
 3.12823838530224607179520e-01	-5.55421570280473231306928e-03	-2.62558940462056633613486e-01	-5.58049164457529500715793e-01	 4.58873023327208640065322e-01	-5.57843954909780337381164e-01
-1.40948199363384513160824e-01	-8.23804537207508680296542e-02	-4.65227011917061950008190e-01	-7.98101584325640711625738e-01	 3.15676589826827558304956e-01	-1.42453659327908765952486e-01
-1.39567453102648047352785e-02	 2.49446092214935660758002e-01	 6.65606278896838376990530e-02	-8.87953359912760920025221e-01	 2.12649168563317364499810e-01	-3.15389760269641994394618e-01
 3.89756126186516713150176e-02	-1.99875885889506277326433e-01	-2.02894294704982665333848e-02	 8.49190614717206582184872e-01	 2.33227062816091068597757e-01	-4.27316402632802738725815e-01
 1.84748151636157625921086e-01	 2.63309135805444780031870e-02	 6.66181164424071603491484e-01	 4.09745231557738509575728e-01	-4.99906168103130932323097e-01	-3.21838667552182988718101e-01
 4.54527672246929803634430e-01	-2.06875109062238327073402e-01	 1.86782167461531700691779e-01	 7.23487198765907613129400e-01	-2.75331218100917818336626e-01	-3.41289759429684480540601e-01
-4.74109319719801414194649e-01	 5.37306282805486867815148e-01	 3.93620085385114670817330e-01	 2.58988840130956521345951e-01	-5.13333589960619396386221e-01	 3.16061054190039866784723e-02
-3.42783161115596590740040e-01	 1.73624316976796644329539e-01	 2.00639777640201633079897e-01	 6.19303189014986599225665e-01	-5.28977942098173392615479e-01	-3.85673278161553889642477e-01
-1.70495228144354776800284e-01	-2.97722399430673967390959e-01	 4.70065009348598239480310e-01	 7.02693529172407238547748e-01	-1.09134607149669160541805e-01	-3.94516259012050951593409e-01
 2.01445083271012820302914e-01	-5.32826209081467383477104e-01	 3.15240591915182222226832e-01	 5.96471897973378073487538e-01	-4.60313270312067257528099e-01	 9.20458942779004002376908e-02
 3.04730523857942969812029e-01	 3.20063551980251270734357e-01	-1.69154370432232581400456e-01	 6.61861476506713897194345e-01	-4.44947959152720728948083e-01	-3.74227376135024381031968e-01
-1.51786577639381498050497e-01	 2.72083544278342970290652e-01	-2.53208069165129556754579e-01	 8.19923827098221980058668e-01	-1.31061596389223291442283e-02	-4.07885032609986764029486e-01
-5.18776294786623015653504e-01	-1.81286467632215592127309e-01	-4.29881456330490852035808e-01	 6.14759721123665725528440e-01	-2.10156579803647769466579e-01	-3.01849305735923056914771e-01
-5.81221482302632513894380e-02	-1.23259621799795673902089e-01	-7.76539248870522086365398e-02	 9.05551608997507861964493e-01	-3.88428671178303486222205e-01	-6.70686239398775585485168e-02
 5.64530298150663911727065e-01	-1.78888557013217042168662e-01	-4.02843502610394477159161e-01	 5.73985876725341515047774e-01	-1.46251274983961787601316e-01	-3.69015334274400030878382e-01
 6.03364738641593706391930e-02	-2.41499370209978629631120e-02	-7.18180279134886134784210e-01	 6.43663281032837097939137e-01	-7.33866849637130891359504e-02	-2.45571480928340302174462e-01
 8.99455584044030892476584e-02	 1.45672834079658308770178e-01	 6.72387543969613310501643e-01	-1.05826563961135516889200e-01	-3.25784142120215891580415e-01	-6.33442691766355925331311e-01
 9.06935799753222582353374e-01	 2.60706224660764186717987e-02	 2.69285887731771367281652e-01	 4.45882149716343434420196e-02	-3.05261477499402245072702e-01	 9.53950202015323295290372e-02
 6.29305153287267993178489e-01	 3.84099047836979956560555e-01	 4.29031627650040714438973e-01	 4.30705176120660948591023e-01	-2.24120692067127813551508e-01	-1.91409964795441978058221e-01
-3.80270198017830352021917e-01	 2.57496190029613158944954e-01	 7.16083553760846203140034e-01	 3.97384634629889488266485e-01	-1.95533342854028957535917e-01	-2.83137416540712227863708e-01
-8.99285461049519341258929e-01	-2.43255914060374611729287e-02	 2.90154319882784783590779e-01	 3.13178490150849697659652e-01	 8.05246271939878965895332e-02	 4.40387729525011997755435e-02
-3.13731428853599669803742e-01	-3.11183128156922172991017e-01	 7.49460959952206517975526e-01	 1.81665393047790862945945e-01	-2.85282859633287089184961e-01	-3.58688298911066294483163e-01
 2.40369160415578736467168e-01	-8.38792703264498840098895e-01	 2.27783975153761170107103e-01	 8.28216132834729695799680e-02	-3.99355810828848634130850e-01	-1.42896623699969388399111e-01
 6.09298328822854506903184e-01	-7.03071524405667613866200e-02	 7.30805026212217323511311e-01	 1.58722327597214801775394e-01	-4.77056359890238590448774e-02	-2.49535287062453037254528e-01
 8.14248963679436443818815e-01	 2.33836820470310013941884e-01	-1.50432347300599789097220e-01	 3.88452248690591361857116e-01	-3.25173045257732662438599e-01	-5.52848672781904790229923e-02
 5.36483924549177260132637e-01	 6.92843325627716666303968e-01	-9.55928427329411772861434e-02	 1.95981410245901432887194e-01	-1.43100426126756302691589e-01	-4.05127989815616096347384e-01
-1.91948038629655204356794e-01	 6.89246053584599449592929e-01	-1.83610180389167376713289e-01	 4.54163412022916435084596e-01	-4.48990148939283018059143e-01	-2.15700187939011300830572e-01
-4.42620719159754594240752e-01	 5.61563971772554904049457e-01	 2.03774615726038499374795e-01	 4.60965472386228924950302e-01	-3.85905130122986550489372e-02	-4.82939246837972735448830e-01
-7.83878637621153617764946e-01	-2.65640531213346575700740e-01	-1.94688969799673566862808e-01	 1.69795703083119198240070e-01	-4.93348698917503269978369e-01	-6.95850212844192766992180e-02
-6.62932568551387269017994e-01	-5.20316231267220596912182e-01	 1.99240970405461154113524e-01	 9.71489629400364151923242e-02	-2.46315000062064942687456e-01	-4.24246938102948500937117e-01
-3.52699711831798046191011e-01	-6.81894940896210610681294e-01	-3.75470339939831393438752e-02	 5.38802434347876446629755e-01	 3.41421669503879296470039e-02	-3.43130692694356975724901e-01
 3.02474605369252080855347e-01	-7.62746979970027494388773e-01	-1.67760625991896977771134e-01	 4.58712948608787918214347e-01	-9.35632906064698816051006e-02	 2.81799346077391044129712e-01
 5.97815819013868599007822e-01	-3.04600054237748329999391e-01	 3.35493439060589149214309e-01	 2.27335311627209907259228e-01	-5.83161275050238958606030e-01	-2.13356015175517971238506e-01
 6.14720548193927074365206e-01	 2.23605056182508060702574e-01	-5.91576721652692816277863e-01	 9.41758066666957271984018e-02	-1.98537604573712944677766e-01	-4.16977392534939095281032e-01
-1.56764589737385079404319e-01	 4.75255422986310405164545e-01	-4.85609156125724694685886e-01	 7.84371720047038014679563e-04	-7.16465803406482470983008e-01	 2.04213399056680337817493e-02
-3.55352505511251637315695e-01	 6.45662170183700090397849e-01	-5.07814409294001345429592e-01	 3.51389437346539490469866e-01	 1.32669518203518993493262e-01	-2.40611194242627640660359e-01
-6.18343574231979498101452e-01	-8.88160030715026520276023e-03	-5.00343671304544712619133e-01	-5.22510330250621421455115e-02	-2.53703850640834949192737e-01	-5.47843716478815689896464e-01
 2.28217758654486319036536e-01	-4.92475558203662677758672e-01	-7.20670645509816076845766e-01	 2.65056592795440471022062e-01	-3.23542678723802046292235e-01	-1.05277906357777728540981e-01
 5.20123026004176258751954e-01	-4.32470219577109793451797e-01	-5.53354624778884640612375e-01	-2.05504234651436579195405e-01	-2.72283006630473944920112e-01	-3.46222731887439461040401e-01
 7.49698630061665483026445e-01	 1.53917954640636848312463e-02	-4.35194382587365369285948e-01	-2.77813405174729965985136e-01	-3.95852498970325261673509e-01	 1.20172447110916694179572e-01
 2.27527967831524347008809e-01	 2.45310871539137220764815e-02	-7.98547433567565634326968e-01	-8.49161090443177057895952e-02	-5.11141278019440092883485e-01	-2.03654350038454334814730e-01
-2.38981232368368434748618e-01	 2.35877294468814308059379e-01	 8.17156251479570827633836e-01	-2.41385164508329030930156e-01	 1.65722296453290673934333e-01	-3.65752451818383839121651e-01
 4.75677836353003591352007e-01	 2.64382861516064049389740e-01	 6.80572633130912318932815e-01	-4.62238413340871179268987e-01	-1.63873517339971963568956e-01	-1.15891811228924918042438e-02
-1.16503721942951762868823e-01	 5.08252942217843783900832e-01	 7.33044537430797338295463e-01	-9.16250411970334771583069e-02	-4.03811125106165347276033e-01	-1.38899109822013006043662e-01
-5.38175434346128800378040e-01	 6.70021434085693590176902e-01	 4.22068112683805118923175e-01	-2.02026928483966916605397e-01	-3.46149471103261996418610e-02	-2.03184432453670738016882e-01
-4.52726020658944294794424e-01	-6.54292584544146210712157e-02	 6.47845667484639453626016e-01	-3.43622382489741862165999e-01	-3.41338345809596932500796e-01	-3.69412974068110300240875e-01
-2.72425233824772405899495e-01	-6.94500830571306404515042e-01	 4.34303316385223903139945e-01	-2.61014718572420700848369e-01	-3.14075144838522279933102e-01	-2.96752148722298048078017e-01
 1.89040899512636473289717e-01	-2.90388402260274958166519e-01	 7.95902749836003398087314e-01	-2.97036176362991843902250e-01	-4.39713995340440255699122e-02	-3.95364329324659036224432e-01
 6.27783388060358049642673e-01	-3.55351527228077862519129e-02	 4.43707295024559134066777e-01	-3.19103298167899895876332e-01	-2.99471947270972926880006e-01	-4.65014779157086388661213e-01
 7.50632121362833304445417e-01	 4.41100485706790279571976e-01	-2.97487634862355423970293e-02	-2.50615157156654555503650e-01	-3.75395271748632630703923e-01	-1.93306036922601509608910e-01
 2.38874605516398746951623e-01	 8.20794164906717749197185e-01	-1.67670261828918087942952e-01	-1.95025511276699148321967e-01	-4.50339018404945834461728e-01	 1.68036735871228762317919e-02
-3.37323054661401305898139e-02	 9.16480826762828049147913e-01	 2.05412042548558465560049e-01	 1.24357931176780804952142e-03	-2.13320893047885290494392e-01	-2.66877441196964215741616e-01
-4.15983291312301217690361e-01	 4.51503209812020578350911e-01	 3.26134540827563323972527e-01	-1.24451972532482624950179e-02	-4.16380120730169056564307e-01	-5.85842748767687160338369e-01
-7.57462049753757193926162e-01	 1.57603392970850561538576e-02	 6.98997116284921227169491e-02	-3.08440108955350733577205e-01	-2.74980977296393258590967e-01	-5.00366911890727239509147e-01
-6.26941015923953792743362e-01	-4.69902578636181289528650e-01	-3.19283366018153214049846e-01	-4.04459279452834497003977e-01	-2.14212268521252718889158e-01	-2.73350428217880303538578e-01
-2.96397593654352808911767e-01	-8.51431460094416392436756e-01	-1.67169980769183323943139e-01	 6.01942723764839482392119e-02	-3.73523403471833270739211e-01	-1.26980507948715515276206e-01
 5.70494632598930517808355e-01	-6.19231103634350077413728e-01	 2.32242765566266745613788e-01	-1.72653559445133025773700e-01	-1.44869787313265607764379e-01	-4.31689130560943379322225e-01
 8.67594156914515468592697e-01	-1.14207427028897259835283e-01	-1.42838509810558317303375e-01	-2.27798392082068007491458e-01	-1.29537223424708025643071e-01	-3.81001578640523419494457e-01
 2.70395160947384527450055e-01	 6.63582048524458567584361e-01	-5.47953987062653635753406e-01	-2.25762644789648386778325e-01	-9.32052677874722901307791e-02	-3.55859180222614313038321e-01
-4.67224450799590740324163e-01	 6.78825341186427455575370e-01	-2.45201389689736898302996e-01	-7.16858404711108038176448e-02	-3.31638010653119597037630e-01	-3.81642656680781733324892e-01
-1.85213559842013986145304e-01	 3.38450150569419294654949e-01	-5.57950049624493016331428e-01	-3.22147095478056533224276e-01	-4.26884695183644913285548e-01	-5.03815324148869647657989e-01
-8.09726209513956907137811e-01	 3.40771722908764174153617e-01	-4.06891969594814273403216e-01	-2.28408002892228234603778e-01	-9.94339344829064941677643e-02	 2.44887823143154076399597e-02
-1.27854209266452883975163e-01	-5.89528978377346302153228e-01	-6.90249329600084893243661e-01	-2.52233941102146252966065e-01	-2.18683390864819970911270e-01	-2.19591350760427267418962e-01
 2.51526653006652167743340e-01	-8.61562677151891276317031e-01	-3.53216215639915731561160e-01	-1.59674018820075785951573e-01	-2.05421554838978864809818e-01	 4.45936508545343932019556e-02
 2.37276819589265719478988e-01	 4.23109491715664767785832e-02	-7.19217690352694005717638e-01	-5.00783914196805235441445e-01	-4.99038681390158722628314e-02	-4.13957103545803672961512e-01
-3.02633928850814082345266e-01	 4.44179563770305402270466e-02	-8.37328957665797179998890e-01	-4.15702264580825653350615e-01	-1.34875515846290316979150e-01	-1.19666993617657285708944e-01
-3.77691274636670001885186e-02	-2.51934922799725624642520e-01	 3.62229792769851510758627e-01	-6.37942966628028407249928e-01	-1.82623054209868268538131e-01	-6.02967209983536145401217e-01
 2.48589104516701409064439e-01	 6.97282347742333857842922e-02	 1.17550959684677353012106e-01	-8.23775772932899608136381e-01	-3.88251234316438542659711e-01	-3.00295949437602349707532e-01
-1.07806396074344182367533e-01	 4.33460368941296081413128e-01	 4.77110862790675216427161e-01	-5.93951662901342269940130e-01	-2.69193970858555065017725e-01	-3.84201955122573657330776e-01
-4.58832830012980419365221e-01	-2.15209980891772706401710e-01	 1.98886793047284182733847e-01	-7.22555008058015424410314e-01	-3.89294971778981979682044e-01	-1.73103515435394483823472e-01
-5.99608383399734684582327e-02	-6.54804138316298245392488e-01	-6.72531809517393913688821e-02	-5.58342900078547366149451e-01	-4.45488758267736706386586e-01	-2.30013521668265941144682e-01
 2.91785194026785155152481e-01	-5.66178514882902716998103e-01	 4.17998065980223709736663e-01	-5.67907725183639966459737e-01	-2.85671226644719888909663e-01	-1.24312801483110108025087e-01
 9.72872609355824452537220e-02	 6.60500271346685208229133e-01	-2.10705912861751595843707e-02	-4.29798654705720539759284e-01	-2.71688551585043680525189e-01	-5.43405058813618113688904e-01
-3.98017902892769670497586e-01	 3.69156396638248451846920e-01	-4.52388903566294742208953e-01	-6.52723011301775901671363e-01	-1.14645098889775642891919e-01	 2.47908764560042987890043e-01
-2.53696735321370048232836e-01	-3.90104569064148642976164e-01	-4.95445855557878012120909e-01	-6.83880117694723232979470e-01	-2.25770363124379175312484e-01	 1.39016271168569988114783e-01
 1.03187668491116019131582e-01	-4.90570957422627074162591e-01	-3.30665840622726914244112e-01	-6.88335594325176436392155e-01	 3.44746502897537859810839e-02	-4.05411088553933596223544e-01
 5.44184182503138158537581e-01	-5.13200261751618591610224e-01	-1.73811299352774395465815e-01	-6.09499703815341131729610e-01	-1.96243422214746887632941e-01	 1.66532085562422320357268e-02
 2.48488283463858788957523e-01	-5.73219598692007864526587e-02	-4.30409634735504142977192e-01	-8.11838029184527409931604e-01	-2.99940088198642429428986e-01	 2.58895748509248325996968e-02
-1.56470007354056056536606e-02	-3.19786351458535622604984e-01	 4.94182717360816536888990e-02	-9.41921851244260976976364e-01	-8.79669428256332625037928e-02	-9.73336149225044640342919e-03
-1.37255704202898735216687e-02	 2.43206244356429485131699e-01	-7.61510268784618832293987e-02	 4.45224553711452586401975e-01	-8.58274405092281700291323e-01	 1.86945552560313643652989e-03
 1.70651574154174173747478e-01	-1.07507492197150555934826e-02	 1.25010813086338573585365e-01	 3.54599849373280984199397e-01	-7.56064532963396040976534e-01	-5.07700824364800351595761e-01
 4.74553811118834378834919e-01	 4.35663984905333423469642e-01	 5.47388666293344636204488e-02	 1.41365490642387986452988e-01	-7.48637504768400408039497e-01	-3.94577444706537897034515e-02
-1.24238767069676819820856e-01	 5.73026834512785132602630e-01	 1.44256719753528966920797e-01	-1.26943011478234668576448e-01	-7.73286472150301551486962e-01	-1.45974238540207634784451e-01
-6.90622812327076895932976e-01	-4.41867340606710845563043e-02	 4.02057472598246312678327e-01	 1.63376983172847906056191e-01	-5.45955611261953688284621e-01	-1.86219988871567321275791e-01
-1.29822767195805460760383e-01	-5.22137725479008274476200e-01	 2.75011927928765831374847e-01	 3.84499741907564029919087e-01	-5.82533882356161214488566e-01	-3.84318759139089805021428e-01
 1.41117565254501808880150e-01	-2.85151069752474839447132e-01	 1.88789414022301427209527e-01	 1.42921366629993829011624e-01	-9.17236776849481794116059e-01	 3.71945628306850004096695e-02
 1.80895098804448761775632e-01	 5.06146260391518110210995e-01	-2.84113252154752582434583e-01	 8.40847640624481501570031e-02	-6.10318965138457070196409e-01	-5.00812439457273717025032e-01
-4.51602659328752376044491e-01	 1.78983088987540006620236e-01	-1.22943819030890674759426e-01	 1.11791057620181391585312e-01	-7.52252667279561304525259e-01	-4.12945024564679241674270e-01
-3.18607110241331814570742e-01	-2.82204884240236320014361e-01	-1.46543534932007835092094e-01	 4.87331180196678093174967e-01	-7.41129217716058774634291e-01	-1.03008293063954564638962e-01
 1.39060657424435657469886e-01	-6.51112416303069707623763e-01	-2.29402258194339597752176e-01	 5.54048338102064219512499e-01	-3.64039434822932161939235e-01	-2.54155636900187886784153e-01
 5.93832487761326244246618e-01	-5.45184665789973516014655e-02	-3.00693452397916338725281e-01	 1.10823832127846327866294e-01	-6.65244196804415377499708e-01	-3.14868858124519146457487e-01
 4.46195717261128471653464e-02	-4.63581924489235228104000e-02	-5.30832621093573542303545e-01	 4.47857962981241197741866e-01	-6.25711439033699079459439e-01	-3.49263768878828650965573e-01
-1.52443199506546583910094e-01	 6.08285662892742787222211e-02	 4.77799018888828030959814e-01	-5.96086234162954923393452e-03	-8.27058530991231721785084e-01	-2.46389343176692393599936e-01
 3.00687018466620548107215e-01	 2.63295661734200492354319e-01	 2.27213082094841228864013e-01	-2.67694443589630792779133e-01	-7.07447848499984988102085e-01	-4.65289322128229210218109e-01
-2.27749287944478184808617e-01	 1.51508274398969300378326e-01	 8.25184443344733203895558e-02	-4.58993480749922078132386e-01	-5.81533350697701734155487e-01	-6.07873471726989578201028e-01
-4.08578357395682212338528e-01	-3.63358334241544955744985e-01	 7.27268401661824159809555e-02	-1.70789407024062978024403e-01	-7.45485611571846007450404e-01	-3.32907547094111577745679e-01
 1.40209313483445868753208e-01	-3.86488083751205024896080e-01	 3.36909233322917667230456e-01	-1.89572008191210783500935e-01	-6.24890214455171344454243e-01	-5.39476738721057280656623e-01
 3.96469180291665113102795e-01	 2.19814108757583809294900e-01	-3.65618450094427394070351e-01	-4.54496027572904637281681e-01	-5.85413300228377453393591e-01	-3.33978628742441885357550e-01
-1.08445168662272745097042e-01	 4.62996057018560447371414e-01	-1.82817222111126775896395e-01	-6.10631676529597822167261e-01	-5.97262941222431731347342e-01	-1.04202181069452309847279e-01
-5.97406717163203038190034e-01	 1.06432494669823976551903e-01	-3.13077852450016846930225e-01	-3.84856932205807855673640e-01	-6.08167043423002762203566e-01	-1.25608859954963181237986e-01
 1.67862736854999916591424e-01	-5.33614472441478859821018e-01	-2.36562462048578892037654e-01	 2.20027873672018611447831e-03	-7.23982014892699088370875e-01	-3.27049077068647775501375e-01
 3.98923170491226997125267e-01	-3.07735867443935384724085e-01	-1.04396251900837205850436e-01	-4.89777439816460047339319e-01	-3.61470986876062994053171e-01	-6.03918163012582387416671e-01
-1.09123830650330475022791e-01	 9.60844971077659537606053e-02	-6.03878725380882164230911e-01	-4.61244118863173180322690e-01	-5.99482590834301221072167e-01	 2.05096879871038806353312e-01
-4.65659853094109385529542e-02	-1.25993775774305649672868e-01	 6.92897966050742414312325e-02	-5.59492393569376855744224e-01	-8.11246981686657098187254e-01	-7.74770792365281485425399e-02
 5.13851761961580180693154e-02	 3.38273430372094952023332e-02	-2.36537183692569735748990e-01	-1.04124901482044160405671e-01	-9.53845885239297031077399e-01	-1.40005240489549431792682e-01
-2.32172752912653324042225e-01	 1.64203598092590247192746e-01	 3.33356714705267842546732e-01	 3.75478745212326214808485e-02	 6.66264355282673581548636e-01	-6.02236048354811481786442e-01
 3.79417803921121676857808e-01	-2.32672252823337533111925e-01	 5.61803566739396131879403e-02	 3.82364018499264934902726e-01	 2.72609675622445368770030e-01	-7.60415177696956656738791e-01
 3.09832708079413710056116e-01	-1.17967042120922002701455e-01	 5.40798865170716624994895e-01	 5.92250305358091533314280e-01	 2.96026573550384641819733e-01	-3.99038721132108531453042e-01
 4.83721484576694782386852e-01	 3.04653324355715959814717e-01	 3.61827204541664726455963e-01	 2.02171642570228682345146e-01	 1.69065980705650265036866e-01	-6.87622187309270826993668e-01
-9.06979087298704078623501e-02	 6.08419869946647873248935e-01	 4.27503959924113163815207e-01	-5.37263723246975757885657e-02	 1.86268637212425369753532e-01	-6.33448488168681600463117e-01
-7.26834128994932271439211e-01	 7.70173100153127149214427e-02	 4.74474474681715607804477e-01	 4.97709693355045945661885e-02	 6.92473341181593232684932e-02	-4.83096380746767251057605e-01
-2.70050226400012693961372e-01	-3.59461958680182214198595e-01	 2.34325282856071903658801e-01	 4.03016719621150154573286e-01	 3.76339094539929752691876e-01	-6.62493808970471720343198e-01
 6.50902847389522198895406e-01	-1.30594109883577919051234e-01	 2.03095717017733934373069e-01	-2.09274838980914423824942e-01	 3.02745856338043572986152e-01	-6.18523871562478788632689e-01
 2.93217382854593422436551e-01	 4.48933193767350746661293e-01	-1.11871274483151178502638e-01	 3.25589427523811814069177e-01	 5.18061842238355718670562e-01	-5.70588138829210000935177e-01
-2.33872648289916079678008e-01	 2.33048145618979352100553e-01	-4.94269178700867464759661e-02	 4.21363655812579007697849e-01	 2.96545332423774121721749e-01	-7.89343183522358438075628e-01
-4.01721365927801110640161e-01	-1.92250524566119740388359e-01	-3.23317054295499561877847e-01	 5.78432832683607678347926e-01	 4.37630633278540681629920e-01	-4.13546429379670954507020e-01
 1.14595007279086655294087e-01	-6.91180207446374206270434e-01	-7.32978610415937620325977e-02	 1.63353708986470447239725e-01	 4.42426729353681380541019e-01	-5.30414445147931679080955e-01
 8.05132668779231730482593e-01	 1.85426034350556268037735e-01	-2.02440597814744660531971e-01	 2.34701086235909628374685e-01	 2.65141988000693495930449e-01	-3.88601984200533212554518e-01
-8.13439194907800422473798e-02	-2.16532596263306092998491e-01	-3.64130913262718236556026e-01	 6.16691638601800651287022e-02	 6.00824558945078024407849e-01	-6.70158371671239261324615e-01
-2.13969794995780587809620e-01	 6.62707374271502419604829e-02	 5.07803958709286296091534e-01	 2.11814325657327051644074e-01	 8.39953344007698943229911e-02	-8.00024831461335073079510e-01
 1.14766966592005636993434e-01	 1.72453931154119527446866e-01	 2.30391318074554540817900e-02	-8.45876585439301609259388e-02	 3.74784313375540134583019e-01	-8.99410379017275274371457e-01
-2.33961212545065206508399e-03	 6.84627010343980546558385e-01	 3.73749326799611703009418e-01	-5.48089609393096588441097e-01	 2.39879095227638367004985e-01	-1.83432885240065124410336e-01
-5.67003831545226932853154e-01	-2.08207767635677332140887e-01	-2.86039725398171892911670e-02	-8.85606916118287651462637e-02	 2.94643755971149556849298e-01	-7.34629195058697170850337e-01
 4.31731392981590175739193e-02	-4.26749625533848209180121e-01	-2.47795831974504353334421e-02	-3.57242790470050919360290e-01	 2.81412950851914756000838e-01	-7.80122521887691489084204e-01
 2.04196514117520377951109e-01	 2.72760720430186842655473e-01	-5.91593240149327459498352e-01	-6.52973732756625679929385e-02	 2.89847311671522445131188e-01	-6.67568423595940374504210e-01
-3.35520597240836354613336e-02	 6.03737286418029928114493e-01	-1.31907558208782305086970e-01	-4.17858329733729605415249e-01	 3.39033702226062549911489e-01	-5.72211944467510336131966e-01
-2.85215419069737297075307e-01	 2.47539783936493257288092e-01	-2.25871125966737140711160e-01	-1.47971102895891687412089e-01	-8.92060042657899648910202e-02	-8.81195379049829030648766e-01
-4.58401850390591614203828e-01	-5.49136413265096101632423e-01	-4.87315634977627309964987e-01	 1.33828814488236608193361e-01	 1.19409570630187727990901e-01	-4.67623371898546469349611e-01
 2.59084063944826803460586e-01	-2.54725266872013189622947e-01	 7.94717034686694551171016e-02	-1.78274295323359782683426e-01	 7.58568748435584638833973e-01	-5.04446691037251815359355e-01
-2.43000918287688022489945e-01	-1.96941290977817984320097e-01	-5.83464276421559513430282e-01	-3.46567546976172258244020e-01	 1.08079124381237762220209e-01	-6.55701119424925593648368e-01
-6.75775684318772533291930e-04	 1.05588890831352449906078e-01	-2.06225227164535063195672e-01	-6.48727759288159844253130e-01	-4.76980822074090579643091e-02	-7.23324873361799625115509e-01
-6.21167890278982309792966e-02	-2.43193740355101412076166e-01	-1.15893309537713512513690e-01	 6.38978424705971770336532e-01	-2.90110121158317857403830e-01	-6.56589476262859239596992e-01
 1.09060499132746860362353e-01	 1.62928772996874110523535e-01	 2.98021114275435483609300e-01	 5.80978454279520328817910e-01	-1.52346014020087516804836e-01	-7.15540470958734409201440e-01
 6.31163778601683489455354e-01	 1.60761518673627978870400e-01	 1.41953081065942121608003e-01	 1.76028976778831808269743e-01	-3.79057694134257772144991e-01	-6.17224760782242642953577e-01
 9.06671720977734879598486e-02	 5.61289901442219796301458e-01	 3.69171844841887974997263e-01	 3.80789985402579300721726e-01	-5.39311767556120869038239e-01	-3.23399232855319407331507e-01
-6.44400012639178454421085e-01	-7.28885880966104182654419e-02	 2.21403005809090863698074e-02	 4.04675680671106541286264e-01	-1.14555553801311243988792e-01	-6.34082252624016962094800e-01
-7.19924263634280081625150e-02	-6.64941412820573285458181e-01	 2.63857054407968416587238e-01	 1.63157219553813320755964e-01	-7.30274188568594828652181e-02	-6.71636941140234200453563e-01
 3.14688572135187916156696e-01	-3.54275184761320305337762e-01	 5.33454863375030008398880e-01	 2.61064179757388936664597e-01	-1.79476290987897107997995e-01	-6.24915882173118331088801e-01
 3.04101546865518213014212e-01	 1.86968205694321182308570e-01	-2.99291053177468902024572e-01	 3.88914282512942799385769e-01	-7.46446473446221586689475e-02	-7.91305163777923703527506e-01
-2.97189461074294836162579e-01	 2.82303683942040473109358e-01	-3.01069747107581164868861e-01	 3.85465198104930795164336e-01	-3.62292316647348289215813e-01	-6.79338590088862770421940e-01
-3.31993559460748155487408e-01	-4.65132136510112981220288e-01	-3.32056950685360008357350e-01	 1.93291414025563823564369e-01	-4.48271657524586364385044e-01	-5.69966230480209112840839e-01
 1.13448114587802365016422e-01	-7.53423521989733058212835e-01	-2.21925583615857707764363e-01	-1.25515318355675448147579e-01	-1.54131275503697928730418e-01	-5.75083482561876913052856e-01
 4.33605243221286906774026e-01	-3.96778529224260767538368e-01	-9.51783229633763605548324e-02	 2.30184700473108683205226e-01	-3.47417041432006024059831e-01	-6.86884838692962573780676e-01
 9.09012315508327811697242e-02	-1.80971501594698963577557e-01	-6.49885957766927258028034e-01	 4.86097055335292585476203e-02	-2.43052602309488136045346e-01	-6.89345379798105617474846e-01
-3.01121450250292632677684e-01	-1.17497550451877583177485e-01	 2.86983862924482191480990e-01	 1.29639861727212646336227e-01	-4.43598003323289469257418e-01	-7.74322140944485148850163e-01
 4.36704851536052263138998e-01	 6.12882690985060873956058e-01	 4.68587055523022100178565e-01	-1.25667332637737050315963e-01	-2.47197002408972743570104e-01	-3.70393324237605625626202e-01
-5.01260147624520757680955e-01	 5.15948072581216998777620e-01	-3.86213704704968935343956e-02	-5.79263343820085929714025e-01	-1.07058252260216438256357e-01	-3.66110297144880247888210e-01
-3.39031408571553338759941e-01	 1.76880278335992124905118e-01	 2.89153187158287416913538e-01	-4.03449534761801009707938e-01	 7.32464285782059160156976e-02	-7.75902660837684554628879e-01
 3.31186042970786742589695e-01	 3.07862437812807421266825e-01	 3.24534861487108750033315e-01	-5.00316465108884611545648e-01	 4.25904841575573053780168e-02	-6.61878488398758513255871e-01
 4.14846369269920356437353e-01	 2.05662592478823513797437e-01	-2.32115817768917098717907e-01	-2.35821873489949346280881e-01	-2.08155934109202356285806e-01	-7.95478966521891650565124e-01
 8.66814594353425282857728e-02	 4.40217036304474285124400e-01	 1.63525337441938811711140e-01	 8.85825758759995057767256e-02	-2.98301541313874207794754e-01	-8.21659337714179538458836e-01
-3.59395202847469064089125e-01	 4.48880631714133407350609e-02	-3.18386342793193666267371e-01	-7.96581666474419192169876e-01	-2.14170787645877658267324e-01	-2.95023404213466400314303e-01
-3.22715277202463068917382e-01	-3.90842093482233310375307e-01	-4.96770038830997850975990e-02	-3.40022952582740400906403e-01	-2.60312841283797613556317e-01	-7.46492544830444137993197e-01
 4.97876514155748406409430e-01	-2.49515365176444653405596e-01	-3.57993898343757666058451e-01	-7.21785210732640708508612e-02	 1.75900976893592880800909e-01	-7.24948643260460157122793e-01
 3.99756057838981798679967e-02	-5.26123385752696390293970e-02	-2.06845063399182738095305e-01	-4.64448292503213885917823e-02	-6.13757704590285002588246e-01	-7.57623501754804751229244e-01
-7.37532012326010122382769e-02	-2.30577936194780008793970e-01	-4.43133327996378445501335e-01	-5.04432489959169783055870e-01	-5.53048784036734852875838e-01	-4.29781386074402249608539e-01
 2.15115102702725435879216e-01	-1.58629231514517327061853e-01	 2.46098502183265288589809e-01	-1.54229931441763945532131e-01	-1.21677023642796033886526e-01	-9.10717089378673017030508e-01
-1.23124215560908606414969e-01	-2.61832169221367816458468e-01	-1.64358846050360885016062e-01	 1.76141585075808737581582e-01	 1.87590040921536312101825e-02	-9.26225001930303104558106e-01
