-2.81946808580977925640099e-01	 2.14997091541931861780057e-01	 1.34825109265367282240788e-01	-1.32056011370489334577627e-01	 1.49493207876222750085660e-01	 9.03502865701535595732707e-01
-6.56201336281577035647317e-02	-9.79525775372292600851054e-02	 3.61642862493325861761306e-02	 1.60537897624832143206319e-01	 5.87752638335334531838328e-01	 7.83304445648411173941383e-01
 2.41711933848278662934073e-03	 1.42200837075865046954526e-02	-3.06223585735822589892763e-01	 5.21053812104494529222620e-01	 3.19664970869524833751996e-01	 7.29613797555191623267490e-01
-3.88276477337069769735223e-01	 3.81990516952723721533225e-02	 9.75703913526693999980210e-02	 7.04733179996542835610285e-01	 2.59730775233865895934571e-01	 5.23596502791949913735436e-01
 3.33671077641714719508315e-01	 5.50227998773939908083719e-01	 2.98694178035864232878538e-01	 4.67302860097913285580828e-03	 1.57779780670551900145782e-01	 6.86861159866656412198438e-01
-1.92400630408368744639347e-01	 5.93250753550936038571706e-01	 1.21064838738624683256440e-01	 1.03686274766440517103305e-01	 4.28899256918537752358844e-01	 6.33777113416604920281827e-01
-7.35916861999226901147608e-01	 6.77404473164064518941885e-02	 3.55833844629835083228642e-01	 2.12383239514070759623721e-01	 8.34468336750263800505323e-02	 5.24547294875929992485908e-01
-1.09335568266537952464290e-01	-5.10672971891720228754252e-01	 8.26671451296080855852821e-02	 4.64717887203446644583948e-01	 8.54579892775333554988393e-02	 7.05095177822850804894017e-01
 3.30967372916278534944468e-01	-2.65113813583302604381942e-01	 1.08067571271434806345901e-01	 5.39831275791370357453047e-01	 5.26923799901659828393008e-01	 4.89316019282391101441476e-01
 1.23661619192639640751885e-01	 5.99710440783099318906579e-01	-2.82759778695733099418419e-01	 3.01050225602642718136792e-01	 1.44979109279385176556332e-01	 6.58370654148170086905623e-01
-4.70946876482324972013060e-01	 4.75275241626672950712162e-01	-2.42540063905409053468532e-01	 4.45725057475990893429696e-01	 2.96175569808012739692060e-01	 4.55089009553002799002286e-01
-3.23402089006925630432221e-01	-5.22758463174833210018733e-01	-8.45214009503401364487019e-02	 3.43493115354699563024354e-01	 5.69678901105171275887074e-01	 4.15294160958184777054925e-01
 3.46544155027812772473794e-01	-4.10542319864053373290602e-01	-2.37249066379555173522675e-01	 1.62629071274100062138857e-01	 8.73108636250843617165884e-02	 7.88037836013154802117242e-01
 5.87511643893021906492891e-01	 1.78022983737345069643609e-01	-4.46790451884520531389278e-02	 3.65916822804196129048648e-01	 2.87367349947375672059025e-01	 6.36134068766581073361976e-01
-2.17065465959408843144018e-01	 1.64042644606688492459057e-01	-7.41184297578108552961851e-01	 1.54283622684762533605607e-01	 1.87912720084388196184477e-01	 5.63474759562188953765371e-01
-9.30169907155685427024849e-02	 1.29280657748010591179266e-01	 6.15476690172922058508220e-01	 4.86337661041341892675938e-02	 4.19474156943620613002821e-01	 6.46141612400264686577600e-01
-1.06690959666260846983032e-02	 3.67039433980516194289123e-01	 3.20948097709748525474538e-01	-5.51822891329164177953714e-01	 2.13141929369091258361646e-02	 6.76163992427562421383413e-01
-7.47070993913384273632516e-01	 3.21444762360363844866384e-01	-1.32526011545886640563552e-01	-1.40174008642027531079677e-01	 2.14215740437766533066366e-01	 5.05428446882465465250789e-01
-3.91678192669715263818375e-01	-3.71812525784639691384115e-01	 3.69944960824082014205771e-01	-4.32955725372225000424642e-02	 2.45400929975981757502623e-01	 7.13714398049456466566198e-01
 3.46732674444389377121922e-01	-5.08245626772393932490957e-02	 1.90442489477907317407812e-01	-1.99812797732048852417108e-01	 3.54093264446000199896503e-01	 8.21959719474885330825487e-01
 2.67948964863995775509409e-01	 3.95923895240680556728563e-01	-1.68994335796573802443987e-01	-3.44783694803212081847477e-01	 4.20619144667129407633155e-01	 6.68649590452108699700773e-01
-2.82917975860599413273633e-01	 2.39072473819777531200970e-01	-3.31937830614216389246707e-01	-1.95406632894192661131783e-01	 5.63401954033309171343546e-01	 6.30090099760473920653681e-01
-6.25499562317600288352537e-01	-2.71536392408325444325357e-01	-1.50122980576437359268027e-01	-1.59855849054017506993830e-01	 4.62627252389350873684748e-01	 5.22401673725408355331012e-01
 5.36248036393706557778405e-03	-6.53426889932531285154482e-01	-7.30788865147216221140880e-02	-1.15460768569809954509076e-01	 3.55648254932653729021297e-01	 6.54100259400530736897394e-01
 5.28967639411473844468503e-01	-4.05520695845994649797461e-01	-2.49871241081840195219499e-01	-4.25712641011006753810619e-01	 2.03647239528041007483594e-01	 5.20199109661191871900598e-01
 1.03789471879206993132350e-01	 8.35058771718067832656729e-02	-3.93713012523455474500622e-01	-4.39815956666184115775309e-02	 9.88208381470683516756282e-02	 9.03075101508748923073711e-01
-1.07250394972007292992977e-01	-2.21242896645013481515818e-01	-4.01598138412606470160071e-02	-5.41900617868856793180043e-01	 3.01310091693303083726363e-01	 7.43970477782440187120017e-01
-1.24090924015823861337182e-01	-1.35880753170349560798869e-01	-2.49295970047068327080098e-01	 4.57740949351228443298112e-01	-3.24973437898006700663700e-01	 7.67368797098784471977240e-01
 1.81428805862304032281429e-01	 8.14866225495130269695920e-02	 1.77412507863475371605588e-01	 2.45585952925679334990505e-01	-6.18624503991717367146208e-02	 9.29961772202836378653501e-01
 5.15643553256120656946848e-01	 2.86588585715870425296714e-01	 2.76260456160205281062048e-01	 8.09740812793846298500711e-02	-5.21623863851904290278583e-01	 5.44986799570507662870966e-01
-3.34505333984069064268141e-01	 4.01421129894711958829845e-01	 1.29818007153782194462721e-01	 3.67442038836218731745475e-01	-1.34917649929376687323312e-01	 7.46256067889767171763538e-01
-5.34752314991549737577259e-01	-1.91488992423146126009570e-01	 2.26751092411250049218907e-01	 1.33626996186714891434733e-01	-4.15926135501096527757880e-01	 6.59625003452333102949012e-01
 1.68276330431391257791418e-01	-4.25339801942220097075165e-01	 3.51909229037711823728785e-01	 1.90414788707207155438184e-01	-4.06915872819827550976868e-01	 6.81975589524470460212058e-01
 7.54281514512082917889302e-01	-2.13701517267458507287614e-01	 1.31496626304945019025894e-01	-8.18317603461375386864063e-02	-8.60595810654870840838981e-02	 5.94976476139055243663734e-01
 1.73774172941380422585667e-01	 4.13207997847676089531177e-01	-2.31490808439182432776349e-01	 2.13530988669600269025395e-01	-4.50548686506042017629881e-01	 7.04900057388911815969834e-01
-3.99024972382001019699516e-01	 3.95718347552134475098029e-01	-4.43832669964912218674158e-01	 2.39076114405898237924575e-02	-1.81085032293862024932452e-01	 6.73672961526811886479038e-01
-5.24889394758741190116780e-01	-1.01257700649977092077769e-01	-2.03528211804866188128216e-01	 2.12335021142661617421510e-01	 9.31164048878189015701068e-02	 7.86802034990701337768826e-01
 4.25143052122580855645140e-01	-1.91004552313405823182890e-01	-1.44127169291654061433761e-01	 1.08364347619168105429921e-01	-5.20943283796506451110986e-01	 6.92006696883644023543525e-01
 4.65781957394434287245133e-01	 4.65970581992418073080664e-02	-3.98587487281226060531480e-01	 4.86985862030030858260687e-01	-1.53922586966592556123601e-01	 6.00962981156247244562962e-01
-6.66070367482471115128106e-02	 1.52902307125959063816012e-01	-7.31225325766987066522518e-01	 4.18106150311571778122044e-01	-3.37945189309184046422274e-01	 3.85323508473798259643672e-01
-2.27862150052882406203736e-01	-2.40411435729996347809845e-02	 6.26976334355481612625738e-01	-2.07876978590543548541802e-01	-1.80570338038193028973311e-01	 6.91796975231883437551517e-01
 3.64403717191587872559211e-01	 7.78854764347743228070087e-02	 5.13036839852678783202578e-01	-2.47722380029908789689230e-01	-1.54595818112671451460827e-01	 7.16010293128422570241298e-01
-5.12618103353969289948111e-01	 3.74753765158835905335621e-01	 1.89373418174912128142395e-01	-2.23106207175456622282539e-01	-3.46693351309253605663230e-01	 6.25257822485689396252440e-01
-6.14435245391111939383677e-01	-1.39830386781174681454232e-01	 2.10313584278079501732606e-01	-4.80961466731706699384574e-01	-5.23368611068093098070975e-02	 5.69756008226916743630852e-01
 2.36165686793478213356678e-01	-5.22512169677830429215248e-01	 3.14666174007825372171965e-01	-3.54183036180093890887832e-01	-5.46711057055671995064117e-02	 6.66151219272613004385164e-01
 6.15929730368500072401616e-01	 2.95782799357989734101437e-01	-1.88196195635737140161581e-01	-9.88961088040508362606573e-02	-1.18038854843803331373664e-01	 6.88485063898233162760221e-01
 4.35465961560138753450033e-02	 6.09928727798854986019705e-01	-1.79545197035486353565048e-01	-3.05546156113217948213645e-01	-1.38277491097206606252001e-01	 6.93811966696080140160063e-01
-5.63892224267531605441661e-01	-8.04627677851424971677829e-02	-2.47267456217100306536949e-01	-2.63600942665706883261123e-01	-4.64483690540803462187824e-01	 5.73741711708535606639714e-01
-1.31387228204319778113174e-01	-3.20058223065859459577354e-01	-1.31341391308462725889816e-03	-1.32443237738462615826762e-01	-1.76570192594051711409975e-01	 9.11910171519791923344656e-01
 2.41001506026310402530655e-01	-5.12040739174517645082574e-01	-2.46977949814837172137771e-01	-3.78764713719606682662544e-01	-3.82257058130259785855287e-01	 5.73717073978478819817894e-01
-1.34669277282580372723242e-02	-1.74609961071271642396585e-02	-5.60445754922275440890189e-01	-1.09806319126520973705752e-01	-4.66029042138039584219911e-01	 6.75406407599080660375535e-01
 2.49287420093024431055895e-01	-5.50998491014469907872675e-03	-2.56219263537391717111547e-01	-5.61331658811149214471925e-01	-1.39788773881389855047175e-01	 7.33173225612523293825973e-01
-9.41639070283422155438480e-03	 1.21965289636322082866826e-01	 7.51506673333275365678219e-02	-2.87780717660400309210189e-01	-4.96937786115848767476422e-01	 8.05992104292938771337163e-01
-6.82231570463839726015109e-02	-1.55775366170334883531012e-01	-1.13420920628460129148118e-02	 1.63835741473297186177049e-01	 9.41024085835469259464503e-01	 2.42038246519376915033561e-01
 5.29023829875229834908412e-04	-1.74809243913016443272568e-01	-3.89299061838444260263969e-01	 6.08164535548146423238336e-01	 6.51165688309642387565646e-01	 1.54941385361662159469986e-01
-1.43908947280974898463857e-02	-1.28341961632634088408267e-01	 4.57937823731704274354826e-01	 5.05531311319605047849279e-01	 6.76924929537088715392201e-01	 2.44591344237221924862169e-01
 3.62508537807035069455708e-01	 2.41099423263183926247066e-01	 8.85423967184421761844604e-02	 1.09837141371592034166937e-01	 7.79092599585977318987773e-01	 4.28449992120668254891314e-01
-3.72005430583492932572476e-02	 4.57949630937745710834719e-01	 4.96931291359153204378885e-01	 1.04882405623336963373937e-01	 7.15522961790624356659407e-01	 1.37782868780212980341915e-01
-5.45229493923303665248170e-01	 9.34736681390211099351717e-02	 2.07333077815913729979869e-01	 1.65669958114532667181606e-01	 6.60345973859007173700775e-01	 4.33009384367917804503634e-01
 1.21153732370347197444538e-01	-7.16141539960967188349628e-01	 3.03028478466824957582304e-01	 1.49120847226365288440419e-01	 5.54032289099315566893722e-01	 2.26821526030959425002109e-01
 5.12291614396791827878985e-01	-2.79167263383314379066036e-01	 9.80140284328633315524826e-02	 1.63114267038603572013145e-01	 7.83953075530058662856447e-01	-9.39547889124506124813863e-02
 1.28326286879025780462982e-01	 3.41312211173925406093588e-01	-4.46797505047903109609564e-01	 2.28006720663095102663576e-01	 6.48799478306163912577631e-01	 4.41001701090242725911139e-01
-1.33593755531956487336842e-01	 3.55153671542417281870030e-01	 1.78379211306363659461649e-02	 5.24124969365126092135654e-01	 7.24575740428766268408367e-01	 2.36608113792948326903343e-01
-1.79111122382785870055244e-01	-8.23517021170854124356708e-01	-2.93127911503769711387690e-01	-6.39393898138542471354384e-02	 4.35873728220812106659565e-01	 9.86954743401218664855534e-02
 3.26005707748912243459927e-01	-5.39368926769842826907109e-01	-3.06996731203119821440595e-01	 2.23496745292536880267420e-01	 6.05705535094000935281144e-01	 3.02860456284756718314810e-01
 5.24707033544208889530580e-01	 4.28182086858323152078754e-01	-7.87476126127882314342799e-02	 1.14928545942765488081794e-03	 7.11843666406951069980380e-01	-1.68578517877919997758340e-01
-6.22663552868979661147897e-02	-3.04398293017721921494001e-01	-5.67304764299247143988225e-01	-1.17347412801375484969757e-02	 5.79059602021326780274535e-01	 4.96167469474319111633065e-01
-3.77198806461701952041921e-01	-6.41163331168639882839955e-02	 7.34176936048653638877681e-01	 2.64868551138420626339665e-03	 5.53660699500893138669255e-01	 8.97061709079686325774006e-02
 4.00045307191166488181011e-01	 3.30948201020054622034650e-01	 4.53233604260024569576615e-01	-3.70361108628097346340269e-01	 5.29238973022895353715001e-01	 3.28260718111107852035246e-01
-1.40507015600417756173712e-01	 2.55917485264987365489731e-01	 2.07518172327370853391670e-01	-3.56665747376746833374739e-01	 7.12760330119254659209105e-01	 4.86274083118866662367452e-01
-3.03534001015416665669733e-01	-4.01507746095404793873485e-01	 2.67343413717081312963586e-01	-2.63034108354297690990364e-01	 7.01545015634602475707027e-01	 3.37392631922458274829069e-01
 2.03050616188176352716610e-01	-1.97199596924586800783530e-01	 5.35094877978891991787691e-01	-7.45997879399324936855464e-02	 7.25194544306257182775255e-01	 3.19505840865068391210002e-01
 2.65197770214933903343280e-01	 3.12477642122038046235133e-01	-2.10131524068231628765702e-01	-4.33319000914108076738529e-01	 7.62957692033583878554737e-01	 1.34174558144332739528792e-01
-2.21655614636037640030608e-01	 3.60112811542610378179319e-01	-2.60477699184114619423980e-01	-1.41219697931827016523787e-02	 8.64399930156424134430893e-01	 7.71508289370654715133568e-02
-5.16978803765259842251112e-01	 8.41915202329389551760830e-03	-4.22360571078497115671269e-01	 3.10819667572819480216850e-01	 6.01453721871723301362067e-01	 3.09706533724216470648827e-01
 5.55216032912376408758881e-02	-5.45013171534772911108746e-01	-2.60558452445606575365034e-02	-2.41076560449534404995120e-01	 7.89895572169271420470693e-01	-1.30943363403312057480221e-01
 2.20246010067895459094700e-01	-2.22212395587903899230042e-01	-9.74440318051644216446050e-02	-3.29024139067626342214368e-01	 7.56570042012263743735900e-01	 4.60394281461206145156240e-01
 1.13052507144000682903773e-01	-2.56570664338869151854805e-02	-5.34883965705969188775271e-01	-5.92512525861329741871941e-01	 4.13988314009327285081241e-01	 4.21903509540107912734186e-01
-5.42222926037005878430186e-02	-1.58880991626158263319013e-01	 9.10762249495492004491837e-02	-7.28662425792082957265450e-01	 6.57534301313395519450467e-01	-1.48864558820607454509011e-02
 2.11146612989865006815293e-01	 2.08446374250892713098082e-01	-1.92048412843422444673536e-01	 8.51007292691693950636989e-01	 2.76140337337157593111669e-01	 2.73162453294302498552071e-01
 3.43465798878499817270438e-01	-3.85599658428964486844848e-03	 4.96946784582896317061795e-01	 7.57563478019471658875261e-01	 1.83920617889353599228031e-01	 1.65321059366483530395087e-01
 8.65953082189785672273530e-02	 2.94854883892409880274954e-01	 3.28184761329324559131493e-01	 5.59815160526751065539486e-01	 3.51281880251940237247510e-01	 6.00886544300617053693259e-01
-4.57672312784971127563871e-02	 8.16034608771591729592387e-01	 2.46802845687769750737672e-01	 4.23907780884249574260281e-01	 9.70317196921279545573924e-02	 2.86301016183830692174439e-01
-5.06376684707017798992013e-01	-5.49851484008555407845265e-02	 1.21138740898716901206456e-01	 6.49322206240386501363560e-01	 5.51585003062142087415509e-01	-4.39874686616956948187473e-03
-8.78963907329041727045649e-02	-6.13738125197637929275629e-01	 2.46231211380572891089802e-02	 4.70746740018588516463183e-01	 6.00204148580634089249486e-01	-1.82060228685194308573259e-01
 5.25669005916680198708946e-01	-5.11999135392858906179470e-01	 7.53227984230918634622753e-02	 5.68079104820542912790415e-01	 3.60863671798420382330619e-01	-5.40277581961440753199888e-02
 3.88010864740565064590072e-01	 6.07789523573919021615097e-01	-2.45195759538789082032650e-02	 5.02733169456107797934408e-01	 4.25987318403890147244795e-01	 2.12679146038789040895622e-01
-5.77602101427728609195356e-01	 4.82736090335327217015760e-01	 1.56364104192212777233451e-01	 6.33317617727387816017881e-01	-8.77006942562596862600355e-03	 8.78853081725123469469807e-02
-1.10148834298587308677675e-01	-3.83079986535738659103600e-01	 8.16444863069881454631371e-02	 8.46794737376819539598216e-01	 2.91991934311888967634729e-01	 1.79249879000889011937403e-01
 2.97795352716109684720891e-01	-4.25969369131077191248380e-01	-3.49773869304427276194502e-01	 6.93668286006780654417980e-01	 1.18673924505026479048198e-01	 3.35062790302892044014271e-01
 6.07402991263019220724573e-01	 6.31373402310666798076255e-02	-2.69170912749665980356895e-01	 4.33451580188800589255038e-01	 5.89854813321331050701701e-01	 1.37161689389874302813510e-01
-3.57348780234413299083940e-01	-5.54503541019494283759173e-02	-5.07524468597929434565685e-01	 7.05781770058102830844859e-01	 6.95482064848274433854769e-02	 3.29668259463555379795707e-01
-2.07793576573549632069415e-01	-1.20253665412646121302132e-01	 5.54321309300155329324866e-01	 4.71599087666636773708007e-01	-5.01365663844368508739180e-02	 6.40444686736124202397491e-01
 2.71850909598753021079176e-01	 5.71406019063113376765806e-02	 8.11025053342622537222439e-01	 1.37005294939581377666737e-02	 4.91168865872814497386400e-01	-1.53739513800160515488713e-01
 1.68956499779537860916889e-01	 5.09607252822809053682818e-01	 7.19601074422554276566188e-01	 3.74355070330266215261616e-01	 2.03625893011848274616327e-01	 1.11009998449197802572463e-01
-1.33491008807848587913725e-01	 4.21339625325991784521307e-01	 6.76202065778255145822584e-01	 1.83597017233968318183912e-01	-1.49836445561753656141590e-01	 5.39671207105813399707017e-01
-4.13834053273949731277526e-01	-4.43669294263742630679559e-01	 4.90896896789010828143773e-01	 3.85413500942216158406950e-01	 3.64919203989043872127240e-01	 3.30468725075085956177645e-01
 1.43058334581578738831098e-01	-5.79375033814946815979852e-01	 4.88007335148709087135899e-01	 5.93471738779418167553104e-01	 5.88749887006284125523514e-02	 2.23680027976046413851208e-01
 5.56406458589863928132502e-01	-3.81366409094109126698413e-01	 6.49813346707105332633603e-01	 2.16324338682996192284591e-01	 2.47730353565754818356837e-01	 1.20613356271238023054160e-01
 8.12016766542196455347380e-01	 4.04893755363093132970675e-01	 1.20788244744229111837797e-01	 2.67355362107594751730488e-01	-1.16949171899940043695132e-01	 2.77387849766660365968818e-01
 5.39782453267730666368607e-01	 6.36025289726928844125098e-01	-3.37282601285484262554348e-01	-6.57909385713158767483577e-02	 3.52775278146081339158968e-01	 2.48129676526214093534861e-01
 2.16494387862608897443728e-02	 9.52193054882844003294906e-01	 2.82272961091736940275609e-01	-1.10158246603317452882997e-01	-2.08506153039513981994890e-02	-2.47401700953991839082580e-02
-5.51053739373336681772741e-01	 6.20744530586272325045627e-01	 9.81918310890504547616686e-02	-5.33803432291574467272177e-02	 5.30347929748862800813924e-01	 1.31362021699969272470199e-01
-8.85707567780592230910486e-01	 1.60465626810000705493309e-01	-5.06197403984779692454055e-02	 3.23632991363552391383962e-01	 2.72806666458075608439060e-01	 8.97147619278061692060788e-02
-7.06360401287645323087361e-01	-4.26633330548733258336114e-01	-3.09490987727960194242360e-02	 4.55112285911126734916365e-01	 9.23459127822094660853480e-02	 3.20040899961197111700528e-01
-5.79279143085283942937735e-01	-6.59080970137792432339552e-01	-9.58976412457563376356973e-02	-9.50186973284737890210749e-02	-2.71606293463907376428690e-02	 4.59440245258960211494070e-01
 3.69592061127945459286792e-02	-8.64114053577925700366791e-01	-1.40937720435156427223333e-01	 4.31621161986628809614785e-01	 1.23730412575254897222798e-01	 1.74560694259758231172697e-01
 4.59080260243505344774917e-01	-7.66165362202749333775387e-01	 1.72024482800688549577472e-01	 1.30524941772093727720971e-01	 1.25315778990858512492723e-02	 3.94271136229108087878359e-01
 7.74664345451801406028380e-01	-3.97580561559577438934809e-01	-2.86784451375706572751056e-01	 2.31913252022011989739170e-01	 1.39562167228689748554871e-01	 2.93799544621574204583681e-01
-3.74175691855028261234573e-02	 4.92799295311597662649916e-01	-6.24490591182099707978637e-01	 5.40681267038942481306663e-01	 2.02161680704843915723501e-01	 1.80429221329110600624546e-01
-3.64585284426941935720379e-01	 8.50708665165425537146859e-01	-1.57193796811376074185063e-01	 7.36657607152650523163473e-02	-4.44711420603762994097075e-02	 3.33553775061678769997542e-01
-7.54341250116195682906550e-01	 5.38155348784258094618771e-02	-5.48070087862908117415373e-01	 1.31958463256907743144097e-01	-5.45447670874185386313826e-02	 3.27573163929957944517923e-01
-6.43591543227473694699370e-01	-4.33498051218579261156805e-01	-5.39428300747480715671145e-01	-2.43343452575798700407428e-03	 2.97829173219098075620082e-01	 1.34827057390184468221861e-01
-2.18124793091357183083545e-01	-4.98494343045263077485174e-01	-5.38047086311012945358812e-01	 3.44972474241038495890166e-01	 1.32457332120140575115741e-01	 5.27142622718543507609468e-01
 2.91988100141326645253770e-01	-4.51873527639825994794975e-02	-7.45444975264752840438121e-01	 4.34513509132602282480917e-01	 2.44527145892268371607514e-01	 3.29267864635508222814764e-01
-2.41610524669977372314023e-01	 3.86200726664285287625944e-01	-8.88288450371711779673944e-01	 6.69948474020677382095856e-03	-3.92145421714261491197284e-02	 4.28289459991802040628173e-02
-8.75411176887373049249064e-02	-4.79965512296529783764498e-01	 7.49766978052813448663017e-01	-1.76937777807622542702859e-01	 2.56922045239273366679100e-01	 3.20161246555321798989979e-01
 5.33975328716142727536464e-01	 1.67148368864160845603806e-01	 5.75260290919577976787025e-01	 2.09602891499697296939786e-01	 3.78609775354702249305916e-01	 4.10765912266935928620626e-01
 2.55921992335090497938666e-01	 6.11083348134231818526985e-01	 5.45950243383399036467551e-01	-2.46668165816405188239813e-01	 3.93405930546258220115163e-01	-2.17729182714917424146250e-01
-8.90337942260884807055277e-02	 6.53005834258744144449338e-01	 5.73677410530247899878020e-01	-2.27645220247597451779242e-01	 2.74471394700564030877388e-01	 3.30747184034282770692670e-01
-5.41099373829230123611467e-01	 2.47651434744607240601155e-01	 5.28231667601141263723719e-01	-3.36027854007853732376532e-01	 3.02703618083417447248706e-01	 4.02873852196882098475328e-01
-3.79253426669222071243581e-01	-6.52946220503942353907689e-01	 2.83489045051425025967262e-01	-4.99341540668522432255827e-01	 1.75181902534274097638090e-01	 2.63498310454469197861016e-01
 2.29477577986144154476023e-01	-3.75376456357383370132652e-01	 5.14257250721404157722816e-01	 1.75747619164340923569867e-01	 2.35570805725049708945207e-01	 6.74974967789744084711856e-01
 5.35030151435241019264311e-01	-2.59201091744366729496818e-01	 6.25877003555786237676273e-01	-3.68223116342605349959882e-01	 2.19384242139279095340498e-01	 2.66679205049167755703365e-01
 7.34023522167193687160136e-01	-8.03485740966804889984232e-02	-2.83207816093596576045854e-01	-2.49086694562060284585669e-01	 5.57566957000824148238394e-01	 4.02717705394369032689816e-02
 2.52689800667638853060026e-01	 7.61664934022652895251326e-01	 8.08339530390616844979235e-02	-4.79610049127241755417828e-01	 1.99593866609528020061859e-01	 2.82164409773660307401144e-01
 7.06067250770772147916432e-02	 7.91126666156276026065086e-01	 2.65253735241927643753734e-03	-3.73765831493688902020800e-02	 5.84358996922299200882378e-01	 1.62030263420086972914191e-01
-4.21513806994062045774285e-01	 6.32749000586787513356057e-01	 4.55623811350405638620487e-01	-4.01462439120283121063437e-01	 8.78286091279018160671299e-02	-2.13250558485964580857086e-01
-8.15373100418997465155257e-01	 3.62692562840605081664336e-01	 7.25631971009841614250746e-02	-4.40448628715277346046264e-01	 5.07557546009476320825193e-02	 4.22404218424636337947398e-02
-8.18621998045262255772059e-01	-2.41202140299430350944832e-01	 3.35886566919217255389185e-01	-1.86618366826367509947460e-01	 3.18796392438974507399507e-01	 1.49673682808748265138377e-01
 7.27592377057817291108321e-02	-8.85334945713327381433544e-01	-9.05703456232852810448009e-02	-3.84197387905753640069406e-01	-1.99164199218030309179728e-02	 2.33839353114112219467202e-01
 2.09013003127625413002377e-01	-6.39702112053036175964849e-01	 2.40984754885558760673092e-01	-4.88218015802386939849811e-01	 4.31525855695585658367008e-01	 2.53869504240615551093896e-01
 6.40684467017712755421144e-01	-3.70563050616539990667064e-01	 1.58513520006976327270110e-01	-1.92116568346896859909023e-02	 5.12319905061370373111629e-01	 4.05264272215754894901352e-01
-8.88240659896882833734821e-02	 6.91589498500696286953371e-01	-5.02352879227667914463495e-01	-2.10160153461471460589749e-01	 3.02145925257252923046281e-01	 3.54959695379315487429039e-01
 9.01327635025766515930457e-02	 8.75994105572684200744504e-01	-3.97217605569456566616537e-01	 1.88337957705628777915763e-01	 1.70659493842756443404696e-01	-4.61815614675006522182876e-02
-5.18026879340463097811664e-01	 5.31749691552340975064794e-01	-5.42353458542478517045993e-01	 4.30785586769537806595132e-02	 3.86756028149268460403221e-01	 5.75078802800307320453044e-02
-7.50525286909408562152635e-01	-2.05792864049514689916975e-01	-3.10953426533772725459670e-01	-5.09024298108387562855626e-01	 2.10780712109681113430870e-02	 1.95240969553119925183893e-01
-2.47371548882246106160210e-01	-5.31526304105572999780804e-01	-3.24818605036438723399073e-01	-5.76898318607906857025114e-01	 3.59754959262028051192317e-01	 2.97564577769930449502311e-01
 3.11797739208972746194348e-01	-7.00008782891643255297254e-01	-5.37622253066645017227643e-01	-6.22167726602586013129326e-02	 9.15357071789918708137890e-02	 3.33889913320635778326562e-01
 7.19134106542399620387584e-01	-4.53259034995001031109751e-01	-3.54200466160609572785489e-01	-3.85195820984872872028149e-01	-9.04751693767774298193807e-03	-5.90485876844159054965822e-02
 5.03708478402448034394467e-01	-2.84076833154865565633784e-02	-4.82886233519570218231109e-01	-2.89544031238959422014378e-02	 4.42047726852219158288904e-01	 5.62180671595836289888837e-01
 2.97477255057106093616426e-01	 2.86214433910434884467122e-01	 6.14249582468614940822249e-01	-6.47642300314091645674353e-01	 2.34776479401553050951890e-02	 1.79706098597741392719485e-01
 5.72124325843277770076156e-01	 1.56247245095484724175527e-02	 1.53677158236805111446444e-01	-6.45191557457298281441638e-01	 1.04551226236389668833304e-01	 4.70754553963027344565262e-01
-3.46939347717495794043430e-01	 6.69978854243355570474705e-01	 3.28128197997002782337894e-02	-5.01173876247434479935805e-01	 1.69882067428424182731206e-01	 3.86845669049399154548752e-01
-2.36131460575420337733021e-01	 3.17990572731297660435956e-01	 3.94154121115962097210428e-01	-8.16054066729924865164492e-01	 1.08520532340076275579221e-01	 1.00227301779612282262022e-01
-3.13916282806685487116738e-02	-1.47831452746019387234355e-01	 4.94254709850338203036557e-01	-5.93922870473710617922336e-01	 3.33513072847695934974865e-01	 5.18553144057196213623229e-01
 5.26112195055536413512698e-01	-1.65557595655221073682739e-01	 1.84899965119632109233905e-01	-5.82212754183807468244538e-01	 5.63993909558201833576163e-01	 6.74375450355867989138403e-02
 1.64433524169130290681906e-01	 5.34047128006747473527582e-01	-3.81487666182923401692051e-01	-6.77820363132338510325781e-01	 2.82909449487576458714955e-01	-5.23854985769189110400568e-02
-3.46876779391902645421908e-01	 1.86414972680320756293071e-01	-3.09547149114678232795228e-01	-5.79279808281524255519912e-01	 1.81658319586002446610618e-02	 6.42815235212144120424682e-01
-5.12485274105033528080355e-01	 3.55741593262164229605204e-02	 3.92621207732575736026881e-02	-6.58697456895898647566412e-01	 4.44526882065932826826327e-01	 3.21037879829972727652176e-01
 3.14436190687051697612020e-01	-5.11533836609614267487700e-01	-4.32258958592396047571071e-01	-4.54343448261995297432492e-01	 4.93527494119875287381660e-01	 5.11649516313445948401117e-02
 6.03884983231749106202813e-01	 2.42991526562527565547001e-01	-4.37881065908105715500653e-01	-5.19973891266735654959064e-01	 1.38503137634498812991168e-01	 3.08191905201145588399925e-01
-2.11328639492295022872526e-01	 2.16894622809086119741284e-02	-4.04052416325071273028868e-01	-8.77095180499367077509021e-01	 1.09022372355243715724704e-01	 1.02125339113215696240644e-01
 1.13038933509859690351718e-01	 2.11479506249207999113437e-01	 1.56039850260358894940005e-02	-8.31260840117214350186714e-01	 3.83724927934104953486383e-01	 3.22514695740273860113945e-01
 1.18793242639298607388199e-01	-7.82106918283182184215008e-02	 1.32680642028908751806071e-01	 8.08952921249778134082931e-01	-1.39151554350379152991124e-01	 5.37028040740049950052537e-01
 1.06602092062590247945053e-01	-2.30769831250292822844017e-01	 5.39758830418303636733413e-01	 5.84215249686183546451446e-01	-5.16833648593514438651653e-01	 1.88725212024470678784382e-01
 3.53039286237125826684036e-01	 4.81455959342492800789870e-01	 2.30837842644730867336378e-01	 5.77170754783538297871814e-01	-1.72893255292801584221962e-01	 4.76717058732710141644162e-01
 1.28803113980625327794627e-02	 6.95338240328500445386339e-01	-1.36455212331071995546239e-01	 6.86039473749470940511230e-01	-1.42717725254876415252880e-01	-8.18553327429437510565080e-02
-3.98619663040597760339523e-01	-1.66954930398696299587158e-01	 4.65393865550953800269696e-01	 7.55557570522162214032846e-01	-1.00150336445034363053175e-01	 1.25457694451564016890899e-01
-3.35522314654789266530344e-01	-6.81964568430187934033881e-01	 2.00595311554631006156768e-01	 5.84176068518303392984592e-01	 8.33119921819973179022423e-03	-2.01939438562421830214433e-01
 6.15157240251826831212156e-01	-2.43578752663675318634873e-01	 2.21123658438740766651875e-01	 5.09978563303429499597996e-01	-6.89063189314120944084507e-02	 4.98526902862347132128207e-01
-1.02534898778262328900013e-01	 4.30034833844699648786047e-01	-2.15889807212692436122481e-01	 7.08967797857280812579006e-01	-2.24559663087325306340958e-01	 4.52643178088286801674656e-01
-2.03265911515845776325051e-01	-5.69580794392539960235844e-02	 5.32163004112422774460889e-02	 6.85102976426760545969330e-01	-6.34225789365583603185428e-01	 2.84602058263043189434427e-01
-3.76729526163568584351538e-01	-5.58596844278037685249672e-01	 2.49829246420516432047876e-01	 4.58813108155095905615894e-01	-3.78416166916754226345887e-01	 3.60446270216851216705578e-01
 3.10881830706960071708522e-01	-5.63045650847342149525332e-01	-5.02269758349242478878693e-02	 5.31147848506978381699639e-01	-4.08392359853220809906560e-01	 3.67296850975590449817076e-01
 6.63474836153111646730451e-01	-5.21838521941891952948822e-02	-1.57787766834123072134943e-01	 7.29280936590677608677424e-01	-1.44211070012446075649937e-02	 1.10614283688827558238543e-02
-1.97834859537884044655698e-01	-4.79676359494451309828378e-01	-2.25445691181085872134560e-01	 7.52342159713562219636174e-01	-2.62385456646778369993456e-01	 2.12323681391060975487406e-01
-4.61525878548946610901993e-01	 1.26608909481983417100182e-01	 5.71683875864867796501301e-01	 3.38843643927357218714747e-01	-5.04188320928711575241721e-01	 2.74081585581091913272900e-01
 5.73778712431144866101818e-01	 6.69096796323347398072201e-01	 3.39936362603206310151194e-01	 6.98562547162903668684919e-02	 3.05153709022835839537180e-01	 9.76322346226451143191838e-02
-1.42616723056504801636635e-02	 6.99271727670665144138695e-01	 2.54581799595787416912174e-01	-3.89398127142403169265172e-02	-4.01532792081854272847607e-01	 5.32220697424320543511556e-01
-8.05816913573947218862870e-02	 3.67753653594272256199815e-01	 4.81713720262691269535793e-01	 7.19285810049976936930705e-01	-2.54269644874443756510374e-01	 2.10215613485050106801211e-01
-8.28343381923055455118288e-01	-2.38857223706587587508388e-02	 3.57853499899721094745786e-01	 3.60677097908141675031146e-01	-2.31683773170010876008007e-01	-3.81083559720822653837935e-02
-4.70089844104191190155007e-01	-6.93935913083467831308226e-02	 8.42927458402205065368662e-01	 8.03565892100564505007299e-02	-4.42669049134549186241827e-02	 2.35067282978588310005108e-01
-1.15280534305358690200238e-02	-4.44316716610705098045031e-01	 7.88894834658947829986175e-01	 1.27303825436256623504505e-01	-2.65942963027834988753995e-01	 3.05225778102190203888711e-01
 3.83803084609815048366954e-01	 6.06188659525749434786590e-02	 6.78396372561727023509093e-01	 3.35273128090491145947283e-01	-1.71830253369198021617947e-01	 4.96855311571889834976190e-01
 8.48767419489555918765689e-01	 1.58871489870346327410999e-01	-4.58528591983874467263860e-01	 1.40546411785129471416766e-01	 6.22493129787420260146114e-02	 1.43097787616378147035334e-01
 5.11468671360636562006619e-01	 5.17268366452710903757861e-01	-3.75335641077386483743794e-01	 5.39506992475702440437146e-01	-7.76160653920488635693076e-02	 1.81285253906202037388340e-01
-3.11539971634659906829512e-01	 6.45231890521647644121117e-01	 1.56149993930634806149627e-01	 3.90078444156860826286248e-01	-5.14024535444243979576129e-01	 2.14134110521166071139376e-01
-5.82653722984890154457105e-01	 6.34080076551508997617645e-01	 4.04582460170938740251501e-01	 7.61777132364623993376895e-02	-1.09723869839530967229546e-02	 2.98071621031334887952369e-01
-6.50312150112771880650087e-01	 6.60495920549304255109391e-02	-8.69075872250753417302960e-02	 5.81103779916657403603608e-01	-2.78457610279926992546962e-01	 3.87244607879260738236837e-01
-6.49777580432118195830071e-01	-5.24072143907086451797284e-01	 4.88609452187970749736934e-01	 4.06300382815792046620196e-02	-1.71220188371066478483229e-01	 1.82841828541494999527117e-01
-7.69493852121938826105207e-02	-7.30344143477416274379266e-01	-1.92528860231589743490233e-01	 1.10817738582433059080223e-01	-3.40064184119296897268470e-01	 5.43768923051310526517454e-01
 1.19135790887191145293045e-01	-7.39971267762808415646703e-01	 3.40422572716534366232821e-01	 3.82688012529243892778652e-01	-4.17033512915444104507401e-01	-4.46608595087772466958320e-02
 8.58893983959083673340729e-01	-1.21200098457191415834977e-01	-7.37146616333411996979663e-02	 2.14931914227276782414222e-01	-4.06758458077950801889955e-01	 1.74727325114846177012140e-01
 3.63098559467153358948366e-01	 4.16265232628968195882635e-01	-7.15080610896122403907782e-01	 3.27410409486325812422614e-02	-5.06978170459206969877819e-02	 4.24146398926167622622785e-01
-2.78656748726629245604958e-02	 7.14708196674056273067777e-01	-5.09289649290935009240400e-01	 1.28549818300275231486296e-01	-3.83981483445444249369416e-01	 2.55093934623951135165498e-01
-5.09632513817542265321947e-01	 4.95816519915086240111179e-01	-4.82263674750141646541124e-01	 4.65068695261315390165890e-01	-1.97806582263097885387992e-01	 8.02875591678146455221210e-02
-3.33222751110671844276823e-01	-2.23027980304855433235645e-01	-8.83628802042794592175312e-01	 1.83910883576714201392832e-01	-9.61592438810224270362426e-02	 1.23900948592212900578602e-01
-4.85989303426856006362655e-02	-5.24372922455105583416923e-01	-6.41172292893793738244312e-01	 4.22615750996482297807688e-01	-3.49155835280701487555177e-01	-1.05144675042859861435751e-01
 1.21260617663973613300499e-01	-9.06067298285347599851036e-01	-2.59845685600491815847590e-01	 4.66924108644095336995150e-02	-3.00368974961350621022405e-01	-6.64562330017981345298139e-02
 2.22777609342830223981835e-01	-4.18309259002589306497555e-01	-6.48587704622058613956881e-01	 2.74796617917685559451257e-01	-3.17707657448439650949013e-01	 4.22220503056062013147454e-01
 1.72274977588491223778888e-01	-1.77398937002261114503909e-01	-8.32404776150417080593513e-01	-1.73968573449886393378350e-01	 2.37107995671593727027293e-02	 4.63816743256455055188781e-01
 1.65238199031094878943549e-01	 1.02072034273170561546884e-01	 9.05230269218512462181536e-01	-1.72792569023046294063306e-01	 1.04098751831295438519120e-01	 3.19596581722111916512574e-01
 7.96044110192664522429595e-01	 1.54606688125628416452528e-01	 5.33171680021227056833766e-01	-1.52535402669828956678799e-01	-6.58713812241765728217047e-02	 1.74735280655362784640872e-01
 3.57675784088132331373089e-01	 6.02746005889216007744835e-01	 6.26622176829172206069529e-01	-8.91008707876822514393211e-02	-1.95470013264725184232162e-01	 2.64504143836295058100916e-01
-2.41790288549672577333993e-01	 4.52398640617909242322980e-01	 6.60193925179383689361146e-01	-3.97174082270197792432498e-01	-2.88261861734018021152792e-01	 2.45305431918733468643623e-01
-7.68385887917020893311815e-01	 1.37356935905972754596860e-01	 4.72350505783667107273516e-01	-2.21535127779545787385374e-01	-3.02339129802357275966784e-01	 1.64664619285568553097576e-01
-3.97786105556787616954750e-01	-1.38213876359480986044659e-01	 6.95694162468951327049638e-01	-5.54127452037276757579320e-01	-4.53969331399998246578953e-02	 1.71914677309509322800096e-01
 2.14551626141751133891589e-01	-2.95715619887579828084512e-01	 6.92733259641533538619740e-01	-4.80379245130600318614000e-01	-3.19552650181477604363067e-01	 2.31867176354479231914496e-01
 5.98446272184749328282294e-01	-3.65304228928293117650838e-01	 5.59151783467466967358916e-01	 2.51263531110143822910885e-02	-3.55979446327093107527162e-01	 2.61555850350226215539351e-01
 6.80407455888302536983758e-01	 3.56826532234247539854266e-01	 8.28773342333153362204712e-02	 2.00332199978287897601525e-02	-6.34389350162596232785006e-01	-8.30561536544710088229848e-04
 3.82432553577936151789629e-01	 8.50878804117594755851428e-01	-4.90696792040092935605067e-02	 9.10389914536009203782640e-02	-1.52862450622605061667514e-01	 3.09334353854933852279174e-01
-4.13036712236000413955850e-01	 7.39777250560055943395810e-01	 1.35701564574882804770084e-01	-3.48913862958263876201670e-01	-3.72028769940701664609151e-01	 5.97418600560684145972523e-02
-7.91219890608997888925558e-01	 4.37656954275973453238890e-01	-9.58577089525611270026673e-02	 7.63787708956515792868558e-02	-3.42778420564368579981362e-01	 2.23401012676300220194392e-01
-9.32481986307066801344945e-01	-1.90220777424120524035089e-01	-4.66442474462971934379141e-02	-2.26914969568624835805082e-02	-1.76722257396748988478308e-01	 2.45707254544129088946747e-01
-4.53702513999773293651430e-01	-6.27872896812014302803107e-01	-6.15850619126181511586715e-02	-2.32611605661785347809456e-01	-5.67618737685183449848125e-01	 1.40846526149987966158861e-01
-1.70538979232396664675875e-01	-8.69987626939664471237279e-01	 3.06794141725604041504027e-01	 8.17587140165311615502830e-02	-6.23510967377006661283012e-03	 3.36440152518739377107693e-01
 5.97431362547742428326103e-01	-6.29764269108648910844295e-01	-1.80841805563411006652075e-01	-1.70485342140354392825863e-02	-4.12395532201973669117478e-01	 2.08346457277215180159402e-01
 9.19013848455038417917251e-01	 8.23175479739291920955324e-02	-8.38424356330172426687852e-02	-3.29548703258658981507523e-01	-1.74395272700972880919323e-01	 5.09092788264849868684614e-02
 6.32629916205427411668438e-01	 6.15753750093265161957845e-01	-3.52674956280710660827538e-01	-1.96004517292783037030190e-01	-2.39855901803244286885075e-01	 1.72759703452263491119112e-02
 3.13773793601406919551167e-02	 3.75067470294190463686590e-01	-6.62067322196232321829257e-01	-5.01091818673853328647283e-01	-8.32212629586453200847274e-02	 4.02477234537824357651914e-01
-5.69275077069595014656045e-01	 5.18673662325472073497679e-01	-4.62538854565000934204733e-01	-3.97707900656377955073140e-01	-1.05438041379466759805972e-01	 1.53858934873944058763229e-01
-4.30060036493432329418596e-01	 1.62210275506844830983866e-01	-6.52839358460112428872435e-01	 3.92976634596702775747978e-02	-5.96787928097988751297009e-01	 6.95472939787774441233736e-02
-4.87296492059558938869657e-01	-3.54846878311886326784474e-01	-4.44873964974225266644225e-01	 2.33008479287840519766917e-01	-4.34721972754614438549936e-01	 4.42082381520881084746577e-01
-5.58985213735785912980703e-02	-4.58392408382617966289274e-01	-5.56524093429281441203216e-01	-1.85511035319300465751269e-01	-6.33401514290075851043582e-01	 2.03521168795650464478086e-01
 6.35046525219427282493712e-01	-1.46591120154537402076045e-01	-5.61237522985481573911670e-01	-1.65401553272714607611960e-01	-2.42830048921413327311924e-01	 4.17031522318742520205603e-01
-2.77183314709920025631362e-01	-3.41966386640519981465758e-01	-5.20679216268382760723910e-01	-2.43775487474759078310171e-01	 2.85038441383903551340495e-02	 6.89117259090474831850770e-01
-5.94508559695643146181254e-03	-1.31189802112764569708148e-01	 2.80512606916681894730914e-01	-7.62954968805429567524357e-01	-2.71565567127799722957349e-01	 4.98215242104582789473000e-01
-1.73810187501580760971454e-02	 7.31683314974072712688624e-02	 5.35429005861637441476830e-01	-7.01235493699958301050401e-01	-4.53724110193788221501165e-01	-1.00315947582334155652184e-01
-4.33114068378266159342616e-01	 2.48259059266575682345390e-01	 5.56438476305071757360698e-03	-7.59750457923456745668034e-01	-3.02921917692553444023673e-01	 2.85947957421755660778473e-01
-4.10117620079447520176075e-01	-2.35829921743625409158440e-01	 1.22273742995443468473127e-01	-8.71546716704008073151044e-01	 3.14842942732591890564464e-02	 2.55338461894885834779778e-02
-7.37643738926583858450670e-02	-6.57443791214653128207601e-01	 2.47661596295087299557380e-01	-6.49063158195540390593692e-01	-2.80612697748156891819349e-01	-3.10442070897207801627449e-02
 5.67678681959527864364645e-01	-5.33225020237698021929873e-01	 1.73528024497352412192086e-01	-5.32088353805253322370561e-01	-2.12309361914950950334102e-01	 1.87367913857544005074018e-01
 1.71801872612888373303974e-01	 3.51946311060881811272338e-01	-1.29493074859871104553832e-01	-8.50212457094692619641307e-01	-1.89908007238479031864031e-01	 2.66314064308277309578443e-01
-3.98883703411385515114063e-01	-4.95210502537181823656809e-02	-7.19862555838076678682569e-01	-4.18440483874831403721117e-01	-2.80506102877799035066886e-01	 2.57800785762505035858538e-01
-2.86046704358505654575140e-01	-4.71770676361658092279328e-01	-1.64315473674897266631589e-01	-6.34538550616126961756436e-01	-2.64328559299960019757236e-01	 4.42833351817913556391915e-01
 2.26172044410346356757557e-01	-6.38572795111319368999148e-01	-2.59216821347166059830158e-01	-5.57324100982295123074550e-01	-3.84791841282626223552654e-01	-1.23299296625064599974841e-01
 5.07557255012756947110120e-01	-1.02437281635734303564256e-01	-3.26030091186956916260442e-01	-6.76064202118707102684425e-01	-3.86767209884327278768268e-01	 1.37640603847520137659188e-01
 1.14928948131866798254563e-01	-3.72117989174688024167637e-01	-6.17411455810933151866493e-01	-6.44379171160056718470344e-01	-1.04397380643757628493340e-01	 2.02482848501087664416787e-01
 1.81799695160546004313318e-01	-3.64746748806538734211102e-01	-4.19055960444276384690987e-02	-8.67061915989240095115065e-01	 8.37586829502664220736818e-02	 2.70814914593451416813252e-01
 4.36230473917790462223820e-01	 7.14498180041322900057921e-02	 1.14149439439488274011802e-02	 6.31586135305156837205232e-01	-5.64598956052748901512928e-01	 2.94609179595333003920388e-01
-3.51902272224521861510027e-02	 1.29605583308287031218953e-01	 2.88588552238213447154180e-01	 3.33446760172324996318594e-01	-6.08233722207535354442598e-01	 6.46177750700648534376569e-01
 1.74062834905088531511907e-01	 3.33839720895716340898218e-01	 5.10994961511787915142691e-01	 2.92219382062269994460024e-01	-7.08252161904238120015975e-01	 1.00618226339756977605333e-01
-3.59574820605621958691245e-01	 3.38506457474018418452033e-01	 3.27067781524801370895972e-01	-9.92395926310535997361129e-02	-7.78214722211627796255584e-01	 1.83519324079977536046115e-01
-6.45261259248366747520720e-01	-1.16584958579833947167614e-01	 7.52374520623830343041272e-03	 1.80778174060474222661909e-01	-7.20407266191839812385922e-01	 1.35358304531279005633593e-01
-2.85395201582855528865679e-01	-3.64004859640082945038131e-01	 4.42382488679108509810334e-01	 9.23739331632338206423682e-02	-7.57408249921323939446438e-01	 9.02639141907516096008379e-02
 3.91251397575289094898920e-01	-2.40346837169041815940318e-01	 2.48091090940288222510546e-01	 1.67641828636705431110343e-01	-8.10219213111180280861845e-01	 2.07479146786178153538671e-01
 2.26037638708058319370053e-01	 6.07258091526065024723380e-01	-6.38314175785441723087743e-02	 3.75809376675985462590290e-01	-6.41948307002518814279313e-01	 1.50797313743737865232575e-01
-3.61406245361846512054171e-01	 2.75074213298003356076293e-01	-2.15413370146295995999353e-01	 2.32056042887677282937631e-01	-6.89532203223288231441757e-01	 4.66917676503580791891324e-01
-1.15280466124892247425926e-01	-2.85867127176742785721331e-01	-2.00335644455023036830665e-03	-6.27596340717771900008515e-02	-7.91914973745885375500109e-01	 5.23372036873321899719258e-01
 3.94955343309979001187315e-01	-3.81029615216899431029418e-01	-2.23220629815556764752316e-01	 4.89690639951226969195375e-01	-6.29398628942506310757210e-01	-1.14279055704689283534670e-01
 5.02960087411284395564337e-01	 2.62911630406971297269081e-01	-4.87409463073691429091383e-01	 2.33801373601622147768708e-01	-5.80517768168339887147056e-01	 2.20627919622702839408390e-01
 6.30359650133078402989284e-02	-1.22744136828035921293889e-01	-4.04151616934297297500933e-01	 3.53920981972590864561568e-01	-7.73820654074428349034065e-01	 3.05881265143773450887466e-01
 1.86235060655594447664996e-02	-5.21065978912305105552605e-03	 6.07409798816451740322009e-01	-1.43172284048732056938036e-01	-6.55009451234428552446332e-01	 4.25609758137648508391493e-01
 8.52920751429137868893093e-02	 3.90986628054419305122735e-01	 2.67323527349490275284438e-01	-5.63146550808185542003059e-01	-5.69329096257918054746483e-01	 3.56543395385278683029640e-01
-4.45300799713756689790500e-01	-1.28920251204254987520414e-01	 2.87231121706560621476001e-01	-4.79433648823931357618733e-01	-6.40260076753473184041354e-01	 2.50590222909673032702926e-01
-2.67211095988581615046087e-01	-5.38996965665745064733017e-01	 4.11056303679514123405880e-01	-3.05871445321598600664004e-01	-3.65302032976863033653103e-01	 4.92047050625123771894209e-01
 5.26136113121613568921475e-01	-8.66857249465823598288949e-02	 1.58221977051983736517471e-01	-4.14465440310325117234669e-01	-5.49854708841907457994580e-01	 4.65306758483344407029136e-01
 3.98756799738812062194881e-01	 3.78207599336633615294545e-01	-3.36798045392009748333351e-01	-3.62304195477848423045941e-01	-5.48230985071918919260270e-01	 3.90765351627323231920030e-01
-2.67220481891935535134763e-01	 4.84761749904683847400833e-01	-3.06586467458359657189959e-01	-3.14049317492129720363891e-01	-6.17525256946241274391696e-01	 3.45889550397812828297361e-01
-2.57546960609150887844265e-01	-8.77004316454721849494192e-02	-2.57545944737603671459425e-01	-1.91426361165093122940206e-01	-9.07147463514741292378574e-01	-9.36543694999365447517725e-03
-1.61777360998773739320100e-01	-5.73024775667205998885834e-01	-1.37079612371537123971521e-01	 2.97196380697075601684531e-01	-7.33226273654619342678984e-01	 2.70816309518138106926521e-02
 4.59350156288506228374757e-01	-1.86886851466261022514104e-01	-3.19423755079269677814580e-01	-1.48478128642831830319437e-01	-7.80716346313141129620305e-01	 1.43092401167893457092362e-01
 1.54814608361924899160300e-01	-1.20130452935884701748392e-01	-4.36511625819821169613988e-01	-4.75817257671912130501113e-01	-6.75291774359567109620173e-01	-2.97720789706040211974880e-01
-5.75153581732247495827970e-02	-3.28716432781161818632576e-02	-3.06273320832431916738159e-01	-6.27979117184160662290537e-01	-6.16555975220945406967132e-01	 3.56803936901805118786513e-01
 1.39478335133954106650478e-01	 2.55009324659940472823649e-01	-3.21585576320380997494830e-02	-8.78364406427774441210587e-02	-9.03970168749318347956034e-01	 2.99340206524792318276695e-01
-1.60989246030888405458725e-01	-1.63985847358515748894980e-02	-1.18630811229411242679888e-01	-2.02641968138258160569976e-01	 8.54746018598294465817844e-01	-4.33688547401861468344464e-01
 6.60088065145321509913368e-03	-6.11028604264038655013991e-02	-4.90525904629182177285607e-02	 3.90577847990709992043179e-01	 8.61757735227260512900216e-01	-3.14068881976777014575219e-01
-2.77923953585048066905472e-01	 1.99160129219817322310249e-01	 4.37972696815305317930012e-01	 3.62217812881702239113935e-01	 6.90481670842779005070611e-01	-2.88629094268909147658064e-01
 3.84244573892736529518999e-01	 2.62715042920612762422650e-01	 3.57550738701604031710701e-01	 4.42156505457893700405947e-01	 6.73353753268862709191467e-01	-8.11586751441067122403439e-02
-2.37173846411525175714718e-02	 5.79123525659067550641623e-01	 1.00438897172749896924415e-01	 3.30231323285756148133707e-02	 6.91518492606037815662035e-01	-4.17943899038853483585143e-01
-6.34047594282855508929231e-01	-2.84020156026731918075257e-01	-4.22875770735736816741124e-02	 1.40476772679742872851349e-01	 6.99594522555338382829859e-01	-7.97605186039624103333523e-02
-2.22363785889585913180255e-01	-3.84079886922645885594108e-01	 4.07938062014588154191586e-01	 6.38479164359103262826878e-02	 7.66941429991349288286528e-01	-2.10589200282771837891005e-01
 2.66665089329021443020906e-01	 5.13128005430851102941503e-03	 2.86879299488413563867795e-01	 1.03530658212228621195550e-01	 6.68984801300430809156694e-01	-6.23140759429482438136461e-01
 1.26323554074521143819609e-01	 4.24433035366260480447664e-01	-3.70737221745717715482016e-01	 4.31044124321765809160212e-01	 6.63786536626182921416728e-01	-2.00103141578361842789491e-01
-5.20511456328407673410652e-01	 2.62585515599257857122240e-01	-1.81296649140990501214432e-01	 2.85817201858732161667831e-01	 6.58753253450656717227218e-01	-3.34067169935060248597836e-01
-2.50630808251311509859960e-01	-4.32341034273490132378015e-01	-4.62909437965261849612375e-01	 8.07998107049233554866063e-02	 6.91399668655326204991241e-01	-2.26755747566985049745725e-01
 3.35672275600803926565163e-01	-5.68008770483543479201671e-01	-3.59099641677705416764610e-01	 1.69748918346109972654645e-01	 5.44791840456808618142759e-01	-3.31850512559049681815537e-01
 3.65782719203420481068889e-01	 4.15344510783841117107507e-02	-4.16771341514120152726974e-01	 5.14798347221286506369964e-02	 6.24620476982753247696678e-01	-5.45874186007279216248378e-01
-1.71144520106507186385514e-01	 6.64906755467516430435637e-02	-7.92959477860844086372083e-01	 2.53218696751405070166641e-01	 5.21871439938888959098051e-01	-3.21605591546246377676610e-02
-1.55470834314152983601787e-01	 2.78554033694944969123952e-01	 5.40893403664862493229748e-01	-2.04511252013558297857543e-01	 5.35838326316266932991539e-01	-5.26044895148888969060863e-01
 1.94067779252310057547248e-01	 9.33170101790903039340463e-02	 2.80715813837111693995752e-01	-2.04378294088890244406542e-01	 9.06518924071698095623617e-01	-1.06213077039912784371722e-01
-4.55620636881146012786559e-01	 1.46194259405911991533955e-01	 2.42123933223649029367053e-01	-2.43798911724776801168701e-01	 8.06912960081225927311266e-01	-4.32046319259203892571009e-02
-5.46530664624867879020087e-01	-4.38112978502829875093738e-01	-6.95901807329275009887659e-04	-4.67199712754967022565467e-01	 5.16192664035678649980809e-01	-1.56940525072968545261531e-01
-5.68832198572107455847302e-02	-2.35692422466322742957701e-01	 3.32967116397821283335645e-01	-4.92729896916059229017293e-01	 5.48171473999363167983745e-01	-5.35790597590894313029253e-01
 3.00728560820298751465884e-01	 2.56736442041981649531124e-01	 1.42735953416378187619262e-02	-4.95139488305951003255245e-01	 6.09368318465952518714346e-01	-4.76394937085500236317870e-01
 4.47456514150695958825787e-03	 5.40946609758178986737676e-01	-4.68478049451977685002646e-01	-1.87994299010761228840849e-01	 5.81859405617809133381968e-01	-3.37613442376247074871998e-01
-2.92864579938329594455126e-01	-1.41708998091586546586029e-01	-3.69311700619854799132469e-01	-3.61295699224927380210914e-01	 7.82646738866712876614429e-01	 1.21191028238751150047925e-01
-4.04907962280328326265533e-01	-3.49704716223867950741777e-01	-5.68534990380910598695152e-01	-5.27417188850735962901695e-01	 2.39533527129923512477561e-01	-2.34475833575316483514683e-01
 4.96234185201286537303389e-01	-3.13192272208398292399067e-01	-4.85741674802176170988588e-02	-3.26043782368814483163533e-01	 5.77936599397489758622726e-01	-4.61505713264378059079718e-01
 2.54327942522865724228609e-01	-7.16516672453448716373359e-02	-4.86678516685085105208941e-01	 1.46225975014784535799262e-02	 8.32473490954675710007393e-01	-1.00709547858751427562574e-02
-2.77003862101217745994575e-01	 8.19032856103771300659844e-02	-1.64892046481755316644779e-01	-6.85563210488954410948281e-01	 4.40839677354541770171181e-01	-4.74378317894393441989109e-01
 2.21480873054547749978482e-01	-6.20686593000304639988762e-02	 3.16636863509470664612699e-02	 8.21895392188565665492206e-01	 4.76366622865801947472875e-01	-2.08935205958679870441586e-01
-7.88117553869596872140324e-03	-1.05271111738881886776831e-01	 8.65630278880132553176452e-01	 4.26765522354494830636895e-01	 2.15622093595512875907616e-01	 1.04491157876037674134828e-01
 4.94372773320585823242368e-01	 3.85714470782301199758280e-01	 2.08569792949442833762674e-01	 7.39098354611141594716628e-01	 4.02066995987859290839772e-02	-1.24240062040973098245189e-01
-8.13159395476784202516640e-02	 4.00462790598061280089581e-01	 3.11229853252874333335853e-01	 7.95365676115679542945713e-01	 3.13222231027834752126182e-01	-7.37463559308511179546386e-02
-1.83790947809777754917704e-01	-1.87467035450593677570197e-01	 4.76879858280392365799116e-01	 7.15631025815750443364038e-01	 2.82567084022545544907956e-01	-3.34201551172215560736589e-01
 4.49899858013662612421513e-02	-4.76541811652462621307080e-01	 3.96191476809241438505893e-01	 4.49763103779153072814267e-01	-6.51838139435704649882197e-02	-6.38263532960333668242470e-01
 2.34850789057473696708200e-01	-3.38890542212762269080883e-01	 5.28664269014015753000990e-01	 4.25145026991691210582758e-01	 5.42449720561163029053375e-01	-2.74795204894570099796169e-01
 2.64469864985587443939608e-01	 3.48217101032494147361263e-01	-3.41935873329941686371569e-01	 7.27803171118679093076764e-01	 7.33681039154240044464217e-02	-3.95979879577954496649994e-01
-2.94942496470391890550644e-01	 2.02419284248511049950636e-01	-3.13856762953331869248075e-01	 7.94813409000321491326702e-01	 3.47071602138977197693492e-01	-1.46089826307518239056904e-01
-4.39790767893929457343916e-01	-4.51488132027097088805334e-01	-4.16588576726605763766997e-01	 5.70497158210236832154294e-01	 3.11938047973129017886862e-01	-8.01508050839739444315413e-02
 4.97480149159373497003145e-01	-6.77261513643039880783192e-01	-3.58244680648457380911509e-01	 3.73974916723257000406022e-01	-2.75496793734791023400277e-02	-1.57717687485083218890125e-01
 5.99865837759811615370609e-01	 1.74567423675971528096440e-01	-5.35461851845676628514070e-02	 4.42888127991619640067000e-01	 4.31511209328754918868043e-01	-4.73780729493874008806387e-01
 3.91392702849687468269479e-01	-1.44177126832841923098627e-01	-5.47888709381609828596993e-01	 5.83202294712506064122692e-01	 3.46830342160820592756210e-01	-2.55785980040095894949559e-01
-2.66055750218532560680273e-01	 3.44694230079201857641635e-01	 8.69896540824673158986968e-01	-1.14691217422423358263117e-01	 1.72200991580720857987430e-01	-1.04273567752364251792763e-01
 5.97460569740952185391336e-01	 2.68972103361632186580010e-01	 6.83684973560648612256330e-01	 1.86030784317484543244348e-01	 6.70265034810230003747833e-02	-2.53317443660600549737438e-01
 1.15541228939803050645985e-01	 3.77156415518573762124532e-01	 6.22656974664955065179583e-01	 3.75322152155904975590062e-01	 2.98836794324336796346842e-01	-4.75953156317258097018907e-01
-4.17365785095191399456382e-01	 3.24290535285581549285183e-01	 5.74225104710431311083596e-01	 4.62631485068744296995646e-01	 3.30253945546954419398844e-01	 2.60406259045586951916817e-01
-6.91229071705732112107512e-01	-2.86571053026773159277951e-01	 4.61928508181926655851157e-01	 3.39887961602577726161201e-01	 2.80368250441241417814098e-01	-1.80475131325454785091722e-01
-1.64338185480745524458257e-01	-6.66568305507701741596804e-01	 6.52572978150486426862642e-01	 1.88946027657032195046227e-01	 2.11718874702782527963407e-01	-1.49340817596890801377540e-01
 3.06752136790896412499308e-01	-4.74629118148814588273865e-01	 5.54122818707150299744058e-01	-2.31549319873020464921609e-01	 5.16581919228272457011997e-01	-2.30447958898134991345685e-01
 8.39620819779093086054900e-01	-5.96651292121792766603994e-03	 2.37963914020815014982446e-01	 3.95189400573398630367450e-01	 2.82116303163118309349500e-01	 5.10899648165109299124964e-02
 8.06371957370206726700701e-01	 4.86037387754105210113664e-01	-9.52929525523474318937645e-02	 1.70328901186362235975480e-01	 1.27255744784810276293285e-01	-2.43403406109842623816775e-01
 2.74656573530170089458835e-01	 7.61695084283840584404857e-01	 1.28935119659396579816502e-01	 3.77186109522512469371947e-01	 2.83083350083725315826655e-01	-3.24583665333859516799464e-01
-2.99805362344549852782194e-01	 7.43001573989157781952031e-01	 4.29385767503357773655637e-01	 1.90172172595952315710122e-01	 2.97863567005183238478594e-01	-2.20918782917441186564034e-01
-6.03932043810368135439148e-01	 2.96458443785284075921993e-01	 1.95717104443311279426965e-01	 4.93867326570307851874020e-01	 2.07667800283454051513132e-01	-4.71213795497854248672809e-01
-8.51352787479064843090271e-01	-3.88458488228277831755264e-01	-1.58140523999073995264908e-01	 1.40680253921285192131307e-01	 1.17807013614721234340266e-01	-2.56165147012916649682523e-01
-5.35901008779367971079921e-01	-7.56022909277875188038820e-01	 1.47235957287311342023273e-01	 5.59176440189767115507280e-02	 3.40153033516751579501403e-01	-2.70217170935012664101382e-02
-2.08322288211210904229631e-01	-7.82921309978650059591132e-01	-2.35665014256951410587249e-01	 1.81133242012827377909190e-01	 1.64575350120901658934613e-01	-4.77706761980125405031572e-01
 6.21723692333283839417390e-01	-4.19928524581688888961395e-01	 3.25780935852373276784277e-01	 7.29490330674862907933687e-02	 2.57656739037600224229152e-01	-5.09193391426376429365064e-01
 8.38721609800956779956493e-01	-2.25236445033319465647281e-01	-2.38536092522844522800796e-01	 1.51729246959677349648743e-01	 2.47357742306192202041970e-01	-3.23585414664829540409841e-01
 4.61872723403184359813878e-01	 3.92241329429247276294745e-01	-6.71471673855026152111236e-01	 2.66926233735800044755138e-01	 3.06727304625018792894053e-01	-1.28898659477605287415614e-01
-3.19582662248562132667473e-01	 7.20782847426411521496448e-01	-1.04759551563626457371114e-01	 4.56186714794176773057899e-01	 3.87844772680327354308361e-01	-9.39923334747329308758168e-02
-6.73376148824536779891048e-01	 5.88198834330243142121120e-02	-5.67014664941585921908995e-01	 3.91295651517780118666678e-01	 1.82795698272928935912418e-01	-1.87276797934315092364344e-01
-4.31573703170536060458318e-01	-3.96390605218579938906487e-01	-6.73901072102142784103762e-01	 7.73642479834187879461638e-02	 8.44917870761825590131266e-02	-4.35145817969487036513954e-01
 3.87342555521806505836047e-02	-5.58471495217324975790518e-01	-7.14967531693034952233745e-01	 3.28044530872804385168706e-01	 2.59987050975481526204902e-01	-1.49731156018688745662493e-02
 5.52956654699233829397542e-01	-2.54827667890185682875170e-01	-7.33011487272534845160976e-01	-1.24264962608987492020951e-02	 3.00528951632010599137601e-01	-3.90370164027780200410866e-02
 2.30002622018099261991253e-01	 4.78738238551294249811807e-03	-9.56138058808473356720015e-01	 1.23564662732684876766953e-01	-1.05554647659585082442035e-01	-8.04106822124846243315943e-02
 2.13125150152491421584600e-01	 3.89947346298495645111615e-01	 7.93182646262311941143253e-01	-2.80792264303213023879380e-01	-1.30995550162240875780029e-01	-2.78165233810269696412831e-01
 7.45774193878445679217748e-01	 9.41283453032716876940356e-02	 3.68894964570364192191221e-01	-8.86270581794920409013372e-02	 5.02179428223146540055666e-01	-1.97074295376071489949155e-01
 1.41600079263249828409599e-01	 6.87770611289218347650376e-01	 4.03374653504948776916450e-01	-9.05787984379540986323853e-03	-1.14413894607494528998792e-01	-5.75358417199869909275378e-01
-1.54717586170083520880070e-01	 6.38187438972641296608401e-01	 6.56068134561408666804994e-01	 1.67350905088334223069779e-01	-3.22732359201538088200323e-01	-7.86852144350014270912652e-02
-7.55665390416866422640396e-01	 3.01735132246470805217342e-01	 4.57945991053047563035250e-01	 4.61488779273934446312211e-02	 3.34596028483691632082753e-01	-1.18856955041575840237300e-01
-3.78888540650552052557742e-01	-4.67281009010145909066125e-01	 5.89621879978606822092502e-01	-3.67937512215054551845128e-01	 3.39119122602568212609953e-01	-2.00145394208583432549275e-01
 2.65836134937810497635979e-01	-7.60031809505488542555440e-01	 5.56384277312121033887138e-01	-2.03002162782601608403965e-01	-2.58735379175383979621916e-02	 1.54924433910179921297656e-02
 6.13996825262799195144225e-01	-1.87755476059036419123061e-01	 6.41962885262825411203380e-01	-2.55181335218693960964487e-01	-1.24370853398924396948644e-01	-3.08307980277683968406421e-01
 8.21928599428677242322294e-01	 2.27441036472681989977218e-01	 5.57404167443709130935758e-02	-1.55196891125761210483702e-01	 3.59363930313434498664549e-01	 3.41128200073210874343488e-01
 3.41156153341136247902909e-01	 7.99083840392078137426779e-01	-9.20850309016159329633666e-02	-2.80549347369421997466787e-01	 2.10982743215971019212773e-01	-3.36713807114039365142588e-01
-2.79483010481878679787116e-01	 8.53032486984135918106631e-01	-1.83575915531966615823478e-01	-2.78919579472592327196168e-01	 1.96417661858912406813715e-01	-2.10115864548483660678713e-01
-5.48959577434489420788566e-01	 4.54458505913360344408147e-01	-1.58183779712272633288794e-02	-2.57400011336943013162681e-01	 4.48051838881534325587097e-01	-4.74189214874104647545749e-01
-8.25537545278321793773557e-01	 6.42052299185608410514448e-02	-2.34392318412133177085721e-01	-2.27809961711829184194400e-01	 4.49578887195033249923881e-01	-7.35332332327572751884404e-02
-4.89323998708340368590797e-01	-7.37354982574954687102320e-01	-2.04082782670532120183893e-01	-3.67698648950156026238290e-01	-3.85138822694672117163961e-02	-1.96301442200979447960663e-01
-4.52238336001530849550534e-02	-8.44359126743403631820684e-01	 1.46383706842753702481730e-01	-2.98962224362741335603744e-01	 2.91283234310948713208234e-01	-2.98931340183715421598976e-01
 5.22277919719766892114876e-01	-7.83267890238222408427760e-01	-3.48270506743541749528070e-02	-1.27796359601126313654262e-01	 3.06979278736267180427433e-01	-4.40008651681248058595841e-02
 7.79366447649361360205944e-01	 2.55740064998072058610745e-02	 3.54614159337410875250107e-02	-3.86480568556425874149340e-01	 9.97203279093504535435244e-02	-4.81004183744685120949214e-01
 6.67481599350458254527041e-01	 3.00903781467077469091720e-01	-4.63638375009951475558267e-01	-2.72103595438349665780464e-01	 2.75899176323026518176107e-01	-3.14330978268604233072381e-01
 1.96019934801756084974400e-01	 2.89578588704664074970907e-01	-7.75711870587935115040068e-01	-1.94000930058712328651893e-01	 4.71549622203218332661123e-01	 1.26475740319847818060595e-01
-2.22488559996772028437562e-01	 5.25164613185745920986847e-01	-5.98238836520898598081430e-01	 2.92000785362518833210288e-01	 2.05739075533345666668694e-01	-4.34992227921955854075264e-01
-4.48314411834810133683504e-01	 5.05580237555493944290319e-02	-7.18045135081185170733420e-01	-3.21966431387145479714462e-01	 3.26973144535802895394028e-01	 2.65132868904592311487534e-01
-2.61389680094978982261011e-01	-6.69285541533763628230247e-01	-6.29970298350977397916495e-01	-2.02667405552089480158529e-01	-1.13759617729294534860252e-01	 1.81257811776904198541871e-01
 9.38806911055245496555699e-02	-7.26916005413651977740130e-01	-5.26612482509075330305848e-01	-2.88602538323066426517727e-01	 9.61963112899772432307088e-02	-3.04817444947500182372835e-01
 4.69779407215737243586062e-01	-2.41097962493346473777933e-01	-5.68492418620110462335049e-01	-3.12354141894938985846153e-01	 9.00297153004117611807544e-02	-5.40670871615114512209743e-01
-2.73450569462115565533278e-02	-3.08660337416766183959993e-01	-8.54319142787630214641581e-01	-2.15893736691908449953914e-01	 3.54732688637473481119144e-01	-4.09201698703637178899939e-02
-7.51048472611445805391384e-02	 7.06256305092144431867496e-02	 6.56426145057052767839423e-01	-5.19502082642801510381503e-01	 5.37195382417011590980849e-01	 3.83478268299878351926813e-03
 6.27333402518611915610336e-01	 4.28403274637644493338939e-01	 9.90275457239867401559863e-02	-5.73290226820176052058287e-01	 2.80787666088147980225642e-01	-7.49238543942449264356753e-02
-9.77769921650037399096789e-02	 5.44047116926207663389903e-01	 2.00645321474076682166654e-01	-5.62875135413969496234188e-01	 5.72393451855392587646065e-01	-9.86466803485264442930003e-02
-5.90753300431338557174854e-01	 6.92427688012147990459511e-02	 3.60215712335200111127165e-01	-5.72508952689632977239853e-01	 3.49191296490111824368796e-01	-2.58378704871050079994177e-01
 9.63740207601154752481420e-02	-3.33234534448113739468766e-01	 5.15403059179467715189560e-01	-7.67430329841694680581554e-01	 1.39302016940264866695642e-01	-7.53134561520439616000289e-02
 4.74308051077687919949710e-01	-5.15196687459312574475234e-01	 1.80237213985707800389946e-01	-5.92252180624110002860050e-01	 9.49245745277432495523584e-02	-3.42557254054297710688104e-01
 2.38724799676574866991174e-01	 2.86919355711719836765639e-01	-3.37453381046647848950926e-01	-4.92438915350816797111833e-01	 1.59577126163654742230236e-01	-6.91991347063672934680767e-01
-3.90195603887544262278197e-01	 4.01532968783275712176817e-01	-3.17428003477780495966698e-01	-5.63751434346262514374359e-01	 5.15181059170034871819155e-01	 5.03082979239679664584806e-02
-6.34332999235637129409326e-01	-5.02282204039727290384443e-03	-2.34258109002288494870925e-01	-6.16245333801333949885759e-01	-2.03507723067586424048336e-02	-4.03171291563207356833942e-01
 6.49229839599580176717764e-03	-5.29483877570447680760424e-01	-1.41422500894979680241548e-01	-7.37677616260250745838789e-01	 2.70651787937685184282088e-01	-2.86676985211297863376245e-01
 4.91684115353385353675009e-01	-9.00354857009534742529056e-02	-2.50434578821212616706049e-01	-7.89780249862604422084189e-01	 2.14439818634009626840964e-01	-1.32987160529013326293324e-01
 1.44887392591322133883480e-01	-2.79377936850556153614011e-02	-5.17776767651224822941458e-01	-5.56794921550727628378752e-01	 5.77438407333566550150294e-01	-2.58222080977096313247898e-01
 1.19096307215392285816513e-01	 1.30745590842702791301022e-01	 1.39064101773835824271686e-01	-9.04339110026366022054845e-01	 1.68281895724130048375144e-01	-3.21301748094994121807133e-01
-1.50632781777997243333189e-01	 1.14360103193510739827410e-01	-1.31299364095223865256390e-02	 9.73852300336156884164041e-01	-1.24969085617818942424151e-01	-7.31856482488647212131250e-03
 1.07849931426076781071366e-01	 6.06986120390361344467678e-02	 5.94094446398578335255536e-01	 7.06143848629232295799341e-01	-2.17950231873115657377227e-01	-2.92565242323558960535479e-01
 2.14578286292137293544968e-01	 2.51688283347307806270265e-01	 9.80227361452700174382358e-02	 7.45355025697364559356117e-01	-5.22005149536597490289580e-01	-2.30124357253128269951148e-01
-1.44714575248479082603126e-01	 5.36314525085976434581880e-01	 3.18931003325863549058283e-01	 5.78071709013747381256110e-01	-1.72284156581687164511152e-01	-4.75245942264503840046785e-01
-4.70730081397608912663344e-01	 2.49456459288421306119687e-01	 1.20859564708897790352715e-01	 6.13859878058929164801327e-01	-5.27489959553907761247160e-01	-2.15657190198597248365076e-01
-2.13915067392362545639628e-01	-3.31045953856111796476114e-01	 1.42395552043014933518705e-01	 7.00255724640013066384370e-01	-5.08197064079542792924826e-01	-2.75227344764662540388400e-01
 2.88851079688250023114193e-01	-3.52385517940389525470835e-01	 1.71837663898889242419799e-01	 8.47186562182894342676320e-01	-1.76067121337802418024054e-01	-1.18897499616840193747969e-01
 1.72301267912683603311663e-01	 5.86412884603758517709782e-03	-4.49825195962873625177281e-01	 8.19084273439271814964968e-01	-2.95242653824148104657610e-01	 9.93373369527082022978348e-02
-3.82173304287405701806790e-01	 3.80600157415698858720532e-01	-2.81571446188232765717174e-01	 6.16920098842678621409163e-01	-1.56151801008293178441022e-01	-4.74163276775484421321494e-01
-6.37701508795695093390066e-01	-1.49726775052597488313566e-01	-6.55932586408794621180007e-02	 7.24320449715851077954198e-01	-3.65375866389908432463329e-02	-2.01596363605445361155688e-01
 2.62242574689806398624548e-02	-4.50828119905893942576114e-01	-2.93487346494016032583119e-01	 7.82505676655829374155360e-01	 7.07473439838034318105642e-02	-3.04320803414520391072529e-01
 9.54133982157327753537146e-02	-6.53492514680206193489198e-02	-3.88413017697599116662133e-01	 6.48640468891770960446763e-01	-4.38268538952617747739282e-01	-4.72172972899489007403417e-01
-9.11002902577749407164731e-02	 2.30303238341191852944778e-03	-7.40354144645630318777307e-01	 6.27756593834362441874930e-01	 8.74154012792834923806229e-03	-2.22298038759901200878133e-01
 1.74460504578716563139906e-01	 1.10559977864265399083443e-01	 9.08181407479647928582267e-01	 2.07839639805701581476427e-01	-2.98822762960313792479639e-01	 7.36173941940450153598174e-03
 6.53704225645294290103493e-01	 5.87297184063954938459950e-02	 4.84332236436791130351764e-01	 4.55896983239964748158002e-01	-3.56090781805257272640830e-01	-1.08907462919627059418082e-03
 4.01683479714007030114686e-01	 6.60875310711730556967325e-01	 4.13314339519577911286063e-01	 3.75760656308119667112777e-01	-2.74223871612828962174291e-01	-1.21122499860997809295604e-01
-2.35441412149874212955680e-01	 7.92839330005054160332989e-02	 5.35790603642175233822798e-01	 3.34778700405111706572825e-01	-6.49441036791812420503334e-01	-3.42577567782011038755030e-01
-4.01212374817088379685970e-01	 2.25558574027629715752497e-01	 7.33724336313803848774739e-01	 4.46714009296868885812160e-01	-2.37002199502060091618194e-02	-2.22902336796525407658365e-01
-3.12803366708761798609117e-01	-3.86639029798611144617126e-01	 7.04400843258774611577167e-01	 3.47602710007102633227305e-01	-2.90586528206074556912597e-01	-2.26308621243730412331274e-01
 3.48862344383864986241406e-01	-3.83468304424626649229424e-01	 7.45254446535574488486020e-01	 2.91972201657897612037118e-01	-1.11247262770150207034092e-01	-2.79676981671426350128939e-01
 6.98601690705686007021313e-01	-5.20131480578582938711918e-01	 2.37648505455490988147460e-01	 3.68688287163270067559040e-01	-1.92332761313603023412000e-01	-1.09631949463460179328145e-01
 8.65662444243035733570935e-01	 4.44396919305917528775218e-02	 2.11435049875622199655467e-01	 1.41168555594102185235528e-01	-1.65728654388893864579657e-01	-3.95669455629698407772565e-01
 3.73906489220333204670510e-01	 7.86730829530337238963966e-01	-1.62263882439800277701636e-01	 1.84787720562200274976306e-01	-2.86760912272827073188353e-01	-3.13911849350860361340665e-01
-2.61303554568931339918691e-01	 8.64902324342751160912712e-01	-2.33970878825296817182799e-02	 2.06992895777607960328126e-01	-2.78454706577504595976791e-01	-2.50467394040025215229406e-01
-6.52522799553482579781871e-01	 4.99392512606219862725254e-01	 3.80560755706355668959162e-01	 1.15781394948630322883076e-01	-3.27553992787192993496603e-01	-2.43511141479926612740670e-01
-8.05046622801798950064267e-01	 1.35000773400170331894898e-01	-2.37178339815640154553122e-01	 2.39899139948313744330477e-01	-3.60354552310421460958878e-01	-3.00023600238857490740685e-01
-6.57177289823362098530879e-01	-5.10927383660221057226636e-01	 1.02487902179553308501525e-01	 2.54603539861398608934451e-01	-4.25263852009979126389538e-01	-2.25599516703950897511533e-01
-2.40255001974426535271689e-01	-8.78994487682179137522098e-01	 2.08746895306601343289543e-01	-5.97934456575131417777058e-02	-2.70032786747446129638206e-01	-2.22661169242140299928678e-01
 2.31845990315608430076821e-01	-8.38857254241802352545676e-01	 2.20117953570026392284831e-01	 2.83273322104395375298225e-01	 1.62012068583657797837816e-01	-2.96010717565777847770647e-01
 7.22523788407085199025914e-01	-3.50661678004856036672265e-01	-2.47201360580692808266434e-01	 4.01873762145908697274166e-02	-3.70136060011426792915046e-01	-3.94045076055964949013344e-01
 6.52356801283677567582231e-01	 2.80955860551580172135289e-01	-1.87609604337247326544258e-01	 4.67572262785477754665209e-01	-4.01131480346248403545673e-01	-2.84194931604992984119917e-01
 2.13856392039979970043362e-01	 4.59850932747503382547194e-01	-6.92875189509198130544121e-01	 3.62110187235743896660978e-01	-3.01607266709542576332836e-01	-2.01583243265852501968638e-01
-7.38780155517123948705205e-01	 5.99875135872761089395055e-01	-1.47672420578769253429741e-01	 1.13251241598638058283299e-01	 5.85861544131967351689561e-02	-2.37251718989721721575492e-01
-3.20712661521214248416811e-01	 1.00348441770451893284566e-01	-7.21372672176974649715930e-01	 2.04754506545429565411709e-01	-2.83397933240696120460456e-01	-4.94425171582831390892920e-01
-4.72963805002983905811931e-01	-7.63605478671606774376812e-01	-2.93864158332269087559041e-01	 2.87703481557285534186974e-01	-1.55184954673909858424707e-01	 3.24176103811576164521330e-04
 1.63575814202532920926814e-01	-4.09099355216875792962128e-01	-6.48610004003002171835135e-01	 2.38304697968614753733618e-01	-1.58701586419120947539507e-03	-5.73056790888193501309900e-01
 5.70538985076164295584533e-01	-1.78335289334104557523730e-01	-6.31473707532906769479553e-01	 4.18861673330788275571024e-01	-2.60101361934304720069377e-01	-2.87215583748234269678701e-02
 1.35951903494281961526369e-01	 1.57049270153527875670818e-01	-7.82215687217139521436593e-01	-2.10868266837030832183686e-01	-5.26841033461698082795976e-01	 1.51539845763748737272891e-01
 6.00488779460367841367407e-02	-2.27849226272263255532735e-01	 9.15433341420368140717301e-01	-2.45583151458774545661257e-01	 1.67995639858808804012469e-02	-2.14166641029721965816535e-01
 6.62625377367942913764409e-01	 5.76440144365386930580542e-01	 2.86657165299255389800948e-01	-2.46212894439566482018833e-01	-1.68506865603853001056578e-01	-2.39701242530476504866144e-01
 4.42803337478506697788561e-01	 1.86644112410172785532225e-01	 6.12523931777440466817097e-01	-2.79665639276477695496226e-01	-5.60310758509199202670459e-01	 4.17444215116814787425170e-02
-1.36303472755845311858991e-01	 8.88062043186962218888070e-02	 6.28452821182009291334225e-01	-5.79892534314355279079223e-01	 2.87159741005196360308371e-02	-4.91408093559221659241132e-01
-6.17138461603070398453497e-01	-8.57678626770117386035608e-02	 6.72775868547031863364793e-01	-1.49991048948730471002122e-01	-5.09663465429181991583896e-02	-3.66144425600235856599340e-01
-7.65006221162942368074766e-01	-4.06069073791942236617558e-01	 1.95255983751976364137803e-01	-4.02491565650330451742178e-01	-1.96179242511378165714220e-01	-1.06126029270888225242153e-01
-3.11599823323960301024727e-01	-5.07919691574780340914685e-01	 6.30749885122997566710978e-01	-3.05800462775412673632758e-01	-3.54334032239340790404469e-01	-1.67365438474422228987137e-01
 2.05954352215177161067317e-01	-3.49104837475722351580742e-01	 6.53374883747938173250702e-01	-5.89122343895639166699851e-02	-5.93517592044818353969049e-01	-2.30382497413745418457509e-01
 6.97306685350570942816262e-01	-2.11067883308030695976854e-01	 2.03161813782997829891386e-01	-2.43927215033252431375388e-01	-5.83589153459137643942256e-01	-1.66919820131219809322687e-01
 5.84596007061782829694607e-01	 5.13770608686540342091575e-01	 1.51181718328123271266605e-01	-4.41455262414005178417398e-01	-2.33513345088371016000650e-01	 3.49313794707937386174734e-01
 1.80758010947344754937305e-01	 7.20362258519254949895583e-01	 2.14322484240536403898858e-01	-1.83522919918836457942035e-01	-6.06404903436579156839059e-01	-3.26046266793588862542563e-02
-5.71402123664335515051960e-01	 4.98589125622420192840423e-01	-5.62088266410972620112929e-03	-3.26158210496706402192757e-01	-2.66543784857587340297869e-01	-4.97445610132818905047003e-01
-8.96561679678839706930660e-01	 4.24081237773873409580006e-02	 1.21380657791866838901562e-01	-1.13732578013519158854905e-01	 3.00885967186424524086319e-03	-4.08290691719793041869480e-01
-6.87303804695374331856783e-01	-3.47482217754025046740907e-01	-4.84687138732737887725222e-01	-6.14651536460971426034661e-02	-3.96394113430267036601862e-01	-1.05079530205332560832687e-01
-3.07089541488666309398958e-02	-5.96494184180532349692783e-01	-1.06978334411831979555707e-01	-4.00998170925379149309720e-01	-2.64279805416205770818294e-01	-6.33375035586363321904457e-01
 4.51735124921256003815984e-01	-7.24526609113010700014001e-01	 2.09130688563032768323424e-01	-1.26176934890530750843496e-01	-3.31679009980842209870389e-01	-3.18322698123289227201127e-01
 8.83853806358263938136588e-01	-3.73536103216456027986681e-01	 1.97853113804411728793298e-01	-1.67460743047743054745524e-01	 1.09672962010259472664941e-01	-7.49098655491702535014209e-03
 2.15132006206994991215353e-01	 6.23459327740368052239717e-01	-6.89571075825713641904713e-01	-2.12723094870212015017330e-01	-4.87117487716513183904077e-02	-2.04656952933185504184266e-01
 6.16042274282733448576010e-02	 8.10362158383757025248428e-01	-2.69729818780054420024328e-01	-4.28905729349140174555544e-01	-2.73066740743944103009255e-01	 9.07653387280936696512867e-02
-3.53757324995726318839218e-01	 6.52845873849259517029964e-01	-5.23849496625485078205031e-01	-5.48710930538338290118894e-02	-3.25730725010826782650497e-01	-2.55183037888668251547131e-01
-7.27340366938640681127026e-01	 1.46799913327687797659493e-01	-5.86565534520356757219872e-01	-1.88299464004828054353169e-01	-4.51603034863418406619218e-02	-2.60519689516763686132350e-01
-1.50021241530015198017978e-01	-2.15823516077001731350293e-01	-8.35195740744645864772622e-01	-2.97477581519089984141146e-01	-2.55120418590028930072577e-01	-2.82458089195471551136052e-01
 3.73727574445411825365682e-01	-4.76396425456214356319862e-01	-6.93847426314667004021430e-01	-1.19115314907279667977491e-01	-3.42439123694937841424490e-01	-1.43167325971347764168584e-01
 6.78009099884714472317171e-01	 1.12906048726753777122767e-01	-5.52631887383305375749387e-01	-1.74581753876322132157384e-01	-3.89129108105732812727950e-01	-2.00633073345102469486889e-01
 3.65366801158724663345367e-01	 5.75295835342604228168639e-02	-7.79720144485416377655440e-01	-5.00103546049973646248077e-01	-2.48990101325349440231083e-02	-6.71597084249115072740466e-02
-5.41905943886246466156820e-01	 1.15710263638889199189208e-01	 3.38327374410848924490836e-01	-6.31526692751460005936792e-01	-3.15957011016867572728017e-01	-2.82540039862187619679190e-01
 5.70616373784460617635261e-01	 9.25265216134258348945618e-03	 2.81461641219684699510850e-01	-7.39964545227517311865029e-01	-2.09975549757392937477718e-01	-5.87658678936117465085864e-02
 1.34258186922709438215762e-01	 6.35633503060044180443811e-01	 2.90962340478503167506830e-01	-6.61629181074076533342065e-01	-1.76512820945983306408777e-01	-1.56127371873266390656099e-01
-7.27850222712177918893417e-01	 1.14050564617717245519124e-01	-1.82859292217588814688511e-01	-3.92582509211052144149079e-01	-5.19063117399648499272757e-01	-1.55388183208486265612924e-02
-3.30951151395164289148454e-01	-4.03047325233168163283182e-01	 2.22402905493422120564162e-01	-6.39373894919105567602458e-01	-1.49879755590998035158501e-02	-5.19170029687096246107103e-01
 2.13951544869625670530766e-01	-3.11367165546308721779667e-01	 3.92251994148126337247362e-01	-5.58416869899441614677471e-01	-4.30518656409449529398614e-01	-4.54134213255826924005021e-01
 4.21272369411798464078345e-01	 3.93216698873155690030501e-01	-2.58846603814216202898990e-01	-6.83754590957222352365363e-01	-2.17126171728566491614387e-01	-2.93674205688433387351211e-01
-2.99796461508515910132644e-01	 4.91226921792913717723650e-01	-1.32654040496695019291096e-01	-7.72203025631015504970378e-01	-1.91831807696078125713424e-02	-2.33571383723689102174248e-01
-3.75136430715628466092681e-01	-3.30810806082039721154331e-01	-3.54633134447160658364595e-01	-6.64482067421092725822973e-01	-4.07019594589193844935693e-01	-1.29887799957157601404845e-01
 4.79248362304341077311243e-02	-1.75841797521013615268615e-01	-4.59850918344530790182745e-01	-7.44754289037267591666591e-01	-6.87462001147566698078251e-02	-4.42645472296885056362470e-01
 4.97322478652559463174754e-01	-2.02875464067233030052151e-01	-1.52103965611714408989741e-01	-5.17236111425464328839041e-01	-3.55902051713525735543442e-01	-5.42380693401910640716324e-01
-2.18382908243800022418668e-01	 2.74018398179036504203054e-01	-7.36389941951128834674023e-01	-5.04210670566838214945449e-01	 1.40688919678625012910089e-01	-2.46841859913972089257683e-01
 4.38147272492537820376413e-02	-1.05739826017226451471132e-01	-7.60711177168391355224442e-03	-9.19774996221193186229925e-01	-3.53183320804156597461088e-01	-1.26952703604396421876999e-01
-1.33624618137996475919493e-01	 3.46940530974913674544524e-01	-3.91195085420078858540194e-01	 5.30332249475951034156651e-01	-6.48381350693304714383203e-01	-8.42167665990582320345581e-02
-2.86895934246120462574048e-02	 1.66307093928851346120723e-02	 5.89403699907919409461954e-02	 3.39217321274914607176498e-01	-9.34337267082707478849102e-01	-8.58594188604692720723222e-02
 4.56272866306011604109472e-01	 2.45733432636273896321200e-01	 4.60979875417811935101042e-01	 4.39722434250450003312416e-02	-5.37134173428813088690958e-01	-4.77996890743635827192293e-01
 2.65665650183096561931517e-02	 5.11750775897201748421139e-01	 1.82537472798042554877895e-01	 2.16884841351657975394573e-01	-6.74736179984143591426005e-01	-4.49196488219259892904489e-01
-6.16941219283077768587020e-01	-2.00563945044749496193770e-02	 2.88879788914358670570692e-01	-9.03902998256508188879010e-02	-6.36316493838851582331984e-01	-3.49943786788457944503250e-01
-1.52931378501624193333441e-01	-4.93291875812828073399885e-01	 2.69869965323980165461393e-01	 9.54366458596623695731509e-02	-5.93246470949911564041201e-01	-5.47170715476643088059916e-01
 3.96026754612210596384614e-01	-2.31555215490406696154935e-01	 3.19186777326330550774713e-01	 4.04936589966347904034905e-01	-6.22508573776262341681331e-01	-3.69017921884577937419181e-01
 1.43808807899225732374049e-01	 4.81259818828276397795207e-01	-3.96534594855173450067554e-01	-1.18648418513042280819647e-01	-7.39238635057537285533158e-01	-1.72965666701935166793547e-01
-4.08550263605052976778609e-01	 4.60668694284337543187746e-01	-1.18525097460342648814091e-01	 4.03742808264888064506692e-02	-7.50276898736700670333732e-01	-2.05614518350246938682702e-01
-4.85926519448592719729874e-01	-1.48300876393191172208930e-01	-4.70083052940808432396125e-01	 5.62116348370055862737615e-01	-4.48006879712392447334679e-01	-6.49556596526980334349588e-02
 1.00623151737452107279402e-01	-6.59898629500808797665456e-01	-1.18905616904175587267289e-01	 4.00608956434381158207003e-01	-3.38759353351277048282952e-01	-5.14805593333633071395639e-01
 4.05481977556502282133977e-01	 8.98677830581584985436550e-02	-1.65899394183504855782019e-01	 1.46889658993906768724713e-01	-7.91644492031419733102382e-01	-3.89497066447997086768851e-01
 8.65105385924437170208634e-02	-8.17027578501141882316716e-02	-6.60634598478507584218278e-01	 1.73617438837142062935115e-01	-6.76847158747863608674322e-01	-2.47259826886309597160363e-01
-2.69481206700909636797547e-01	 7.48299100068368777671779e-02	 8.06464684048080027167771e-01	-1.65971839575833390867388e-01	-4.81514904519290964923783e-01	-1.09507179582952487995051e-01
 5.38743458712924241926778e-02	 4.03503141191579664526223e-02	 3.38432511819353909476860e-01	-1.99150915575618481234699e-01	-8.90748875569617903913411e-01	-2.18719444604093454787019e-01
-1.73291489145650151604272e-01	 4.59048677139458405349615e-01	 4.55634376907016691582442e-01	-2.96579780070838905370323e-01	-5.12331615684181840286726e-01	-4.48551486465399662506570e-01
-3.04616866383190576517137e-01	-3.49316055320600060696279e-01	 1.00585596873394023109682e-01	-4.55123861440466515038139e-01	-6.75589623525697513528598e-01	-3.33931620610701085372085e-01
 1.61242600118337076064989e-01	-7.06855416466614094872511e-01	 2.35414396063116010404670e-01	-1.46465761714635905876847e-01	-5.89573142396334959336457e-01	 2.23355314813389355110829e-01
 4.21446187659762161459298e-01	 2.67002230824969433164995e-01	 1.40767076984274191325808e-02	-5.05125508336849438073557e-01	-6.81339070054494011507984e-01	-1.77538892602810721710327e-01
-1.91550857284612380260214e-01	 3.27279710457543338009145e-01	-2.44355269238447038102069e-03	-5.85132723812106347871520e-01	-6.97473993203395759010732e-01	-1.65348158670518913249126e-01
-3.86497539872606377109321e-01	 1.15675184958591692474528e-01	-4.30179244425465401313602e-01	-2.87676163135124229874862e-01	-5.57266754614739290296654e-01	-5.08803410255634802616953e-01
-2.20251850098049234416564e-01	-5.76947003330093188822048e-01	-4.46714606952778314763464e-01	-6.75058374530337901298083e-02	-4.88257344394162129397330e-01	-4.19660655013979200234076e-01
 2.08694375724074454581114e-01	-4.86660973974633204175433e-01	-6.85635081085119724164656e-02	-9.44093356240522652012004e-02	-7.86500430995905830400261e-01	-2.95653088428539267962236e-01
-1.24459335030634485330658e-01	 3.24136917445802141823918e-01	-5.37215186691773149973983e-01	-6.42046489822150179271887e-01	-4.02578540458178146810297e-01	-1.28653797183789109226382e-01
 1.40370791765141611495693e-01	-2.94971424019610239941613e-01	 1.47489705685695582371153e-01	-5.33290332387012400161552e-01	-7.55139446833643646073142e-01	 1.30002014469568438759239e-01
-3.17819105136941670863848e-01	-1.31462459117906826921995e-01	-2.14633353117538339116521e-01	 2.41357656052087615750068e-01	-7.40809863279135893954219e-01	-4.78109182421273593011080e-01
-8.14574257981900973213385e-02	 1.68147926352703341867922e-01	-1.29564858145514522069774e-01	-5.38210300496099261491345e-02	 4.76842244309430840498720e-01	-8.47365730334721067862347e-01
-2.37984389651995156822473e-02	 3.31622405299383027355020e-01	 8.22622430823276643008235e-03	 5.49262664089930630062497e-01	 4.45402331657847705415065e-01	-6.23954992471802305509243e-01
-1.92310213770692239876325e-01	-1.74597962153763608394996e-01	 7.50684397909556877515058e-01	 1.32717604098170266491152e-01	 2.81905785016923315922099e-01	-5.21459906380944415715817e-01
 5.01112226497164470195855e-01	 4.17121041818064142159272e-01	 2.33218370476541092539691e-01	-5.79713706079416912775315e-02	 2.87996633244179733868151e-01	-6.58940834999462210497256e-01
-2.23968756616135272752288e-01	 6.67547932225734608202572e-01	-2.22590212679043934762557e-02	 1.53037336920452932131909e-01	 1.32892594906661137832415e-01	-6.80177492968146668594898e-01
-5.59354384459697984155468e-01	-7.23136552574067115184420e-02	 2.73886987772705980948018e-01	-1.01642646616502949942495e-03	 5.17927254976460638147273e-01	-5.81918938691297515930501e-01
-3.43050630113353113848085e-02	-5.02337318813690369978531e-01	 1.86409147414896142480600e-01	 2.61425177911392830898407e-02	 4.95124475481415249333850e-01	-6.82568921854567189910767e-01
 4.85082943700916535689771e-01	-5.85183099818256599600197e-02	 4.26668056618884738995234e-01	 5.41521018274652155000126e-01	 1.36171370148058329396790e-01	-5.17142977625310917844104e-01
 2.95134776947671317870459e-01	 5.51925582576160644876495e-01	-3.53699687074325308522305e-01	 1.27436819679764917756515e-01	 1.86026157703429534384654e-01	-6.57513704600553805512675e-01
-5.94647202736961477675948e-01	 9.22660141079313378398297e-02	-2.61077715185445313750279e-01	 1.69255853827842056569253e-01	 1.51125290816365775992125e-01	-7.19884515718991369048751e-01
-4.18415586410480266899015e-01	-3.17076007848632657193377e-01	 6.38174795488410506044685e-03	 4.72894866336303509868344e-01	 3.94978420123717754997017e-01	-5.87122618043224187012186e-01
 2.30959630544003313712409e-01	-3.58207118316779871136646e-01	-7.00134319314585085169966e-02	 4.69409082817886791350048e-01	 3.55651530943882410173984e-01	-6.83088962215528838761713e-01
 5.54540146891376539706187e-01	 1.01895439215877403604793e-01	-5.60474379052549265267658e-01	 2.51192555991831989459229e-01	-8.15294447334242167180207e-02	-5.46100965787557846020661e-01
-1.52659795280287724494883e-01	-1.02616065112169155271182e-01	-4.85975650841992179440609e-01	 4.25684913121116392797916e-01	 4.79985073012464624753193e-01	-5.64268802345889386451461e-01
 6.15733388766116288004504e-02	 1.05579516405316500837763e-01	 7.23838721242713201142749e-01	 1.70268287192905987126323e-01	-2.45501637009397782884790e-01	-6.09800665699061994473595e-01
 4.34487326841186460857358e-01	 8.10418520339585835010610e-02	 5.42909542544371959138516e-01	-5.46753222016906126334845e-01	 3.13837814831844807983430e-01	-3.35363906589947802228124e-01
-4.01003659340493090468271e-01	 3.88095526574474602998777e-01	 4.99305916299039920236424e-01	-2.42486214354554465919001e-03	-7.27923297858466247702708e-05	-6.62771185358908665463673e-01
 2.82363753587184573845548e-01	-2.03816471479658818666270e-02	 5.46033711587111669771843e-01	-1.36502567169313721029411e-01	 1.59486885840420089532898e-01	-7.60022017662124294012926e-01
 6.87777510293830912635471e-02	-5.63368867568174280791027e-01	 5.17783362277066450118923e-01	-2.03958922613242721322280e-01	-1.21955237925688662198320e-02	-6.06660990053934146004622e-01
 4.68903145055910242078312e-01	-6.01780850823524712800427e-02	-1.17860205639988280257313e-01	 2.72700153689727255168496e-02	 1.49121856232078242587846e-01	-8.60021179282622338924114e-01
-3.60329725216531476794657e-02	 5.31499921056584279099866e-01	 1.91467746003472133464740e-01	-4.89395148699117821244897e-01	 1.86497440569288908118750e-01	-6.36600859361123760926660e-01
-4.40130317368060464122692e-01	 8.34766366559122202639642e-02	-5.78438388486123167275821e-01	-1.44227653116287130030670e-01	 5.23266363884051344257387e-01	-4.12452036115492748358236e-01
-5.27368962669902630047147e-01	-4.04434566714926169161970e-01	-1.74319328627351416427516e-01	-2.02560103940931462984665e-01	 3.47670194845619839885131e-01	-6.04997743824667422174457e-01
 7.54957234733604105880733e-03	-3.76138920884613980888389e-01	-3.81219020622640347717436e-01	-2.51157959713732281681331e-01	 4.49488748758959000273450e-01	-6.69338567901317182951004e-01
 7.09225011293370538600911e-02	 8.93568391950112644872561e-02	-8.07826833054872350814435e-01	-1.96019921620708276188694e-02	 2.53566341249798432588847e-01	-5.19346738131318708120432e-01
 1.95722076010595436024175e-01	-1.91233862568566004291881e-01	 7.15196932141157759588168e-02	-5.14117888871547967788445e-01	 1.37137477213376601792305e-01	-7.98049823593478313554783e-01
-8.31060956189327432186431e-02	-9.72664901137795974428446e-03	 4.75187493429794077792749e-02	 8.08750664681906039632509e-01	-1.39402303933548066955384e-02	-5.80059281439423979342962e-01
 3.16277430814880036735737e-02	-8.21527873763460043943230e-03	 1.40417336496370503962083e-01	 4.11116952168345151097384e-01	-4.67164670935743098212356e-01	-7.69386241457052033609898e-01
 3.90424136860834991580305e-01	 3.61351508487805395120063e-01	 1.48100573852225247950543e-01	 4.23241652185468886226971e-01	-1.38641396772848785046151e-01	-7.04773273933460897566761e-01
 7.95214016753658797798110e-02	 2.65729540985952139564574e-01	 4.42917006291646681015450e-02	-1.18657231818676545120894e-01	-1.71497348183993841841399e-01	-9.36809224912598659251728e-01
-5.29759199242196165968721e-01	-1.21145114129113259937576e-01	 3.31249396313302302274906e-01	 3.91722622096295491900264e-01	-1.91836991872352452537243e-01	-6.36164165503177447824612e-01
-5.16108804324072911740018e-01	-5.64019409806117089090094e-01	 3.22132618757025257494320e-01	 8.71995008064886732539189e-04	 3.19416720692357394839611e-02	-5.57425647601546669918093e-01
 5.28476033652605425849913e-01	-2.31391888314235044665779e-01	-9.06207765192273279053481e-02	 5.55891187554085841604490e-01	-1.48826811024505595293377e-01	-5.72533246772813586566997e-01
 2.94723983804415397280696e-02	 4.57892305086910311739956e-01	-3.39826535501541016071059e-01	 2.68135928147214208649984e-01	-4.30189795575213529410519e-01	-6.45773802708431543528889e-01
-4.31806408002969877024668e-01	 2.65760586185101677081377e-01	-3.75154963126531027992061e-03	 1.35783239525577664741363e-01	-3.81297049431307488731591e-01	-7.60970390141697095032214e-01
-4.15785653194451987335611e-01	-3.52140696375457251665608e-01	-2.94954350907723095165380e-01	 4.54996170386084641812374e-01	-1.95930763110923389369589e-01	-6.08860224054127985304774e-01
-1.21236260103309997915311e-01	-3.80385332259983777181134e-01	-5.67365594012101195908748e-03	 6.71017072474954234806432e-02	-5.80502221583321306730419e-02	-9.12526224531512997195648e-01
 2.10905685124630926097211e-01	-2.36667006930415591003936e-01	-3.65846855921882763151842e-01	 2.85899007224051024400602e-02	-4.51864383561354776563945e-01	-7.48775529962205532719111e-01
-4.10751531229758531232887e-03	 6.59287984526798209738985e-02	-3.71058898953856020064279e-01	 3.57182879118492280223762e-01	 1.39980782237106738535859e-02	-8.54503516686950015390778e-01
-2.10214567707284888387065e-01	-1.11432639686568413228684e-01	 4.71722601025475751779226e-01	-2.12791277427279906797608e-01	-3.69041677305529003394469e-01	-7.34437541714930919312110e-01
 3.67404191589658146721575e-01	 2.46582715106423044915118e-01	 3.32301422108900179619440e-01	-5.13501510816826489680409e-01	-2.58905894018930105016096e-01	-6.02553587582542182765621e-01
-3.97543086313932703124152e-01	 2.75140335380782835583702e-02	 1.62418258024464551292354e-01	-3.36215523982405339875612e-01	 1.07217314251385642531744e-01	-8.30834731400122317168666e-01
-5.97911402027285765470310e-01	-2.99994484983659770449549e-01	-1.16206514200763250110882e-01	-1.73230688296622248323331e-01	-3.22871118450678062927750e-01	-6.36197044841571690554360e-01
 4.33021767561261539114525e-01	-2.49577842372299629758459e-01	 2.57303758371175361752137e-01	-3.93191887722546453559636e-03	-3.30654101484019358192512e-01	-7.58056878161998404230815e-01
 5.87740717956911185027025e-01	 3.41276572049538096109700e-01	-1.38646685150358411897642e-01	-1.31928769669438200606848e-01	-3.38716568779274806999524e-01	-6.21879515895427781302374e-01
 4.49444692564027262204895e-02	 6.79988620778358199281399e-01	-1.30797572968207959087650e-01	-3.37834480868056286073653e-01	-3.59957052542192401656251e-01	-5.24200580944528593541065e-01
-2.99925860156401768996659e-01	 4.43850465908672164871973e-01	-4.34806283143472804830765e-01	-2.67481094747723746607448e-01	 4.73812328993014966749264e-02	-6.70964694438207165383403e-01
-1.93184400238670783700456e-01	-1.43844788659818589859896e-01	-4.62550187760245257173608e-01	-2.73700553365887722101490e-01	-6.67989979566060709803565e-02	-8.05395361944678311871826e-01
 4.00983532013192367493559e-01	-6.50904415928523105705494e-01	-1.44178173475079413057287e-01	-7.57178723102862327731799e-02	 4.32299078053142021849098e-02	-6.22210801542620761672708e-01
 1.85232257250566689776861e-01	 2.42283229145503348211932e-01	-6.30592103696872130491613e-01	-2.23090981026518225815991e-01	-3.39184582607659823594304e-01	-5.86963099018783185378823e-01
-1.26745684267433461611674e-01	 1.08743662338801200251126e-01	-3.66137835644909162557958e-02	-6.75397754694909924211288e-01	-3.09735919703190365481760e-01	-6.47048152205468185549364e-01
 3.37328992562029167379123e-02	 6.56093168351190858533784e-02	 7.45286483683989080251120e-03	-2.26884838914842928980775e-01	-6.93579423381726622999111e-01	-6.79685822413548024201191e-01
-9.82897875005735860431955e-02	 5.29521595603502509552740e-02	 3.05918392734179533931638e-01	 2.98318370201057114776688e-01	 1.94188459789182615855552e-01	-8.75925861898833146845789e-01
