-1.21454842981481403452193e-01	 2.53714222575974202023019e-01	 2.03464062696506881033898e-01	-2.67580376817685705592709e-01	 1.18718515100539670492630e-01	 8.90947162117077140486288e-01
-1.99637782000559732553668e-01	 1.05563334608695949534685e-01	-1.45959019806826600929028e-01	 1.81382587625719488011455e-01	 4.34738843551026876710353e-01	 8.40118799774968838534051e-01
 1.67708283462223356474752e-01	-2.54086554954869453526456e-02	-2.43862251004156246891874e-02	 6.85301591051540648358298e-01	 2.19886491873989314838056e-01	 6.72789197225249102629618e-01
-3.30599261160563623329622e-02	-3.96533027402003537820185e-02	 4.65478947617240790268767e-01	 2.80565040076572791427623e-01	 3.04131541440237906925859e-01	 7.80673600155760816221573e-01
 3.79682658702749198376125e-01	 4.33007291456001586205105e-01	 1.93026892762995949670568e-01	 3.95433944736846509915296e-01	-1.72870138451082129560366e-02	 6.88781197042128590091181e-01
-1.88995964726729331895072e-01	 5.75317842835701531711834e-01	 2.16490204302692640370154e-01	 2.63713276442380462061266e-01	 2.23044575410255546676908e-01	 6.83467864409841641126775e-01
-5.90116412146758584356121e-01	 1.20306828316435215908697e-01	 3.56309023301876970357682e-01	-3.35377802425297286137429e-03	 3.96317101980406427674808e-01	 5.94351978157686811066185e-01
 1.36261896125138309843194e-01	-5.84722660930102389187368e-01	 2.32471398060715511713070e-01	 4.07677584330644104948504e-01	 3.44399948165065361571635e-01	 5.48340056425873356715783e-01
 5.44512996222582978944615e-01	-2.19632475640887780965471e-01	 4.73057296380958391956995e-01	 1.57140866782481625207879e-01	 4.43561750285063172150046e-01	 4.58305235187423776199722e-01
 3.39434036288928542290932e-01	 3.78148436165632151340077e-01	-2.68851937528015338951803e-01	-2.72558581442845157538635e-02	 2.71171073565774800595563e-01	 7.71511696592818485562759e-01
-4.39652994218698467410178e-01	 4.54561620768482610444039e-01	-1.88127137500302243910966e-01	 3.15844352007623674349901e-01	 6.04275440445567135760996e-01	 3.15880824226488554629100e-01
-3.33561260524443348174373e-01	-4.25694935324879675242471e-01	 1.65947532231722517936934e-02	 5.41797533092038707813742e-01	 8.63281745770247549431886e-02	 6.37376028017318185803219e-01
 4.93925801128697675168588e-02	-3.74816084062312426805619e-01	-3.76781271896464542425775e-01	 2.41797746335167901277075e-01	 2.03703960881132128957205e-01	 7.84313518622905103683252e-01
 7.62420531521977529187950e-01	-5.16506877267902189676541e-02	-9.79218690447682532651541e-02	-1.62765502752359098037616e-01	 3.59443910984634906746749e-01	 5.00765327377720725898769e-01
-3.72046270523530148155444e-02	 1.75945041197500984253566e-01	-5.95167869783779335257634e-01	 5.58967011708481953391470e-01	 1.16672109968002493674000e-01	 5.36076359820359615859786e-01
 1.31832359461227177632736e-01	 2.55341094549025149351706e-01	 6.01256851899898969726621e-01	 1.32353139267877319140698e-02	-2.42589147548920192054567e-01	 7.04901897027921386928995e-01
 3.29691770269943007498625e-01	 3.35472392949054731836611e-01	 3.30545889366797573938328e-01	-6.84473566240139941196929e-02	 4.41138811644029404934741e-01	 6.85720448463145615392023e-01
-3.75268920661614768796710e-01	-2.88462656395332256963060e-04	 1.87445462702915233155210e-01	-6.18904746484782664062152e-01	 3.62068079957766852938761e-01	 5.56687500076259778047927e-01
-3.65070295324880944587420e-01	-4.16681536947693109684820e-01	 5.56533578680345891731562e-02	 3.14205723941217637817935e-02	 5.18738189986395314967638e-01	 6.48017220354821454897376e-01
 3.29739207542376566717479e-01	-1.24645206044096262809617e-01	 5.26609079243302580231045e-01	-3.70469937136726323867464e-01	 1.03669027233970353907289e-01	 6.71135801271504184306593e-01
 1.98176183865041433129761e-02	 2.83146164682370471421535e-01	-2.92452525620049696986058e-01	-6.62031429005664140419185e-01	 2.02066354026931960241598e-01	 5.95643019991492939091415e-01
-5.77547489324926499598689e-01	 3.63587535580893572717542e-01	-2.14933553694850315585185e-01	-2.49119089876604221656109e-01	 2.75707430186540147776242e-01	 5.91584027032319270666960e-01
-4.17586246532819505006273e-01	-1.53942411823702218764964e-01	-2.32310558279427398220562e-01	-2.75459871602212413854716e-01	 4.19429931933725796966428e-02	 8.18729448303471718517699e-01
-2.98277689469350792972335e-01	-5.74035073696222752914764e-01	-4.88834567461955582512445e-01	-1.73089371359001154004886e-01	 1.96938470853141728289515e-01	 5.23268791355124496256224e-01
 5.14796245280178421666051e-01	-4.39891116445052410277583e-01	-3.86555555067398942670209e-02	-4.36867879710113093949531e-01	-7.71222116178817695963943e-02	 5.85819937949689450995550e-01
-9.65602549483254579687497e-02	 1.17405988929581997504137e-01	-6.39097969869318327518215e-01	-1.54081464919537031166286e-01	 3.24352016350442307057733e-01	 6.62948269093712072574931e-01
 1.57062095452500688486097e-01	-1.61044430409041233742684e-01	-7.47349831712078721546177e-02	-3.65275583845189599774272e-01	 4.08834755685431816552011e-01	 8.02021671955867709868926e-01
-2.42702794461016578553281e-02	 1.82213999160133005572604e-01	-1.59568029072324368833335e-01	 2.31385027204534354794419e-01	-1.47910922570339803394646e-01	 9.30231360637557291859423e-01
-4.56015677406528679993514e-02	-9.92589057182637068965647e-02	 3.24915943690905095753152e-01	 4.55636213358258268524281e-01	-2.78959471264795089151534e-01	 7.72706315917548236527068e-01
 6.88766527018721652630973e-01	 1.64648695287731544611987e-01	 4.95698841900885645017638e-01	 6.05949833695045153580949e-02	-8.71260890135176074844381e-02	 4.91438123409646709927046e-01
-2.53700001915067474556054e-01	 4.55484365612250752253232e-01	 2.19372956270118740773611e-01	 2.87764226199246464510395e-01	-4.37858933499854885429414e-01	 6.36802255211716072835770e-01
-5.88607916352077320532032e-01	-3.54396520288681807220321e-02	 1.36450992951725857960099e-01	 1.29169785694674049691955e-01	-1.58675436112914874930979e-01	 7.69287430569481678332977e-01
-5.86292321836572385973518e-02	-3.98186023038363090531533e-01	 2.22147175048082290427232e-01	-6.29378509066967073426468e-02	 1.33799887796290373209729e-02	 8.85731866668523548646874e-01
 4.65927456425815456064754e-01	-1.85713839215667947390997e-01	 6.58618797752945628332100e-02	 1.33701239735741272962599e-01	 8.77355367437965549815004e-02	 8.47650070577602998689315e-01
-5.50125957552516850479485e-02	 2.50455582818355115826137e-01	-3.45495528792717776500609e-01	 5.44809167907153515941765e-02	-6.56610869394632201689888e-01	 6.17067622571542906406705e-01
-3.24337100499937969200204e-01	 5.70779208240435487198283e-01	-3.56276884926400805309044e-01	 2.27818689907737653710385e-01	 1.10366036044491841461301e-02	 6.24547964416229062223351e-01
-6.39851252170749118519666e-01	-3.73813399463439666181586e-01	-3.74197817716213187999585e-01	-5.50741168015812382341423e-02	-3.55091334935422553442663e-01	 4.26270918789729891251739e-01
-1.45849245836433993872561e-01	-3.82146487014141833515879e-01	-2.01949549703660802268956e-01	 1.47219435469116782799759e-01	-4.46887074387376570516750e-01	 7.55332257944693163942418e-01
 4.35233846637633925436006e-01	 4.61870565318810016863793e-02	-5.17282459404189154383857e-01	 2.97767797459216942979054e-01	-9.18350702822279124637461e-02	 6.66151462060414534249730e-01
-2.30755782808984455378720e-01	-9.36564931081383493516324e-03	-7.19055906177696879666428e-01	 6.62400536894163366463673e-02	-2.38870645376058593489788e-01	 6.06774857067280959377342e-01
 5.80759763650297855530624e-02	-1.95224463294523219170085e-02	 6.28287026043515717255161e-01	-4.12622952105590690141668e-01	-4.86655671246791321493674e-01	 4.40919522138631281293897e-01
 4.28771007884901966811242e-01	 5.18530959152661563571485e-01	 4.94922261558136955539311e-01	-4.19985311281178830267180e-01	-1.06024116470933335576454e-01	 3.38680154786746678841070e-01
-5.74854707724724800499416e-01	 4.70789343547408922763253e-01	 2.76519475324926433668082e-01	-1.83120097382297675192575e-01	-1.39323675310312089514753e-01	 5.64351293263046338566369e-01
-4.32668488569405373933563e-01	-1.98675509832749175309630e-01	 4.93104211759680888249591e-01	-3.55513944697476824696736e-01	-4.66627445229944523563681e-02	 6.33724451584321113450926e-01
 3.13356904880656539358341e-01	-3.26780423719671475613069e-01	 3.58922176700285477934926e-01	-5.32144448081223880864243e-02	-4.44381303643984426621216e-01	 6.82561613149591295268692e-01
 4.33083649560349559504147e-01	 2.12781233939397435017682e-01	 6.17422507484282484524485e-02	-2.65685136329875615235352e-01	-1.86602997493727801314733e-01	 8.11135822842861120562930e-01
-1.18268099974214405123440e-01	 4.85935620070286011795702e-01	-2.41255621872136311045765e-01	-3.55662432410548290384611e-01	-2.66291593116706692967455e-01	 7.03041944835201992880513e-01
-1.61335983471272953471143e-01	 1.79426133405538833220927e-02	-5.48320940130911704812888e-01	-5.27742316788448517783650e-01	-4.18213542579556951661601e-01	 4.68591922200585708768727e-01
-2.04910463640015694242180e-01	-4.83727698940984329745163e-01	-9.02478568274730358345082e-02	-4.86198658538791739225360e-01	-3.54053767199625779582561e-01	 5.95089349487095686797034e-01
 5.48242924223380834192199e-01	-3.83451735153051753712816e-01	-3.99219912775370333601899e-01	-1.52041913864666491940092e-02	-3.42915279770216741006550e-01	 5.24591143229785727974956e-01
 1.60449278521554411502947e-01	-1.10966096118326695840750e-01	-3.92857351820388556173924e-01	-2.57739028474335218898972e-01	-1.81250080157226656218938e-01	 8.41620257181911801680485e-01
-1.89524098977196214788066e-01	 5.33899756515731349626463e-02	 1.63916131936940934199498e-01	-2.26698447560844562609361e-01	-5.14122217862197361526455e-01	 7.86541662641971006664221e-01
 2.04461683181307501966373e-01	-2.29579050216021762764740e-01	-1.27434508981011024308927e-01	-2.52461332801408200321447e-01	-7.31171551592608603975521e-01	 5.39352170029136712692264e-01
-1.55187338468796759416435e-01	 2.20931526442065928605984e-01	 5.44668082410288967309953e-02	-2.23082181511125382522565e-01	 7.42714387521732688490772e-01	 5.68110197288729801279317e-01
 1.20565504206590831670631e-01	 1.09037914980768660400123e-01	-2.02071505172598323007982e-02	 4.76220002610815984489534e-01	 8.61392940341842439089248e-01	 6.62047944081054912102147e-02
-2.54703148440464488544421e-01	 1.21148979023685751665873e-01	 3.39456230268993131016231e-01	 4.37295621216166441325157e-01	 6.55688989881518358160406e-01	 4.29025858196121823162628e-01
 3.37752641873921899406952e-01	 3.11108893052411461521700e-01	 4.73599300349519469754966e-01	 4.33333840326521058106124e-01	 5.19149476603581905287399e-01	 3.27938585789216585641981e-01
-1.42358589813921909694727e-01	 6.57489980026785714173343e-01	 3.38527514492135528367811e-01	-4.35830178575582968814039e-02	 5.87807604430813812612655e-01	 2.92271826781305144038470e-01
-6.78228942153076053145355e-01	-2.41973181204817561207321e-01	 3.58348991442485498293280e-01	-1.94164263759904337502959e-02	 5.80111769617268735466098e-01	 1.27018971315312034775502e-01
 1.18707148947490275653349e-02	-4.91470914294958316492767e-01	 2.29799047692642810503116e-01	 1.04516614055744763711608e-01	 8.08525729890952393752457e-01	 2.02163908005719622495988e-01
 5.42876697828172938287139e-01	-5.34759064221200119959576e-01	 2.30578028084955061194350e-01	 1.39652825052703488672989e-01	 5.87831424007016711819062e-01	-3.32071160684103972027259e-02
 1.10689083686190153921203e-01	 4.66597791893781144167974e-01	-1.85949057144038421007792e-01	 5.16475792570953440296933e-01	 4.83603641847624277083639e-01	 4.84600504312286628483264e-01
-3.90968393313441464620439e-01	-1.96653236761629261752926e-02	 3.45133475185570954765768e-03	 1.17224205627121796924328e-01	 9.12682604306202738264631e-01	 3.74542053530260666757701e-03
-2.88686312620504759163254e-01	-1.42825627857392972730466e-01	-3.02569878289941029958499e-01	 4.81026889303269422626386e-01	 6.27850052129038549431073e-01	 4.23237481200698983929698e-01
 2.04055578043489782569253e-01	-4.57723017767034501268597e-01	-2.92881729919744981938123e-01	 4.51597415286767722708561e-01	 6.65615404284406575463606e-01	 1.26835170360633242570003e-01
 6.46672880375134373487356e-01	-5.32910910856905992161181e-02	-1.87921145343222462109622e-01	 1.63729928886598791182294e-01	 7.17772210012060485340157e-01	 4.06872640061632304120387e-02
-1.05850275849850683496101e-01	 1.56573572945476385820385e-01	-4.55637605231744402534133e-01	 1.95262374293046873929836e-02	 8.30302838630410433573559e-01	 2.58632423084223017628602e-01
-9.16703111634259715234663e-02	-2.34733518591489553895002e-01	 5.43837976129025513216675e-01	-2.15647437458640178764568e-01	 5.38649481983057065725973e-01	 5.51443472440876103490837e-01
 2.35116053214824954897821e-01	 5.11494440473970857219399e-01	 4.64818984412381841497819e-01	-3.25858836586854716532713e-01	 5.96149311366643286369538e-01	-7.38864520063300805885476e-02
-3.36097395046783209426877e-01	 1.73680824299650510278425e-01	 5.61420677224127584459268e-01	-4.57768861056098042006113e-01	 5.72873999631137942323278e-01	 6.27963843910495783662284e-02
-4.06181852230630802136346e-01	-4.50389996535568881697031e-01	 4.71546290405502110942848e-01	-5.43180786065094456382951e-01	 2.89947382630640737577465e-01	 1.75198170365279348725807e-01
 2.85161008575828156530463e-01	-1.86064803894452485133471e-01	 5.52644959991695383649812e-01	-4.14294178191794204568765e-01	 6.31368878613182027415007e-01	-9.15440285907929002240380e-02
 3.51883500959449313505445e-01	 4.46186916724241211529289e-01	 6.91160850768047802655802e-03	 2.78171893016436397316760e-02	 7.94873606039590119287652e-01	 2.10830787992286078358362e-01
-2.72483858075178164703800e-01	-1.17080433476323672592478e-01	-4.03916487790144496106137e-01	-5.28042009100663456422353e-01	 5.63810385395722479806579e-01	 3.90109825589664394041023e-01
-6.60453141370146212807413e-01	-7.14657854067454745283783e-02	-2.58910018583833390071192e-01	-6.96069185501245052405395e-02	 5.86349368906681656099522e-01	 3.78165554116334179379777e-01
 4.82627321511116327834578e-02	-4.28682209450694906571755e-01	-3.22337878250412268599234e-01	-1.02523934320471715730960e-01	 7.28486205267027675525071e-01	 4.10849432101227041158609e-01
 2.53323781144499493578337e-01	-8.96781530018835731921101e-02	 2.54449353057343251316436e-02	 2.31291044058324429810725e-01	 7.18874157071537123186999e-01	 5.97379147009007072099962e-01
 3.41127928122868517846200e-01	 1.12611772637758983384160e-01	-3.93017699377555262962858e-01	-3.87295994683886035669929e-01	 6.56896363273090977408231e-01	 3.67391335927183981802102e-01
 3.75892237485380698025494e-01	-1.01128695012776298467472e-01	 2.11899764466769252591050e-01	-3.53187004477191479612230e-01	 7.33520309429404271384101e-01	 3.75211138141172684257185e-01
-1.26624908016931908560920e-01	 4.31680786703402888382364e-02	-2.10738293056454625840068e-02	 8.80727262674478872384043e-01	 4.14796675551211302401811e-01	 1.84178582103333682296054e-01
-5.29324566239362456765427e-02	-1.98324886177015963228953e-01	 4.78473801353666683411348e-01	 7.81818968387580914836121e-01	 1.04905547737653120909940e-01	 3.26622324252403894995211e-01
 3.77310291487721272130074e-01	 2.90366461901810313239736e-01	 2.21518247905799575692143e-01	 8.29226969200481112132195e-01	 1.09025657403875333995025e-01	 1.57321222862834675382260e-01
-1.08584023577861010778633e-01	 6.29166214739471096883960e-01	 2.42458676882222085025020e-01	 5.37852494208577391887616e-01	 4.84857192052326024800379e-01	 9.59237814481729150761780e-02
-4.94648876459828135132568e-01	 2.01578540023636676448149e-01	 1.09542478878573351641634e-01	 6.04942576331421566493418e-01	 1.05319409878675690483973e-01	 5.70649917010784935023082e-01
-1.54922495374067957507602e-02	-6.30382497510492356695977e-01	 1.09273794432976134594071e-01	 7.63221372003493825353360e-01	 5.76820801336384442192795e-02	 6.78457797912730975475881e-02
 4.99145520666735342807385e-01	-1.45809939130081195335364e-01	 3.79110908635492516172150e-01	 5.81193608239938597215257e-01	-5.48846510455895941760218e-02	 4.95045245026585201131297e-01
-1.96398728909099803963123e-02	 4.71280636655039664173472e-01	-4.16567605217783160087563e-02	 7.49898565412717932332498e-01	-1.11311053538288642905663e-01	 4.48369872049655782131339e-01
-4.50992987301629122409707e-01	 3.93143583347448644094158e-01	-3.89536148769801360280951e-01	 6.60546634088476247725907e-01	 1.64622663437009264519872e-01	 1.63959019136982298014971e-01
-5.47396115266991611925107e-01	-3.58984287107167954200548e-01	-3.66765643701543186949721e-01	 6.01390596327779136665015e-01	 2.72730377289235437210380e-01	 3.03022961695514243818383e-02
 8.01602882625794960214094e-02	-3.35172548837318728942591e-01	-4.19496872279312427167497e-01	 7.63362073821375108906295e-01	 1.70959581386420839121953e-01	 3.05462322754768644816892e-01
 4.19047687526396983592747e-01	 7.99842704292102052443525e-02	-3.42565376743653560165370e-01	 7.25397150741106777616096e-01	 4.13996077582499399927229e-01	 5.52877577964075717087411e-02
-1.46419339951306876068671e-01	 5.86704230751391303533282e-02	-6.26477202010169986756694e-01	 5.44491508613431651752990e-01	 5.31000851951639041281794e-01	-6.49042832209044823210675e-02
-4.42688722749845664505841e-01	-5.64224297395188919418407e-03	 8.44572711641630835543992e-01	-4.12540693222552753982590e-02	 2.55704548608171933210542e-01	 1.53639448645461945686108e-01
 2.98219348740573597655867e-01	 1.21812255909498887151976e-01	 8.36900316391864462772787e-01	-1.14535762776882973912329e-01	 3.67337762737921347255821e-01	 2.18562077868051318763065e-01
-5.00896932212659129479704e-02	 5.20499852738338097957183e-01	 7.62484274624814606369227e-01	 1.90911043625792781197603e-01	 3.21831015580708479362215e-01	-7.18778666505800051256259e-02
-5.48971623687872223307238e-01	 5.14717953075324752276742e-01	 5.11118724162371140806727e-01	 3.00296411561968290548919e-01	 1.48155779115937080714360e-01	 2.45611818314253577133499e-01
-8.48599714198486010374722e-01	-2.88682080369601412606073e-01	 4.63043662508879974581966e-02	 1.85719413051757459287572e-01	 1.47130498782783197819768e-01	 3.71830610823625729022268e-01
-4.03663839454510980919721e-02	-9.54160029356516448117986e-01	 2.12519576047984964928261e-01	 3.41476358678965072335210e-02	 7.96738212869722295383923e-02	 1.87804803953706828112402e-01
 6.56046493210543472940355e-03	-2.02888192646774573324464e-01	 7.39117895691625004239711e-01	 3.73642174500160906269741e-01	 4.97186276091354184547555e-01	 1.60297879443201590765611e-01
 8.52193231028994691023115e-01	-1.09012981062643399265966e-01	 2.35785586575711220147511e-01	 3.83200117448117105745098e-01	 2.37640793249174503420917e-01	 5.45210737513371415663421e-02
 6.94820139694971361521425e-01	 2.59486132841159233830552e-01	-5.71553113714503499553921e-02	 3.81530369975439986873766e-01	 3.44644486102990310616434e-01	 4.26942555509102317223835e-01
 3.36613343601843195695977e-01	 8.27638699702204383434889e-01	 1.82122647739198090244273e-02	 2.22001812739693049625345e-01	 2.92174938293822517021425e-01	 2.58307866023332499683107e-01
-4.53516375398970605914428e-01	 8.49170834975962685042816e-01	 1.89602461625877800888151e-02	-1.43489206499215291717997e-02	 1.43222168857251808127273e-01	 2.28372104602702574727147e-01
-8.68560174896534364918921e-01	 3.75004170003807035804755e-01	-3.47608977403624092028522e-02	 1.62233972429016798377788e-01	 8.90747709431025103121726e-02	 2.63652419717848529590043e-01
-5.92762138803445748358456e-01	-8.04491345283819825340288e-02	-4.06467608937815971792418e-01	 3.18325868522129629134554e-01	 1.26599189517285271033842e-01	 5.99655195159995213494142e-01
-4.89667919340859458809945e-01	-6.85067848593096884179943e-01	 9.43242721208683021494323e-02	 1.51876970463196338950729e-02	-1.23620327977694371979211e-01	 5.16234105469993376225091e-01
-1.88623520564682345401764e-01	-7.75321247983021488714428e-01	-2.56391555652943303744706e-01	 3.40190222293407007470023e-01	 3.06549387133972783825442e-01	 2.96411177268076364565985e-01
 4.02539143930593257270090e-01	-8.17513847718226549510234e-01	-6.91107799905848890764659e-02	 3.69303009654792568916548e-01	 1.53922714421684397878565e-01	 6.91384952586575063371299e-02
 6.05518825886665834623557e-01	-3.65372916123274271704702e-01	-2.20397901847519228635264e-01	 4.19979861598805681577318e-01	 3.00638080506025140437032e-01	 4.29543954587561283009478e-01
 4.59381750059647542272501e-01	 5.23364777441627126997048e-01	-5.01868824062595253465702e-01	 4.34652217911228544444668e-01	 9.84135514830556112908511e-02	 2.54121276616070423948202e-01
-9.37307621801365398184203e-02	 8.48931050638911721684110e-01	-3.92003449751172627912865e-01	 3.04689014676225666811149e-01	 1.09472808043375460784752e-01	 1.09746159386801392376931e-01
-5.60251139079810056564668e-01	 2.18505792706685603166150e-01	-7.28741264548654177346521e-01	 9.81950322785129503522228e-02	 1.75927956292096038248829e-01	 2.58296610291608053078249e-01
-7.04740065840285923037811e-01	-4.69206244072311706716505e-01	-4.88716881604821851148301e-01	 2.14050586121783611992520e-02	 1.80636786816240957342927e-01	 1.06089228821569347971376e-01
-1.69072963605282511334593e-01	-2.63705295377211546004048e-01	-7.86766729053393287784957e-01	 2.08905073696752263678889e-01	 3.55646602457059257673677e-01	 3.35776902968137780369773e-01
 3.41724409418716346120704e-01	 5.92622858270976521355422e-02	-5.50739764228559747216707e-01	 2.59067648877967904308406e-01	 5.42523084298381363943520e-01	 4.63627844172091130303670e-01
-1.88427506760976866406754e-02	 4.23234546119981902556617e-01	-8.14746793140080916018064e-01	 1.72001760526917013560677e-01	 3.15115318198902316648713e-01	 1.66801868687287385695228e-01
-5.05387019260959413635703e-02	-1.19948759402328852807784e-01	 8.06915408732126415713992e-01	-5.33357382980327199284432e-01	 5.31268147277075414303127e-02	 2.11312804754935690265683e-01
 7.34098444915105008412581e-01	 2.85324615487094201959906e-01	 3.67694572758335835871435e-01	-1.16086302387262238489107e-01	 4.42963614921062953655451e-01	 1.86540195101615152717400e-01
-1.11193191300152857681205e-02	 8.87542312367247898663436e-01	 3.71969582126441045133447e-01	-2.48884203019421657021581e-01	 1.08811919309158400270832e-01	-5.04158912429311244392249e-04
-1.75430783211538071642011e-01	 3.68148413873780055993734e-01	 7.12780148806922086990312e-01	-1.52054043215437639791077e-01	 2.20924190983791013387361e-01	 5.03693671700154999015808e-01
-8.24324451423553261619759e-01	 6.40882242882982178233675e-02	 3.00976506881217631406145e-01	-3.85219024789541120146197e-01	 1.98099258396226746148372e-01	 1.95340797995378928630927e-01
-3.33861495485120118864586e-01	-5.55306309233516093293304e-01	 5.82141629382822767269090e-01	 1.22312236853469091801827e-01	 2.25475883321263753655828e-01	 4.18906756753574860407952e-01
 2.35406167790113834970001e-01	-6.03425636291649136744297e-01	 6.29438145217730449232363e-01	-1.23405017593090554628432e-01	 3.62406825516172481638222e-01	 1.94168878632478281165419e-01
 7.44946311072325562108176e-01	-3.29362654226330764384301e-01	 4.09215829501376249233147e-01	-2.88865653682411183122980e-01	 7.25168038951339855024969e-02	 2.83576423176697289818549e-01
 8.83366098269005917131835e-01	-1.69369064607614028261651e-02	-8.08570998624218439942979e-02	 1.31125244589504863501617e-01	-2.17970601685069403918860e-01	 3.84882571783605409443396e-01
 7.19984115029583815470460e-01	 5.42566385455645616708864e-01	-5.51220120931803503339097e-02	-1.08837333128843027907351e-01	-2.29407919805686873193640e-02	 4.14529022195271601436417e-01
-5.04708995308338764784750e-02	 6.54488170587650297527205e-01	-3.37188133482933027895712e-01	-1.19868599122231342390954e-01	 4.68068765505023576256605e-01	 4.71110640086542742377418e-01
-6.51232673153942953625517e-01	 4.10794301084887125696810e-01	 1.75528846200565247226422e-01	-9.33755727489435222166136e-02	 6.02257027479822570903423e-01	 7.00081925878855843015103e-02
-8.92548522453560533307382e-01	 5.57915694274553758402746e-02	-3.64176685246369646886677e-01	-2.47006766300517294210337e-01	-1.10977604289939132259368e-02	 8.05249954050058780463672e-02
-4.71008757509576159172582e-01	-7.49930380875568403098441e-01	 9.40477945802846854173040e-02	-8.94304049492118252606687e-02	 4.33726560966004814900998e-01	 1.03892538263907180384749e-01
-1.32031162843712052135103e-01	-6.34370623903021790823686e-01	 2.45138603056840459482046e-02	-4.64671003361997625447088e-01	 3.17618851418242920114920e-01	 5.12581581875755643018522e-01
 3.82227283749074275842617e-01	-6.40307685022035721900124e-01	 6.62034524953164366101177e-02	-1.14431092717734633756876e-01	 4.29169965701698019611143e-01	 4.92183035563249660082619e-01
 7.36822932350431281101066e-01	-2.65780140819746824032421e-01	 1.14617642280355841455375e-01	-3.76701433224457649107109e-01	 4.72986610259899409314244e-01	-8.77232917071014417498276e-02
 5.07443557722183524738568e-01	 5.40540748553905547879594e-01	-4.86136888937199529436839e-01	-8.91652483429655057234342e-02	 4.26932782678506483886594e-01	 1.54161012113380929688944e-01
 1.94063812400919660783316e-01	 8.65620892182443424367477e-01	-3.35197565754914994506919e-01	-2.66573641861142407449847e-01	-2.30053651629538516432127e-02	 1.70562441012895332770327e-01
-4.58042525058293625850325e-01	 5.73286794176513958554153e-01	-4.37379769604152424111732e-01	-1.57583321058208908338472e-01	 4.94815468165610505835161e-01	 2.37356986492830608626026e-02
-4.91425781448419196628663e-01	-4.24238835298565639120305e-02	-6.60653025010630057245464e-01	-4.55258172778279679437929e-01	 5.57206027419412941448229e-02	 3.31472029780819688049576e-01
-3.56657942323788557104081e-01	-6.02606363847881687512142e-01	-2.63084521662011350251476e-01	-5.54537209126388264124330e-01	 3.59697559434784930321172e-01	-5.96101192771982327234248e-02
-1.02059955050531440956529e-02	-4.34406298918384448093377e-01	-7.84830643959870566384041e-01	-3.24525886776691419033369e-01	 2.94932251350878305018455e-01	 5.40904921610218525351854e-02
 4.37023781416865875204536e-01	-3.81950135401659451872547e-01	-5.45760575017805282804773e-01	-1.42345987158654402326974e-01	 2.95858706916739933046046e-01	 5.07419893954084932907733e-01
 5.61984796361615079884899e-02	 2.02509286189680226542009e-01	-8.11933069224676562392062e-01	-4.43081043873705338054236e-01	 2.80898669950419621610394e-01	 1.46190070705228242209373e-01
 1.20579826451748597926361e-01	 2.87756289692520428324940e-01	 4.71942061186121752935918e-01	-6.10539940825945981472955e-01	 3.75975415917635780171935e-01	 4.07198945677007984045304e-01
 5.80240503291201359381546e-01	 1.09201521682441779481643e-01	 5.70187345439078716036185e-02	-6.57102935846258118246510e-01	 1.88984655380333210761279e-01	 4.25023977731408597602325e-01
-2.76495597993676067716251e-01	 6.28546523784776489662818e-01	 1.02329912987798213319657e-01	-5.60145591766723183191345e-01	 2.75298035171133215204264e-01	 3.58407517347674398067170e-01
-3.82878589848219152980136e-01	 1.92420393262269256995367e-01	 3.49238036120488648528237e-01	-8.30910424396849034422985e-01	 3.70476131501557351399789e-02	 5.12495151963614226087174e-02
-3.36285857256613973653714e-01	-2.80944789417216289617585e-01	 3.68611439991011757832950e-01	-7.05422964778381400563489e-01	-3.54940261840965720629981e-01	 2.20234659179245173543649e-01
 1.95434695318302154021239e-01	-3.39164934893496250456479e-01	 3.61969659448794944811567e-01	-7.39813445662951152392850e-01	 3.02454291206831482607953e-01	 2.77394772463255168126750e-01
 3.47845524124631766405003e-01	 6.15019793358349109446692e-01	 1.22579449289087986235680e-02	-4.40919302596301632135578e-01	 4.03982115796705953947310e-01	 3.78143500042565305907516e-01
-1.93703394849586124637497e-01	 3.36830320435370422771371e-01	-2.31041244809320173159151e-01	-8.67053310514800834596372e-01	-1.65457051798904103412369e-01	 1.28400911178426058167901e-01
-1.67124827771517547869706e-01	-2.72277908444930161202535e-01	-8.97003258593722513358770e-02	-8.99677090259178968700837e-01	 8.50251986544431070935701e-02	 2.70628403742967760248206e-01
 3.68855305853695802920100e-01	-4.32409457315389322840105e-01	-1.98237828683510197702589e-01	-6.30601385019695870326473e-01	 4.31684212264655142732295e-01	 2.31646761124173011792138e-01
 3.18155898941411996450057e-01	 8.99216675524011493925158e-02	-3.43602544074649518535125e-01	-8.71876347565556653051999e-01	 1.04099163571669123262708e-01	 4.02890565567099109833826e-02
 9.58749725008508357770864e-02	-3.02289695905308242185328e-01	-5.35298649699088580078410e-01	-6.26229649149620759551738e-01	 6.97823402036222423250322e-02	 4.64597822368356505595699e-01
 2.97498453591775527393715e-02	 1.13224051744479914383135e-01	 3.57893891932866275995551e-02	-8.32733385545831206187017e-01	 5.25093351854301504388900e-01	 1.25882726633293501317112e-01
 1.17968823167903039128568e-01	-1.14410582333285396061662e-01	 8.71370131306704737150781e-02	 8.56205685884594558388017e-01	-3.81516383675898573812901e-01	 2.94546751465637079991922e-01
-3.38376980733024884662186e-02	 3.27598822124596511518035e-01	 6.52136253888924044552766e-01	 5.35839880085444697499497e-01	 7.06500579004207540645410e-02	 4.17296681659561574662121e-01
 2.77100879823709345117777e-01	 3.67065826699378372488525e-01	 4.24228270585790157021222e-01	 4.97687994575033376687401e-01	-4.80362606224372878926943e-01	 3.60647448768777023619947e-01
-1.33229360123927137449229e-01	 8.31448785453922645238833e-01	 2.38563649193901494705017e-01	 4.41981174091077289034502e-01	-1.06887548643891522326399e-01	 1.65099769065336660078813e-01
-2.90867663489190408920848e-01	 1.69317608032888949898265e-01	 4.71004474716098020525834e-01	 6.65437904938662283527151e-01	-4.04063264285049517088311e-01	 2.42502799715646005784819e-01
 1.58574960042490963052497e-02	-6.59779451216281676018127e-01	 4.02258359193389924968187e-01	 3.22941863093741621248967e-01	-2.70272928082417984718688e-01	 4.74646105471812129739106e-01
 7.19301823557374708784096e-01	-1.73194206213457546628121e-01	 3.99712810808228902192951e-01	 2.93443702758541702380057e-01	-4.24964365274531130634017e-01	 1.61661386840155574251554e-01
 3.26921853589256072858404e-01	 6.87291101555813854773191e-01	-1.08564428633565218662582e-01	 5.73892657001790040816047e-01	-2.81937072461321880378904e-01	 1.12032858927144079314031e-02
-5.54035480503586197364996e-01	 4.82644735040165862027806e-01	-3.92936232603505533611532e-02	 5.26039692489273180697751e-01	-3.66197292654367678732541e-01	 2.18486937894795896220046e-01
-2.90969720255030983580014e-01	 1.23208445202469072526918e-02	-2.67355745793483590144746e-01	 6.05584480490953591669268e-01	-3.65749992996936668099295e-01	 5.85832828960164753162587e-01
 3.42511518834783590392590e-01	-5.39787734336175217819687e-01	 1.62852287339930651421938e-01	 5.65080775713573402185830e-01	-4.95267435173390835334573e-01	-1.37141682058563221108249e-02
 5.78150234287632125429468e-01	 1.39599632265049816703950e-01	-2.15879453261245440875982e-01	 6.44148184581932792269754e-01	-2.51229971444120958601331e-01	 3.48721850006894817930458e-01
 6.96168114291662309955910e-02	 1.82281264891835464991843e-01	-4.25351918397112394032433e-01	 8.67530863715442190908789e-01	-1.58998259396654906261404e-01	 5.57901385707004759950678e-02
-1.26085794877374025163563e-02	 2.41791692244439776482423e-01	 9.33503664607242544803967e-01	 9.56191557072987446952439e-02	-2.21913795399256763563045e-01	 1.07517226168836382838023e-01
 7.45831337063711852231052e-01	 4.96738906542327662840819e-01	 2.45531520948843784424298e-01	 3.53149367896254062770822e-01	-8.40557327881518018264373e-02	 7.01463138116263373866843e-02
 3.24958842541613446286419e-01	 6.67664005092719170519899e-01	 5.79129283908751402165649e-01	 1.29941485805194434366427e-01	 9.25482016290154196891393e-02	 2.96286753195067253940920e-01
-5.76006879172548669210130e-01	-1.44753588491264240101231e-01	 5.51683707822557045652445e-01	 4.77657070323012855617151e-01	 1.64119755871401928892794e-01	 2.96337627025503036470866e-01
-8.22899628509974334633625e-01	 1.98988904157629292734910e-01	 4.79139633487145333301527e-01	 1.07558612777932841031436e-01	 1.09755428790823242324315e-01	-1.73348549778547161848152e-01
-2.09891783975119011751431e-01	-4.71115776674754405117795e-01	 7.41841405984763668790549e-01	-1.43260529272619924201493e-01	-3.50846687915750021780070e-01	 2.00124248119790237865345e-01
 3.82079263829549431452648e-01	-5.66552788728206135893117e-01	 5.68528010878632139579736e-01	 4.45821228267862967875601e-01	 8.22564271325684354119190e-02	 6.54720337492814691282561e-02
 4.57175117719347934297502e-01	 7.39880531793979390187133e-02	 7.73035848620168941636166e-01	 4.28718531819329173870869e-01	 3.37019175593491690512415e-02	 5.47435630975932688291330e-02
 7.70120801916638675344018e-01	-7.56655292895594237811974e-03	-5.87282482586309884098341e-01	 1.33824686337742859709721e-01	 1.34318643062281695144122e-01	 1.61262019185608951321598e-01
 2.95765411715088744060154e-01	 6.47098075350927670612577e-01	-2.26017042579278931713205e-01	 2.44022043282654726992220e-01	-3.16320855624417029972051e-01	 5.32069128274738845085778e-01
-2.38526195898501353065413e-01	 7.91160587513964674855060e-01	-1.49161430289285357186913e-01	 6.95846788492707896134348e-02	-4.47764393455486020556577e-01	 2.99309316212655107669605e-01
-7.84970293888126113834858e-01	 1.92814364299190632578984e-01	 3.81991471232784873812705e-01	 1.65970303840798694139380e-01	-3.55353308668421685734273e-01	 2.16574834179548508794610e-01
-7.95894119449644055208637e-01	-2.54031152236753182682705e-02	-2.95031443363406697955043e-01	 4.45034019444555117850371e-01	-2.41953441337390995347079e-01	 1.49221089499208120487950e-01
-5.26028939646998483503637e-01	-3.38650618129081260043733e-01	 2.88416568462306621700719e-01	 4.72982720011469459642228e-01	-3.95606793685226609813554e-01	 3.81061422728305010387828e-01
-1.86488031795332798168374e-01	-7.16912398895410807320161e-01	-7.94771986774615024629043e-02	 4.75633617688307253068558e-01	-4.18388879012435710436080e-01	 2.08963175801298139955264e-01
 2.86657046404071191858520e-01	-4.84164669724212126666885e-01	-1.54307380057859766520068e-01	 5.48221736679786242341095e-01	-2.54094258783597093387385e-01	 5.42669860856885621913648e-01
 8.56537600786568376065588e-01	-4.65613833567382062739171e-01	-1.58514104936989391747559e-01	-1.94123096700491090671470e-02	 1.38597104643477381236139e-01	 6.95297043228265965186807e-02
 3.91193856587698063353997e-01	 3.01739988328224850722137e-01	-6.48115741042340043343017e-01	 2.98706305867419752431147e-01	-4.83834309069115120482962e-01	 1.12005519629687119720352e-01
 1.72182071054269608678666e-01	 5.05892636309991816645493e-01	-6.78851717196973236667645e-01	-5.96852498178429349828811e-02	-1.22561958115414870729154e-01	 4.84770624492250279402583e-01
-1.80659720077070068411373e-01	 4.38501619486126537061921e-01	-6.22677348339214842276590e-01	 4.21460263597184969786014e-01	-3.77880978249859889039897e-01	 2.58705484287604037252351e-01
-3.33646082105355068492258e-01	-3.25667057497165055024446e-02	-7.71504958590294442899449e-01	 5.34892903931448726595477e-01	-7.92737166866109982388267e-02	 2.24935755696080777465973e-03
-2.94944800260294848204268e-01	-5.00780110023305025102047e-01	-5.52838249203026155242924e-01	 4.25603353559897090718778e-01	-1.88793012653579034276774e-01	 3.73919376650032775355470e-01
 2.94009187108156933021519e-01	-6.17875091529637820997323e-01	-6.41231670676034148925737e-01	 2.57652555632499336013552e-01	 5.93689671835860507953520e-02	 2.25169713764664686239669e-01
 6.97216753406245004498487e-01	-3.70223506048311501448467e-01	-4.13435074160997839687326e-01	 3.76155071291936649036103e-01	-2.53663385175224409540107e-01	 7.55269192044036568461918e-03
 3.17002639001273789354229e-01	-6.43901347942675145175073e-02	-8.01914457084325960067872e-01	 4.99578762629879102874497e-01	 2.37769113320486953633282e-02	 4.63913714311366826015259e-02
 1.72611576965403662464738e-01	-2.63386658661804440306753e-01	 7.94802091005774702381359e-01	 1.31443241562148593892800e-01	-9.84368536913142119781917e-03	 5.01745078476433903347242e-01
 4.52028582834159586845146e-01	 4.36291093188027390148420e-01	 6.20342881151825120689125e-01	 3.06851699744969258487615e-02	-4.65252989380223080928545e-01	 5.56150009115542257043252e-02
-2.00453943233336540075129e-01	 6.54619749118862448433731e-01	 5.88209254869800801657220e-01	-1.40498886126172780469679e-02	-3.41100663321586172749278e-01	 2.62209861185319748067002e-01
-5.17205088927182532465565e-01	 5.54808905709399557970585e-01	 5.57821874401649764330102e-01	-3.18155060189946270465811e-01	 1.09211329489593361730115e-01	 1.92606790908567727937939e-02
-3.88756328973141662697088e-01	-1.52939556872700010287103e-02	 7.06155913534092793959474e-01	 1.41911951285438597825106e-01	-2.17863444963686120336988e-01	 5.31389645001205668251032e-01
-7.45971593354467499281668e-01	-4.14234084000869529074151e-01	 4.99867419580416749713692e-01	-5.85486428307238002122226e-02	-9.30153994700017305863327e-02	 9.99462870060192076770988e-02
 5.18248908941132749306213e-02	-6.56536991568124062013112e-01	 4.51087839875122742494540e-01	-3.74702319530520799872875e-01	-8.10946430220897268581481e-02	 4.64558877554668459008980e-01
 6.06867906169105353342275e-01	-6.07300836696999968289390e-01	 1.89129634448414074565648e-01	 1.72857611321507731449998e-01	-1.47225815748893096301941e-01	 4.19012917423502107006072e-01
 9.36224346601719936700192e-01	 9.90273800436964474203094e-02	 2.89398525066023870611076e-01	-1.00501474130436016518608e-01	-1.02595793047056613178647e-01	-9.64344412962968855485002e-02
-1.14298959422443918709789e-01	 7.65245891731654803713525e-01	 7.12462646598727017410724e-02	-4.98315992169717003612561e-01	-3.68158873451831958334424e-01	 1.11349264395303265695603e-01
 7.15967386925211168868799e-02	 7.69075395666470429389960e-01	 1.46231484087171903496483e-01	-1.58184285002918173512754e-01	-4.69307213022270991453766e-02	 5.95641280660506700073142e-01
-6.89646355394584742448671e-01	 5.02371373741186344474841e-01	-4.94268263149911304954465e-02	-4.87540618643530432319011e-01	-1.53799664832752758236722e-01	 9.06515551262297852863625e-02
-8.15295133146929251743984e-01	-1.31139024340784143829453e-01	 1.31480698291740166760988e-01	-2.81655601331126881348155e-01	-3.57530229112228647991856e-01	 3.06025302300893697893258e-01
-7.02370726012602530907714e-01	-4.07683074875632489586508e-01	-7.62478981566866026442497e-02	-4.37442064682148135101869e-01	 1.62836046155846181360261e-01	 3.41738194889183222180407e-01
 1.51579407654417269712965e-01	-7.71569275080769001462500e-01	-1.71454174136131592964816e-01	-1.73560859297201379447539e-02	-9.71663883890633711670759e-02	 5.85290921120766971519345e-01
 5.35666056400119883207367e-01	-5.50310727486313155942810e-01	-5.13857214763920544520204e-01	-3.65576264962703678662592e-01	-9.30407906986447930108852e-02	 6.21944356947205234664722e-02
 5.43383811234926517030885e-01	-3.20171568386697358299386e-01	 5.03211396621335085854732e-02	-7.70426461246966565177274e-01	-2.69592633838364043041835e-02	-7.35408003491225537029408e-02
 5.47341106214418005038169e-01	 1.65253249224658116389719e-01	-5.49921443434964629659589e-01	-3.85141122456179707533863e-01	 5.60317685162373194107666e-02	 4.68211746786870164349637e-01
-8.55853542258700784872705e-03	 5.50263870211420536016078e-01	-3.87876095974340917571510e-01	-6.38070114968233403907050e-01	 3.73326021514803596534904e-01	 1.35192021742117449850662e-02
-3.19985593580682736725151e-01	 5.80693088566909598746690e-01	-5.66662711480378944450820e-01	-3.96363308930943902819166e-01	-2.49749626003627767101278e-02	 2.85605509025246173671064e-01
-1.90134628677293832099693e-01	 3.13121077341640186020300e-01	-8.89754689560783740276406e-01	-8.51322294264984097411642e-02	-2.58632134556406212411162e-01	 1.59021835696700024331829e-03
-3.34401944831262454282950e-01	-8.51666927284856045687889e-01	-3.15239244432958254371613e-01	-1.96358685504509807018270e-02	-2.39902695129429188725112e-01	 7.43245085250089365658255e-02
 1.09127991421448921477433e-02	-5.35906986147924979668744e-01	-6.36384125450454973815795e-01	-1.68555376085437441657788e-01	-3.60739259209198415145892e-01	 3.86207366508313110209372e-01
 6.06871123473382234614348e-01	-8.79174450318685879457448e-02	-6.41824354508578331923729e-01	-1.44332885130744131840785e-01	-4.37272693054677086266224e-01	-2.65502195510620585174738e-04
 2.39345690307582209532811e-01	-9.22890047344040037602397e-02	-9.10031248799622605183401e-01	-4.70035008966800185725710e-02	-7.87239202038938490346709e-02	 3.12462352349377692206644e-01
 2.27782107661038207835347e-01	 7.84649009644887984737949e-02	 3.30590313558334736310229e-01	-8.80499280721411703432011e-01	-1.92186559577732729575672e-01	 1.43017335642506654425077e-01
 6.43851816349782613002617e-01	 3.47236392602950222352476e-02	 2.51180307680242353995936e-01	-3.97869461752644537622103e-01	-4.57406370018431762680677e-01	 3.91965386946970140158442e-01
-1.55730086707294712589089e-01	 4.04785021844772718857541e-01	 4.16359530746407968671008e-01	-6.09491763016954068987729e-01	-2.14720981641874114620450e-01	 4.70060270814425751328969e-01
-5.16724400860514077038488e-01	 8.10613931588646113857166e-02	-7.87847762720887551113336e-02	-6.52396681059095429056072e-01	-2.30554163884323815025823e-01	 4.91366717616202763885269e-01
-4.44572392375079783466418e-01	-7.44031852872474974702754e-01	 1.67893687001545555137483e-01	-3.95454485853482029522610e-01	-2.40124262495504919856515e-01	 8.08689550657434585989591e-02
 2.88691838562665892276016e-01	-4.44399781732295107161690e-01	 2.92221492074387356741028e-01	-6.20988201726233479682548e-01	-4.39407463771467277080518e-01	 2.34663993855385749620623e-01
 3.57920193255291452238964e-01	 5.01650556349686138624122e-01	-9.70380710893509190739792e-02	-6.34283781258329959484854e-01	-2.40513692366154885338148e-01	 3.88150378011457020122066e-01
-3.99168704218976877484693e-01	 1.86960340868691871074603e-01	 7.89508810872768945765543e-02	-6.65917914096689211866931e-01	-5.73593431355826521844676e-01	-1.64380175448596344001118e-01
-3.79149680723754600730757e-01	-5.25324420668562108716060e-01	-4.51877907025864888890254e-01	-5.60131393559564649820004e-01	-2.36208778722047374465376e-01	 8.08972471836793133315169e-02
 9.65633950549969477528123e-02	-7.75230326914146283812102e-01	-1.46785523758486163847792e-01	-5.54104473966406940732554e-01	-1.68809775465867561994315e-01	 1.80607177655153522399800e-01
 3.94541317844424477279119e-01	-1.52764761008922278495703e-01	-3.17948052785570978162610e-01	-6.88024561285395575005452e-01	-3.85421926248676827153616e-01	 3.13019574263550259818345e-01
 2.39295641393797775542396e-01	 3.61054415273799167440671e-01	-6.26921092458338602426693e-01	-5.28074773617696169303315e-01	-3.50980405296811404092239e-01	 1.31518202612315976418600e-01
 7.59446925596996003093864e-02	-7.92681355402034548696122e-02	 1.22213225771346273296203e-01	-7.04406602112483071209681e-01	-1.42279928708136826909225e-01	 6.75707521486706541580247e-01
 2.81413458066109498090235e-03	-2.26047316344475501814770e-01	 1.43387535805046456571787e-01	 4.03923389536045562842048e-01	-7.69498976775694121243987e-01	 4.15995103483984607350976e-01
 1.47137020453784655993346e-01	-1.94168333111230273502201e-01	 6.95814248256736544995249e-01	 4.28234119192700379841199e-01	-4.66829924923326311514415e-01	 2.34898377829723226106751e-01
 6.07710528825401552488472e-01	 3.30711785407463487729274e-01	 2.94317665413650758621245e-02	 2.02513451513801817638338e-01	-6.75080153449590492087395e-01	 1.53969112616971798290777e-01
-4.90091867428873312340087e-02	 6.21360948204231711144985e-01	 2.36251873891358349366598e-01	 2.63786622867223152777427e-01	-6.97088825531155698023156e-01	-1.33233126609006002211144e-02
-5.09584233223630445053232e-01	 4.38851218124595987557512e-02	-5.63310843043080752834406e-02	 2.07730391552030213553337e-01	-7.30010607258163468635814e-01	 3.98945374695206467219322e-01
 1.11032405409874135315818e-01	-7.15843314591623980369661e-01	 1.01994580525961289763082e-01	-1.18349638314446822806580e-01	-6.11453419918626783768900e-01	 2.77408251188322130253994e-01
 4.26305934229585015149411e-01	-5.68630317146316066612144e-01	 6.06158357721018559161053e-01	-7.78048417605553682685482e-02	-3.35165056517161386029358e-01	 9.54235281057133066795473e-02
 6.62768059159996869578180e-02	 3.30331053766247828562541e-01	-1.54269418478402364769408e-01	 5.39303035659906115917295e-01	-7.06402433496727599759879e-01	 2.69884353224673412263712e-01
-6.40967207290176643752488e-01	 2.78706376383723530842929e-01	-3.20101620238594730682991e-01	-6.52319429623188368205788e-02	-3.39953910167630435346098e-01	 5.37768426222116402435347e-01
-1.80773434007954314495237e-01	-4.29289591020815042288206e-01	-3.34042099364533329186600e-01	 1.43400647997518670972994e-01	-7.85643142749340772645894e-01	 1.83434988088748057721844e-01
 3.04604971868279339464181e-01	-7.78464697889947321307602e-01	-3.25740380566327036859775e-01	 1.46609851075239216999790e-01	-4.15233159891759573412173e-01	 3.44775900367590149020458e-02
 4.10367450703808311907039e-01	 4.04959817378224840034306e-02	 1.87399052533794331643069e-02	 2.87362938386681643354592e-01	-5.26701285302136779087334e-01	 6.85285155624934860796316e-01
 1.50809648444917954179800e-01	-1.78340101163033143416570e-01	-5.73649897270898434520348e-01	 4.64503052938882055045156e-01	-4.95361925089093657614825e-01	 3.93993059071670148618693e-01
-1.98987887564526455541625e-01	 1.32502747458666109148240e-01	 5.43724502242799223594716e-01	 9.53211117369083260619789e-02	-7.46051986618228912817585e-01	 2.85536034677877970100468e-01
 2.34143931152150847063709e-01	 4.76240697383519817620368e-01	 2.33044880064066539659962e-01	-1.27500666265776607666282e-01	-6.19840644013591957062204e-01	 5.13422494313210964200778e-01
-4.47934038349029617354091e-01	 3.56588604699362876626623e-01	 1.89522110604860072324840e-01	-2.84364298107087520861569e-01	-6.88466931165455209296056e-01	 2.85361638158415586996597e-01
-3.63351822327414086810649e-01	-3.84400526307226542144235e-01	 3.03805974343994478203967e-01	-1.13949067636454320906481e-01	-6.31302882972772261283012e-01	 4.65172976938708293559444e-01
-2.69240134430050008507163e-02	-2.12081730739035023702854e-01	 2.64487792083362760475751e-01	-4.13286576515041470525347e-01	-8.44027105754621587152542e-01	 3.39866922438425214658686e-02
 5.37609274251061086680181e-01	 2.30433465520142849447538e-01	-3.77113563700187282012877e-01	-1.62778689398577897096132e-01	-5.08021191509233194238959e-01	 4.80707409487506898138065e-01
 1.60116214058662990893378e-02	 1.79540217825046699573477e-01	-1.84440834802037899320393e-02	-3.76017505369136625925641e-02	-9.63716454575562431195124e-01	 1.92368026149703441607386e-01
-4.28306845146697201531794e-01	-2.05730588735291541890859e-01	-2.16119979847258059102444e-01	-4.03591240195878941943164e-01	-7.21542274547685380525763e-01	 2.09788423054369427278587e-01
 1.72692283126574780416362e-01	-4.37974736312857992892589e-01	-3.98438201257608148875278e-01	-3.66417472938073640609247e-01	-6.96663365301580128630121e-01	-9.46811052110056706153374e-04
 7.11171759075964859952990e-01	-4.79711543828729880534212e-01	 8.16882792488502992335475e-04	-2.01976586321361728515456e-01	-4.66996640291762077357163e-01	 7.23221476930397122462324e-02
 4.62267202761834083979409e-02	 3.22612818005506563068252e-02	-6.78323454552617888246857e-01	-9.03023190687214649674530e-02	-6.97397582814909156034844e-01	 2.05381824141349866863493e-01
 3.71304844664039970791869e-02	 1.83293439517914880099170e-01	-5.13307422663154301611943e-03	-6.30696829157341043448071e-01	-6.64680496709981860625760e-01	 3.54146637265150610041076e-01
 3.73637063573771299740400e-01	-9.17700009895331819675945e-02	 4.36959031400248998355806e-01	-1.03748856768464681188391e-02	-7.87026902889975565891234e-01	 2.03768084828591822255106e-01
 2.47970721390643966675071e-01	-1.09967052103032827958806e-01	-6.23623109161880982698190e-03	-1.43189272922656624098536e-01	 9.46004573163207185260148e-01	-1.04647302309825301902535e-01
-8.53022012445120852985880e-02	-2.09764913203530550811493e-01	 2.96729681947195900182379e-01	 3.83349177884039826746942e-01	 7.69302538641886912706980e-01	-3.49128519828803163260744e-01
-2.73574466529827552141452e-02	 1.17521889073516905277472e-01	 5.03424882548087815337112e-01	 3.38412839736089085529436e-03	 8.38107910932420319127800e-01	 1.71951274028864092846547e-01
 5.83799947394854301663258e-01	 4.63691485102255496197898e-01	 1.07177450408395408265605e-01	 4.40247630273317425153579e-01	 4.67530041897610937340346e-01	-1.42402619889287013199564e-01
-8.20095607710658452971231e-02	 4.62493291247937865495743e-01	 2.21351911197382650309251e-01	 1.73714990831177640284722e-01	 7.84123102293102891557908e-01	-2.92150271800006133826599e-01
-7.20362834292885167997156e-01	 8.77452771264234931969384e-02	 8.57665067314952872523648e-02	 5.24043802637855549164669e-01	 4.32386687306621664284023e-01	 6.66491199601842998490042e-02
-3.47754138382004529539415e-01	-4.25118842199125712699725e-01	 1.89917782949358432409426e-01	 5.39699100014730759333759e-01	 5.75404576762558184199747e-01	 1.99766662506675296562264e-01
 2.94745264112538485345993e-01	-3.21644541655603855012657e-01	 2.31104712447136872999209e-01	-1.71204737754427071009730e-04	 6.59034199541546183986895e-01	-5.67392742740585265259767e-01
 7.46280139509326173596904e-02	 5.43054630214468980753395e-01	-3.90774282435814190872492e-01	 3.24527248916869348605019e-01	 6.57603236602332219540301e-01	-9.51726654230395652245278e-02
 3.54133247312981846999236e-02	-1.51073742876648070554424e-01	-3.70376482518441907387796e-01	 2.12958005219879814573503e-01	 8.14439180966718412335581e-01	-3.60668255272089510743427e-01
-3.49341337607703639189793e-01	-4.82636194054847367240768e-01	-3.98120443626056641495126e-01	 6.63696216618927387065341e-02	 6.94345841618730141853177e-01	 1.40425814536341252158902e-03
 5.53777976291681822695878e-02	-7.54407675439154434826605e-01	-8.22598615275881295261229e-02	 1.22891492945947006232288e-01	 5.67452578348487723935989e-01	-2.89708346853980391877315e-01
 3.75645746008436032248312e-01	 3.44650487978479941331145e-02	-8.12402526221060877764657e-02	 5.23336492745341996801756e-01	 5.92132632270610193003790e-01	-4.76025541785634775937552e-01
 2.94095615792521303255569e-01	-1.08602284464731246860225e-01	-7.64085550411351843713703e-01	 5.78617132926544028292959e-02	 5.59837816113501696158039e-01	-3.34697776709809227679848e-02
-2.21366792058687311683940e-01	-3.92084680402166763091287e-01	 5.95794256937102084670244e-01	-1.12639494315265473178833e-01	 6.32339583516957182141027e-01	-1.72495059657793464724662e-01
-3.39279135186953337277593e-02	 1.41588611326283086988553e-01	 2.42521825057471607234305e-01	-3.21916705842848482888030e-01	 7.65685854198137838544369e-01	-4.79666064442663131472955e-01
-4.10366559212486770036321e-01	 3.12251600038714383078542e-01	-2.42726636050622307516633e-01	 4.46797120721532381448782e-02	 7.12840091131595521289910e-01	-4.06256979397972228795766e-01
-2.67638931405373314831309e-01	-3.97263049011077118422008e-01	-8.06987445454117671705951e-03	-2.29142950865201644461422e-01	 7.31904917796475928959410e-01	-4.26960242630414321673982e-01
 9.23076594607670081193973e-02	-6.85747720241182578959638e-01	 1.64733232666676138178374e-01	-4.33434823935737290057091e-01	 5.46949042047571554192587e-01	-8.41030382752195049267385e-02
 4.23960132839670600368720e-01	 4.31504466077634485365877e-01	-4.18160652934776513878212e-02	-5.73761010718451536227747e-02	 6.51633615259983645096042e-01	-4.52100356878860909493056e-01
-1.52849505011268899101751e-01	 3.51269182387079104135097e-01	-5.29447587541214889639285e-02	-3.98312140648269918941082e-01	 8.31675628302983249717784e-01	 1.03407321995048605972611e-02
-3.77053589607211414591603e-01	-2.54618420892725183524163e-02	-7.04512316111668313034500e-01	-1.55325487545858953453148e-01	 5.71321844700104830572229e-01	-1.01538289801536688039540e-01
-4.44174927293074575662679e-03	-4.68238135302846136820420e-01	-5.38814036692061515410046e-01	-1.84570612384708621078744e-01	 4.29132533226051660069089e-01	-5.21719954904967364583968e-01
 4.73472785135592710847874e-01	-5.45661946936180197731403e-01	-3.71536447615666287624947e-01	-1.09134373071034657121103e-01	 5.69220261071428645927028e-01	-6.41499220191300012494651e-02
 1.55737213372566019042864e-01	 3.26069803701476534918413e-01	-5.21161098304667835812154e-01	-2.41632817058853976988075e-01	 6.92241708600176197663245e-01	-2.45419053240395701465104e-01
 3.87308354701860479973874e-02	-2.22159479455200203901200e-01	-3.97169874912421894119774e-01	-5.03549438922218262071340e-01	 7.23762272873895717850701e-01	-1.18352496634243908868456e-01
 1.36933107065361076015719e-01	-6.10662468270759192789932e-02	-1.47044478753562708056579e-02	 9.39423402963042719626685e-01	 6.59518992650432317459419e-02	-3.00729170266591239180087e-01
 1.19903702549964685797335e-01	 2.07700676216444501953617e-01	 4.72618188129083294235500e-01	 6.92689199780158082475623e-01	 4.30085825699175083869363e-01	-2.33073882072202309689857e-01
 5.98307766333838531025435e-01	 4.79925436815119427214071e-02	 3.88960079261238433900871e-01	 5.41165018653860352415563e-01	 8.87551621773691179484445e-02	-4.33240733321461901628169e-01
-3.85001678114590240031845e-01	 3.45017543359545986181303e-01	 2.63089677279928657593899e-01	 8.09912943373284011094881e-01	 7.91328166808986516178592e-02	-3.60478267362575183208051e-02
-7.26375400992012920653451e-01	-1.16406429412923381749856e-01	 2.55451088854087793311720e-01	 5.86923084786865500994679e-01	-1.60428595079637303921771e-01	-1.52830035180691131690978e-01
-3.16998794266696304333664e-01	-2.39555865053670491437998e-01	 3.41820966688758942630955e-01	 7.59979257306976130337262e-01	 2.60464444975614328736668e-01	-2.82618081605712057058355e-01
 3.34876631301044336286310e-01	-2.38854293870222000872872e-01	 2.58137127937333454852364e-01	 6.74941511600539612025784e-01	 5.41861646956872888836187e-01	 1.22521029884876994642262e-01
 8.96706568562540690114915e-02	 5.50071245736850733543122e-01	-1.75621391646528957064533e-01	 7.55436463098702049023814e-01	 2.50130353968897600758226e-01	-1.59023523269139960278906e-01
-2.68418434796923066620877e-01	 1.81391333564580148340895e-01	-1.07591366364041360337289e-01	 6.47532606772689867113968e-01	 5.81682125566637564517691e-01	-3.54711507869698849937379e-01
-1.05491800613195615965445e-01	-4.39363288493240800036688e-01	-2.08178233955673613886361e-01	 6.69967208750914755555073e-01	 4.50326705448542530252354e-01	-3.17557870620864601818312e-01
 5.53361579597812736075468e-01	-3.18773346528698986457329e-01	-2.83314251906942385361710e-02	 7.68485021053792349832179e-01	 5.38386515596869265343205e-03	 2.78142504214431533771101e-02
 7.62957294297802013360865e-01	 1.55725848634243435597568e-01	-2.27407477055072082539056e-01	 5.40562507142276049698637e-01	-3.83262812882916416648560e-03	-2.22955047841603609670713e-01
 8.96500886389668683040810e-02	-1.92916551367908715997057e-02	-5.25679286859016325905714e-01	 6.52968765952716689859869e-01	 1.79148247313880071285297e-01	-5.06744193051144486972248e-01
 1.21815252435318217838489e-02	-2.97400817520442450891949e-01	 9.47273263564777812106854e-01	 8.93642411130947389441559e-03	 5.41824066749596600089944e-02	-1.05176686804923050222449e-01
 5.37584255229809238052496e-01	 4.22657722178914452282328e-01	 6.71749375093022682570165e-01	 3.44230040431728820382595e-02	 1.46898818981347711876140e-01	-2.41561978068167038102843e-01
-3.90632353416896921372015e-02	 1.25558781209620773378077e-01	 7.89755001135187928440473e-01	-1.18015451310651400818053e-01	 4.72865092743972093014548e-01	-3.48521235513608362843740e-01
-4.24717500733833019932462e-01	 1.86271465893403848079757e-01	 5.45857815377040811455345e-01	 3.50802686322686574360574e-01	 5.79416829486893991685292e-01	-1.67841722858995234801682e-01
-5.51555701896559780195162e-01	-3.42691765584894170171282e-01	 6.03738724487351663405832e-01	 2.25363082465210945448675e-01	 2.19460297252031338866018e-01	-3.38964412662916325658102e-01
-1.23621175128323837477673e-01	-7.31685247169972852177011e-01	 3.99049137251405172666097e-01	 3.52191701344589158662046e-01	 3.73785527981348952852869e-01	-1.62356628347367332176887e-01
 1.32249313297108900266963e-01	-2.67666163554776348476594e-01	 6.92908753339125382808561e-01	 3.54190359379209285251022e-01	 3.25175924498835255960216e-01	-4.46712671653138160277052e-01
 7.27579750075236897366437e-01	 3.62420874830827854928827e-01	 1.09986440241816460505753e-01	 8.38554789391055266367658e-02	 5.72807376257956288312378e-02	-5.62911161267197424074027e-01
 4.68061745478484059201918e-01	 7.61304331960162006254222e-01	-2.71173659151252299803758e-01	 1.90557425914445383030582e-01	 8.17559224594796990492895e-02	-2.91208859261711527910421e-01
 2.26408090745226137086021e-01	 7.89129457516239529724089e-01	 3.05208888050635840372138e-01	 2.64804037355539256815007e-01	 2.40421048565616524150812e-01	-3.23941586689540539367727e-01
-4.95894284795719175740203e-01	 6.95394849597563924348265e-01	-5.07179981429451212648907e-02	 3.65060293647255673654684e-01	 3.01484217890633621195207e-01	-2.09238606594357529067096e-01
-6.31539993429344082009891e-01	 1.61094753370516680091029e-01	 1.29633523187778681995397e-01	 3.78675115353623359393254e-01	 3.12154074721260610392193e-01	-5.63529819484749117108890e-01
-9.45097095877443615918878e-01	-2.16342096606108119649647e-01	-1.53427245482161862810688e-02	 1.13960210857801433337322e-01	 3.99968241851386963059412e-02	-2.12521767825984225774860e-01
-5.98012863616297019042634e-01	-6.78695433321416463634534e-01	 9.49283014353619752911939e-02	 4.13248610175514674569541e-01	 4.29648138074873731095948e-02	 1.10160014152848265839291e-02
-5.89756294658501170613540e-02	-8.42141950540187034235373e-01	-1.88179829880364302141516e-01	 3.66565334113640006741264e-01	-2.32109975925366834870189e-02	-3.42050094741380705798406e-01
 3.16002475378729552613066e-01	-7.12365354617668145031928e-01	 4.30463915052505696756668e-01	-5.05190261528975451815748e-03	 1.66157634023016642643711e-01	-4.23963411002019840978505e-01
 7.66963095893649748902021e-01	-2.11303211955403469346493e-01	 6.06007479424945996737684e-03	 1.77985318941350639798671e-01	 3.20628361821949814380872e-01	-4.82286758562543327322203e-01
 5.44607388202246411879059e-01	 2.52135745174037639859677e-01	-5.40775976499640376182754e-01	 2.76572320710906593976830e-01	 4.04822725480427192401578e-01	-3.27136079198096008102681e-01
-3.79522608790838766879006e-01	 4.60542520908854946526390e-01	-5.91080879899206323990768e-01	 3.09284281293138008095411e-01	 2.10117880310440013902351e-01	-3.93294138003514703871843e-01
-7.45720543000288227375449e-01	 9.28043340772291280860173e-02	-4.15069132332224088877126e-01	 2.71345601852830187183940e-01	 4.18239118824524191975200e-01	-1.20222487700193184090303e-01
-4.32541072807789694909530e-01	-2.08665180450426646086015e-01	-5.03364125074948542959419e-01	 2.63630535552801581467008e-01	 3.67886407534269821439921e-01	-5.57808347252962022366773e-01
-9.27715666978056879843351e-02	-5.61720011034544941530555e-01	-6.91597157618978664039844e-01	 3.14231791293547890742133e-01	 2.40260770189018479925380e-01	-2.02708117345514055029909e-01
 5.01842969384493797768698e-01	-3.89217954419279088540407e-01	-4.68682491993014593845146e-01	 4.36218096418679035508603e-01	 3.18362545616551362304136e-01	-2.92162286480745492234234e-01
-9.56879964874779997963117e-02	 4.45552585909386538419452e-04	-9.30957426215713979011923e-01	 7.76654099087231847287072e-02	 1.30732903269843381277582e-01	-3.17866121962166736647504e-01
 4.70939304974873462761309e-01	-2.39897487382234875230580e-02	 8.03967210344172289460118e-01	-2.58970578126425710063785e-01	-2.19048342464659817618866e-01	 1.27394862553478038780241e-01
 4.74545395907423728232288e-01	 5.54212111701348278391954e-02	 4.67793961290288551335692e-01	 1.89172505752085023944531e-01	 7.01930243814689047709976e-01	-1.56242318984232436696047e-01
 8.77967814755273023852311e-02	 5.43614005183972737178522e-01	 4.28050989584491781148046e-01	-2.93642224910939886317607e-01	 2.63207770394696283222657e-01	-5.98367614597682950794422e-01
-3.93515701978485010759101e-01	 6.56287897053575486339128e-01	 3.93926650131033950774651e-01	 3.30698478039845866760515e-02	 3.11391776476243109517128e-01	-4.01490883462013892213349e-01
-5.95229594132610673185013e-01	 6.81149133047330435086764e-02	 3.46691284792122522695479e-01	-2.06125977012439842717129e-01	 5.34840136634646690083628e-01	-4.38549144051956385492730e-01
-4.41021098966230096216634e-01	-1.74501936731633500166083e-01	 7.02147008949707274183538e-01	-4.54374716870271255775293e-01	 5.71234505169705558680349e-02	-2.68922981979234199112483e-01
-1.82116474977950693059370e-01	-3.54782372227933739949890e-01	 6.47820521618658329288110e-01	-3.79416314075138524919417e-02	-1.63245272441553512798862e-01	-6.27059042913244546468832e-01
 6.32874790085688920804330e-01	-2.47105561737575807335077e-01	 6.70090692778129715101443e-01	 2.50356359621885446453682e-02	 2.25779455006486440282742e-01	-1.94380193212739221797491e-01
 8.85173879177350020341919e-01	 2.56503612742510544997288e-01	-1.61685154930689800600874e-01	-8.20858154674615619894595e-02	 3.27056734685992500644147e-01	-1.04052016524329327129550e-01
 5.92650746423640906179742e-01	 7.02370168370357705889262e-01	 1.76126628221288328290939e-01	-2.47953917078676061569453e-01	 2.06172181152088185296378e-01	-1.42942425132038669621792e-01
 1.39996778343226616070361e-02	 8.35539720481677794516884e-01	-8.45551926048006413649816e-02	-1.32379597665515075233245e-01	 4.94617081043998485512247e-01	-1.79881597677279819746943e-01
-8.00138828449311390045295e-01	 4.19986705803119642066434e-01	-1.16090778896709129197617e-01	-1.34448633002924478052620e-01	 1.91853054840633474587008e-01	-3.39157667823572539500532e-01
-7.44671083123469190745425e-01	-1.40352862402268019348384e-01	-1.89937824902658342063333e-01	-3.07198327981304475375879e-01	 5.09499403582998944273186e-01	-1.89021743935759267696284e-01
-6.77098053278131883914170e-01	-4.92085545785335032320518e-01	 2.23776531859097155274796e-01	-3.08046775765683511494331e-01	 1.87883634699486490315934e-01	-3.45139145009232983785097e-01
-2.13177373096410632813402e-01	-7.38544785385968016733216e-01	 5.76427324855051326224498e-01	-2.10688882503471619500601e-01	 7.35931447664627536031645e-02	-1.64416515509173494224981e-01
 4.81890302883383692122976e-01	-8.10212405961156512113064e-01	 1.42001510614007009358772e-01	-2.94408198344468685636599e-01	 6.21196316922123098480668e-02	 2.52612015336319481462191e-02
 6.27321569472742868178727e-01	 1.47502810477019741242088e-01	-8.54401465790762502938716e-03	-6.10469906474668921880777e-01	 5.06978761794913898586223e-02	-4.57595659757452921656551e-01
 6.12159124265790000052334e-01	-8.10313234800609932806381e-02	-5.53936088051182884406387e-01	-4.49762758624427605447238e-01	 3.22554729988788368988395e-01	-7.43091425341983746744035e-02
 2.62538505733356068716500e-02	 6.61164457668762861608514e-01	-6.20502475719075574644990e-01	-1.37879366601486863519455e-01	 2.03684292417838808120223e-01	-3.41542035714432923310113e-01
-4.56992537370424278808656e-01	 3.13437304120298187992688e-01	-6.87426109481272584744715e-01	-3.32445606314999198005466e-01	 1.37076621265965925555719e-01	-3.01745157245551010039009e-01
-4.95170473208010608612284e-01	-3.16745846164903810393554e-01	-6.08312484535737052482318e-01	-3.43386046511932052638372e-01	 1.07772080206402234847651e-01	-3.93580226062086202531987e-01
-4.98920793786272853687080e-01	-7.11304160384326089605622e-01	-2.67661055133652181492465e-01	 9.72376338874790589576758e-04	 1.95662986489993445671232e-01	-3.67691504816791969734169e-01
 7.01070899064851205118032e-02	-8.66387762394175142688368e-01	-3.71824081399292238891974e-01	-1.79718648306883832521663e-01	 2.62356352204035858655118e-01	 7.12351424436653002381092e-02
 4.13848339409786991627271e-01	-3.13862964263105670426057e-01	-7.76128556048177875581473e-01	-4.93948615369053517509812e-02	 5.68722050163124534516434e-02	-3.49527904563628477596637e-01
-3.68841575786273578874130e-01	-3.25541908266338830824083e-01	-8.54663088450621777347749e-01	-4.97175350575644395267894e-02	-1.56551273298117132881657e-01	 2.34356290803582022197471e-02
 6.71987360447376669281283e-02	 1.26339937746981795241297e-01	 5.13748612558669659478028e-01	-7.36243634987513995149300e-01	 2.84829195022938463921491e-01	-3.03977881927414927965003e-01
 6.11566648117126021588774e-01	 1.56948269149102398456463e-01	 4.78257630135151989847486e-01	-5.94178547263231604524947e-01	 1.35952583624390332950327e-01	-3.30433641961793006514014e-02
-3.61609460752327416255270e-01	 5.32615905429528635472991e-01	 1.71325885161357077679511e-01	-5.48472791924524250006812e-01	 4.17824692722311208381569e-01	-2.84264769047442411586957e-01
-3.90544111534630478121954e-01	-1.54950608581447241141049e-01	 1.67957031117216493143474e-01	-7.26943524926229267535405e-01	 4.44900592953639928417431e-01	-2.62435926468698621505382e-01
-8.42076397542131371842800e-02	-5.33180043312960427748237e-01	 2.24462047071184667146326e-01	-7.86098180933360812794319e-01	 1.81792938836751530318203e-02	-1.99910148445695823316015e-01
 2.34072139059281869588602e-01	-1.72730023039002367202244e-01	 1.84205142531436195929562e-02	-7.18445598354295222875976e-01	 4.98379865520442610904439e-01	-3.87928716855264588136976e-01
 1.46477459505792245719746e-01	 4.51909864079261647251684e-01	-1.18587895638063586800648e-01	-6.08243132784517359645804e-01	 3.50571829812906021750507e-01	-5.17105814292234566842410e-01
-5.84298113225070969711794e-01	 2.37743000619971472930914e-01	-2.02180629919120752324702e-01	-6.28501061579733177886453e-01	 3.98137625353946922324155e-01	 8.75775102067335581290664e-02
-2.67414357497364474358648e-01	-2.62718336187662382386065e-01	 1.13986988893951632362267e-01	-4.39245350444381510435221e-01	 7.89914927552013645950524e-01	 1.71969569812330025371239e-01
 1.71654156209172292779641e-01	-4.95985903192276589290799e-01	-3.91551364526107004149225e-01	-6.92299178697160955131551e-01	 1.23024784548145041385148e-01	-2.77140962310736926887955e-01
 5.16131503834432958655043e-01	 2.67160508131242813156803e-01	-4.77515700785837576836101e-02	-5.40956648273340889865324e-01	 5.99345743242469919387361e-01	-9.00216970829667006981367e-02
-2.54513381651552017537199e-01	-4.56951261553586937647076e-02	-4.94100450151184922287229e-01	-7.93486680416027323481387e-01	 2.08817374643662401201283e-01	-1.25593913927448591616454e-01
-1.08738336128029484256574e-02	 4.80540246146843735841614e-02	-1.27334604448504362661510e-02	-9.09603589626098996134829e-01	-2.36001279219542059450987e-02	-4.11673138724613418837350e-01
-8.42877630194215909931188e-02	 2.90280380870779841639973e-01	 1.25742172779084726563781e-01	 8.22758910334630111371723e-01	-4.19468255499553688281367e-01	-1.99839779735229566837162e-01
 1.67402394673844906458626e-01	-1.50730777894376222203476e-01	 5.13564767219376938633957e-01	 7.81142743116846394180186e-01	-1.75063751919982218963057e-01	-2.11368394901681744268984e-01
 5.43498715735378334912298e-01	 1.22180396983331357452229e-01	 2.31890589712195921423543e-01	 6.47417341430803205959421e-01	-4.43149503797224675327726e-01	-1.42748570181507217213834e-01
-1.67458891345211413614891e-01	 4.06616421602383815159243e-01	 1.31333477584309132879525e-01	 3.24221273031866541458612e-01	-5.47373570253101515703520e-01	-6.20189377335895408727140e-01
-4.92067262894826329411302e-01	 1.13462937217243375886966e-01	 2.17763138632874719835542e-01	 4.18178583656113045385894e-01	-7.10912665968989720965965e-01	-1.31548620875402672014687e-01
-4.00821516330143567952149e-01	-1.85325815670491472753056e-01	-8.12033066744571874195913e-02	 8.68305184627404580410825e-01	-1.19841615342747051520256e-01	 1.73454808694413015190960e-01
 1.88862595406896621730297e-02	-5.58378265417795005554069e-01	 2.83413933006522011925910e-01	 5.10001646925571705537550e-01	-1.43757836741996297691415e-01	-5.71634121616106050112194e-01
 3.45647146915307568182385e-01	 3.86707415560576972524132e-01	-5.20659058018410128565456e-02	 6.44759375913220300624573e-01	-8.45314764889873865305603e-02	-5.52643051786039563033626e-01
-2.56728643376879672732827e-01	 5.83348590556090784708942e-01	-2.81436521290278129914242e-01	 5.95785121998500866169479e-01	-2.86869382934622219050169e-01	-2.78090552860137285584585e-01
-4.51205524102339217140667e-01	 5.64642072386155741137159e-02	-2.92392717226037657241022e-01	 7.69089088676888965601108e-01	-1.15535714838102855639423e-02	-3.40735022998433945140562e-01
 4.43428630636537174369849e-02	-4.81155526790408349935291e-01	-4.23942390839897931265057e-01	 7.24746130365249707772080e-01	-1.84357209829190238359331e-01	-1.65986097272954047365801e-01
 3.55601300417050458779755e-01	-7.84906706459307240697498e-02	-3.43086345078552124032711e-01	 6.70246660647382253017668e-01	-5.22741424593812564758366e-01	-1.64892408826361053231224e-01
-2.90110789293851145664860e-01	-9.29605172845825306060519e-02	-3.38611437880145804690812e-01	 6.27812295820858290440469e-01	-6.31115947826868750603069e-01	-8.98598425092273986325431e-03
 1.50010976926259032016020e-01	 2.40547823134843019587947e-01	 7.09304524255691348777475e-01	 2.87979839047375729688127e-01	-8.91730971029642410785598e-02	-5.70645524395344883039627e-01
 6.06768656432567610181650e-01	 3.29825080657025551666983e-02	 5.68186153195797905013364e-01	 5.93719910702764711030177e-02	-3.97830499396170322867761e-01	-3.82249012393516829355633e-01
 2.02016163689589578478234e-01	 5.48846984960186912161362e-01	 5.14212238461899340258299e-01	 5.91624612207275912822979e-01	-1.47649130450067472830611e-01	-1.47384812759611155685846e-01
-4.40613802816809951856669e-01	 5.12353724297952450861260e-01	 5.40625474324114230206817e-01	 3.77249820452375483892382e-01	-2.47393066830597196936736e-01	-2.18074477942641897776355e-01
-2.33628822786543760559042e-01	 6.48256678967893268383804e-02	 8.09666221019517018397949e-01	 5.13284945108879675501612e-01	 4.30876756791050419259648e-02	-1.42610777342493166841564e-01
-2.34286834991580955600554e-01	-5.66903433168882808779188e-01	 6.30751771738369160225091e-01	 4.49541740323001648427237e-01	-1.53643392955826102452832e-01	-1.37226224993157643744501e-02
 2.52535753203292245849809e-01	-3.85241105769140723680266e-01	 6.80412039990837436143067e-01	 2.62710757852799403622157e-01	-3.54728443657492398255471e-01	-3.60562378215010026494269e-01
 7.11542870407119276698893e-01	-5.01849952802284726693927e-01	 2.14697754640522486813126e-01	 2.85682315872498371334132e-01	-1.79186661238990574407381e-01	-2.86419268606721844072638e-01
 7.94312011435590381580596e-01	-5.30354124303719295929760e-03	-7.73187650695409678380798e-02	 1.73930973460846294287308e-01	-4.95415250509304572190672e-01	-2.95590689199299094802598e-01
 3.34964139599586763207384e-01	 8.69990126951774911390203e-01	 1.40238350670613270976261e-01	 4.98860506636783496148269e-03	-3.26946580459281210817579e-01	 6.58062043838106291993029e-02
-1.35939750554324251252680e-01	 8.82380083708074081094708e-01	-1.97620485300575542131352e-02	 1.93645060319911382906710e-01	-1.57326600382109799136643e-01	-3.74546612530886557923537e-01
-7.42906625590796010349948e-01	 3.75316176964898273737958e-01	-4.11472039926913946139564e-02	 3.87105776952608560126379e-01	-1.97482989220384652639950e-01	-3.41590408214037632994575e-01
-5.47271004048084042103994e-01	-7.44723769678474895039599e-02	-1.87599985473852842732256e-01	 3.18666002818819404929229e-01	-5.23135367115067362320247e-01	-5.33419089429719495143445e-01
-6.83042577680236462356334e-01	-1.32326691859056849720488e-01	 3.18529486724084653914701e-01	 6.94925765462599126509602e-02	-2.62274442158250575829470e-01	-5.83835891822700681075275e-01
-4.53678404374650290353799e-01	-7.11909419819306443777407e-01	 2.66654131779634984145133e-01	 1.29485663433942327360526e-01	-2.84512433784567475569816e-01	-3.44300153018427479434393e-01
 1.51804190171125952257825e-01	-8.73406644775489460208462e-01	 2.36290830692006431634766e-01	 1.14329772699090781440390e-01	-3.33269953246967343130081e-01	-1.84777718831926895948214e-01
 4.73713633683866208734514e-01	-7.32879243277919201204895e-01	-2.81632640279418755557828e-01	 3.45426337333881727786888e-02	 7.83622159932577388996577e-03	-3.97381257798431530847694e-01
 7.69341848285673979290777e-01	 4.62378312821624060102721e-01	-3.57273400385989148286825e-01	 7.34897909330819859574646e-02	-2.45883728303033760598240e-01	-2.85582994881699650524531e-02
 1.55991009341614916827723e-01	 4.58616979597473883867309e-01	-6.86548837570038150701635e-01	 4.73276004226479696246344e-01	-1.87926760604345648164593e-02	-2.63902678672667034831534e-01
-6.18449710047600409446034e-01	 5.93803242004861231428947e-01	-4.73712208902059839221721e-01	 1.13022725062853379718320e-01	-1.66477525695961414697877e-01	 5.05035852231022069913635e-03
-1.63356362063325655231694e-01	 1.55329423522393900158889e-01	-6.75496395412170547167818e-01	 3.80072009452559200770594e-01	-4.48878142527117884874599e-01	-3.83335061974376611892978e-01
-5.09615323611369630540935e-01	-4.99547482240392526353645e-01	-4.62427447303178307258520e-01	 3.88498334791454180692227e-01	-2.77364799498529379651046e-01	-2.21456999825785205704420e-01
-8.22197513574859234486425e-03	-6.81113513711244067394546e-01	-5.89606703710356838676887e-01	-1.91874572979628593705215e-01	-2.00203198769870943651839e-01	-3.33891513744800749741160e-01
 4.97141524291205727514864e-01	 7.71958341075461851321649e-02	-5.90816363704001146217593e-01	 3.01613706891654120845203e-01	-2.47552759587079840297719e-01	-4.95554170033241869752771e-01
 1.18592418746228861481384e-01	-3.62539871146648484678821e-01	-7.75328216029861683189495e-01	 2.46991892290935710629896e-01	-4.22523720957927173547120e-01	-1.17624605602967474693443e-01
 3.23356721453622542039597e-01	-4.37608380456907808397915e-01	 6.14761683919863743952305e-01	-5.42532649791531706995329e-01	 4.92519780817857674715121e-02	-1.70997001710178647693184e-01
 6.85218506171464736276278e-01	 4.81069517495220366765096e-01	 1.36902883130654795529324e-01	-3.50763647131962008618444e-01	-3.92512846825055994326448e-01	-5.66025410697357719835843e-02
 8.86285014919361777141482e-03	 6.90811077995570066434539e-01	 5.56824346745773635092291e-01	-2.91487525419940329829416e-02	-2.96923798524789839259341e-01	-3.51617347939247038013377e-01
 4.82598794997423086172716e-02	 4.34275432819967388553550e-01	 7.81207979632022819771464e-01	-4.41479033990071267901101e-01	-2.53867931317521000611492e-02	-5.69359141547106928360478e-02
-3.65629532030194548397617e-01	 2.61221735067560911769391e-01	 7.79971718035435079841022e-01	-1.06117171667409262991733e-01	-9.67376106764001458815372e-02	-4.11221777218153339283901e-01
 2.64365129373890055120011e-02	-5.60384877020855057261350e-02	 7.66748649301717155601921e-01	-1.95285742608216988935865e-01	-5.72117867940253210790047e-01	-2.06886276469037955205721e-01
 3.34441988088644615029210e-01	-6.23274740679962357958743e-01	-6.21444848093835947033803e-02	-4.84478743901414210526468e-01	-3.77922769976273831282754e-01	-3.43903974799049771959858e-01
 5.16244312907985114513565e-01	-8.02090668778093485169478e-02	 3.92051891334324442706105e-01	-5.26871885984346755016361e-01	-5.00991348368166611315644e-01	-2.11582877618857773116545e-01
 8.57614623980570867090023e-01	 1.01243690264662886124647e-02	-1.86906627013889548027947e-01	-4.43866866476793908713461e-01	-1.53814491093160893298020e-01	 9.37223230537692908459491e-02
 5.70759788681323376735577e-01	 5.21906779816853072517802e-01	-3.60069541690385352961101e-01	-5.11700624753439692327106e-01	 2.87984723281782400983175e-02	-9.76197755120983556853531e-02
-5.84596607086797726005045e-01	 6.96327064703686215985101e-01	 1.82271540501442480541883e-01	-3.40624500186301887305618e-02	-3.55863165935463132694139e-01	-1.11147056173797179057239e-01
-8.10267043800330988290170e-01	 1.85508514192450485458252e-01	-9.90019497582765722887288e-02	-9.07565048020694958852417e-02	-5.20932709696297790991082e-01	-1.40160235594218168797553e-01
-7.77263158006553989132215e-01	 1.39800673449885226595768e-01	 3.04473282348754092918597e-01	-4.03662751395657937170114e-01	-1.38663883567684026454359e-01	-3.18500370131697074782551e-01
-7.44521342594074542198257e-01	-4.15275688055354308403366e-01	-2.21073244195034157577595e-01	-2.43002216605944232341585e-01	-3.12552288380936460487902e-01	-2.60041696244254938452656e-01
-9.47508034342540994554582e-02	-8.51755848615691313341358e-01	 2.97449875984862445801871e-03	-3.16608581679444778256283e-01	 3.30772724739165566165688e-02	-4.05204037501196934201175e-01
 4.33337238553546943986561e-01	-5.46537191656977117126814e-01	-3.10048134300323317835701e-02	-3.72141086828835843114405e-01	 2.84518232698466100316637e-01	-5.41400982746295333924991e-01
 7.28104782733111743908694e-01	-3.68844635661066677645437e-01	 2.64111218001844005875967e-01	-2.73842060812804155567335e-01	-1.30782647456953227127485e-01	-4.14691149513408852111951e-01
 2.70186742452481643006479e-01	 5.92205154290505020320268e-01	-2.43051503888890935156653e-01	-2.02810319823050505538831e-01	-6.83124466396954233005090e-01	 9.70931690448537249027439e-02
-3.45968942468217688368526e-01	 8.14772079910316304740547e-01	-1.98751495605710898351148e-01	-3.39838022731016042854435e-01	-5.53131386217120633169708e-03	-2.47849378683435705994498e-01
-3.45080824513591177815641e-01	 4.79699735117926850946901e-01	-3.93565250816394596178327e-01	-3.28918262231412961149601e-01	-6.07963289049995525559211e-01	 1.34562988852129361561083e-01
-6.96521295208917923247327e-01	 1.21052870401013833168147e-02	-5.75801729469869183475339e-01	 1.32567952454472337553426e-01	-1.22893359914081790051910e-01	-3.87926379299903589803478e-01
-3.12339849766853583368231e-01	-2.61528659783780814684917e-01	-5.81503848307917681204060e-01	-1.14119043449589049887827e-01	-5.93813754812406613403652e-01	-3.60918164242453987089476e-01
 6.17153580141626967314750e-02	-1.72662709117638285549745e-01	-7.86737149169500993295401e-01	-5.33126298502028639347827e-01	-2.42367352332358843014504e-01	-6.67673419488621355810665e-02
 8.13447332300513248348750e-01	-1.49532185238688192230327e-01	-3.37786918022162818697751e-01	-1.42019664032214831816958e-01	-4.77728068818872100842476e-02	-4.23546615043506824438424e-01
 4.39046531232893555429797e-01	 3.24663942749505884943773e-01	-8.17254216110389730687302e-01	-1.19636708600650606970639e-01	-8.22568864811081684740302e-03	-1.39808475930357889449596e-01
-9.16865005221191575746076e-02	-6.80321973837136849405649e-03	 5.34248931997195808385470e-01	-7.01635081670475613258020e-01	-3.52641847864238744403309e-01	-2.99127597836132241848617e-01
 1.78856770520250507594540e-01	 5.86193065097309062849718e-01	 1.72788216187592047479171e-01	-7.62488286672890924755563e-01	 8.97671876563631288004075e-02	-7.13136952100007770471990e-02
-2.60628567452738435505921e-01	 5.45049195456403068327234e-01	 3.23185884987775062793247e-01	-5.73326891730973731142740e-01	-2.13825221926615072209898e-01	-3.95120307995759367791777e-01
-4.98003403773028541223766e-01	 1.58841436027343296810699e-01	 6.81118136416342667693868e-01	-3.58036088242393413239029e-01	-3.35418014105704820337905e-01	 1.48811987438674020456375e-01
 4.25476925339300371398110e-02	-5.77694173114528974899429e-01	 4.92745685262433230633405e-01	-3.81355426395208474410481e-01	-4.39517460421971317696688e-01	-2.88189636538102034180042e-01
 2.65937580020771557887116e-01	 3.30606319261729286740348e-01	-1.23088381771665027197837e-02	-7.43038919455222157672836e-01	-4.65362470016322138377518e-01	-2.26177128319286990798531e-01
-3.73873462135486875346224e-02	 4.80069702374767537378375e-01	-4.82057719471262413613033e-01	-6.08267238848636315751151e-01	-2.08843752674709393080121e-01	-3.49500894727434618936002e-01
-5.09608792024165979661632e-01	 2.53176431964725001666494e-01	-1.73861194856954365262069e-01	-6.37022969181849529896056e-01	 3.21150025429464561557702e-03	-4.90065588786899486439808e-01
-6.33330433623517596863906e-01	-2.24796993435354891532896e-01	-3.90866233204386140376307e-02	-7.19418075339761209363587e-01	-1.01914546704625699757862e-01	-1.37412399405958618459067e-01
 4.63436269845111714626995e-01	-8.48029632016982920506010e-02	-3.95907570128745944781912e-01	-6.13936860931530326013217e-01	-3.28419022392936854615186e-01	-3.69479300717941272491629e-01
 4.96139713076451605022754e-01	 3.97199476633412540405033e-01	-3.46033657103738234717127e-01	-2.13297973265967166778267e-01	-4.95320525898001351450262e-01	-4.30697365033418988478076e-01
-5.27741586080872182584756e-01	 7.92731787315403280125281e-02	-5.38326196274574009237313e-01	-5.19807778937712350320055e-01	-3.72785379556115126220561e-01	-1.27437912742782960551224e-01
-4.63719095248271429010600e-02	-2.53916078013164903115495e-01	-1.31553942508079529938314e-01	-8.37030119028667529690324e-01	-4.61681353951175432737131e-01	-4.79660171025159745572530e-02
 1.23706798260040953807426e-01	-5.13578496743936907531491e-02	 1.40918114746272499226976e-01	 4.62630034358875230626751e-01	-8.45732552852163421697185e-01	-1.81413849065326565623835e-01
 5.40679431220039072303329e-02	 1.83635850398333910771242e-01	 6.24389953431454092225295e-01	 3.75230313104186530281936e-01	-6.05474887154801910682522e-01	-2.57087711066704582840714e-01
 2.89496903676661754278854e-01	 4.46105386299872119781895e-01	-2.39948683635061443819581e-01	 3.77280102857901922241979e-01	-6.22851020339506900036497e-01	-3.59614358371902309574608e-01
-3.13232601821271605668784e-01	 4.17796779574069743201647e-01	-2.88508454155576521404925e-01	 2.05613585125056452795889e-01	-7.61551417442341893604407e-01	-1.47839616538171680915070e-01
-4.79026459010725824683163e-01	-1.31521211819607075632632e-01	 7.22551328659389757724796e-01	 2.11745268574867279154361e-01	-4.08220601345153366601437e-01	-1.40268605665191115061674e-01
-2.55323660796208384837769e-01	-3.71126144171371186164521e-01	 1.80889708246015301629228e-01	 7.10813329603137478152064e-01	-4.61837150831730880451431e-01	-2.14020988155169955557966e-01
 3.93518778159535120853008e-01	-3.98405317880408782471591e-01	 1.98642590079418507320597e-01	 1.20591593578117869944855e-02	-7.41711650094777907860077e-01	-3.10927162075367802263060e-01
 6.74540254197216054832253e-02	 7.25577659546563058512447e-01	-5.47634021054665298677833e-01	 2.52020156257501092011974e-02	-3.85302829475506036782662e-01	-1.41388052577558404054869e-01
-5.41747310089732758697778e-01	 2.69113716797715063488994e-02	-6.06553681792881826950747e-01	 1.07173377026639427000987e-01	-5.62219189480624992327762e-01	 1.01497346885554104445326e-01
-6.81583734375613592426646e-01	-4.38388665579291736396073e-01	 5.03403747024407099974752e-03	 1.89579934410919553888775e-01	-5.54322479899371778344630e-01	-4.43690657004632525717280e-03
-2.89685084158561381717512e-02	-5.44344590669610051136829e-01	-2.02841179617799738377215e-01	 3.22126310789473013773687e-01	-6.39665439488993903260905e-01	-3.85704567513363794084569e-01
 4.71588980969414872657097e-01	-2.80615693841495428273447e-01	-1.74839515000157735835629e-01	 2.43154907842595441325173e-01	-7.54808282929272600370041e-01	 1.98569776668094832849931e-01
 1.94409800696321577451187e-01	-4.09259142655638355479120e-03	-3.98255632825890271142555e-01	 1.38539825861313914412420e-01	-8.53948965091852030262487e-01	-2.34858282119140032717652e-01
 2.67892421841866956722100e-01	 2.48951894678666407756396e-01	 2.32664860157088704273320e-01	-7.43823215398649179030954e-02	-8.25304836919340978340642e-01	-3.54207373869551533918099e-01
 9.69719412348820225533430e-02	 4.28715642986111977741359e-01	 4.64640072703011552945895e-01	-4.45418200176919354404959e-01	-6.26486016494253616926358e-01	-5.18082995273606936731392e-03
-4.02388481899465633162549e-01	 2.93590016349674687301530e-01	 4.37280814694315345114717e-01	-1.33948179204768536010306e-01	-6.72748319343311806939312e-01	-3.00235715968626470928626e-01
-5.63480040833282846968189e-01	-2.73993890294520592298966e-01	 3.89790151987407296196864e-01	-2.95829907470227859711542e-01	-5.81949096600719473215690e-01	-1.71175768989634990990822e-01
-1.59133819794113007262126e-01	-4.88523816517396181069444e-01	 4.00007085854386879031352e-01	 1.86803844867987345335081e-01	-7.34948073567481152679193e-01	-3.11591408944274506076511e-02
 5.35311673712811408876178e-01	 1.18907301117938644929861e-02	-1.15338741400970196115949e-01	-3.47426528924174138346359e-01	-7.60208313383134548502085e-01	-3.70826714127619125327406e-02
-8.91486977450337975126260e-02	 5.96456419151387695620770e-01	-1.96141064095062128691538e-02	-2.42028634024375161049036e-01	-6.37539893781936095606966e-01	-4.13367343560226363496923e-01
-4.79626614491671987572374e-01	 7.06064978913084062561722e-02	-8.78831171938935645782109e-02	-3.03069148326056192477296e-01	-5.01145582924890531373308e-01	-6.43623948347835317385091e-01
-2.23462527348968736928825e-01	-6.46867496788319007450241e-01	-7.26777123509878830720510e-02	-2.74442350057700346077638e-01	-6.25302909475246027071194e-01	-2.44995017283314880929268e-01
 4.29881443728305834284242e-01	-3.90515989105856164975705e-01	-3.78597159277164807544835e-01	-2.55270355240803728524845e-02	-5.38840739752185382549499e-01	-4.77872812805534841196220e-01
-2.84270518616958553503871e-02	 1.54065619969455142035386e-01	-3.89123664470694408112905e-01	-4.47897967311117417565924e-01	-7.49318810798744405765603e-01	-2.48891928106363347072971e-01
 8.29571305662886449017179e-02	-1.47223540735359981201924e-01	 6.13980287837405797057855e-02	-4.58252086784646184280945e-01	-6.84296157537156668482226e-01	-5.37975296217607423798768e-01
-3.20167999235578037975358e-01	-9.13394816342585347257454e-02	-4.03138358062197429965146e-02	-5.14853567511029674985679e-02	-9.08832814343963457659470e-01	-2.42686051545414699370795e-01
-1.77394485898973802706635e-01	-9.80110171262718425644334e-03	-3.36380908513348036992241e-02	 1.13411557179955213570111e-01	 5.64844137884618402445369e-01	-7.97115131092827167158532e-01
 8.95573264398166063449125e-03	-6.87053976510101360730687e-02	 1.45173014792515708837328e-01	 5.85601133070215440490358e-01	 2.03890760084168592980447e-01	-7.67869800071378061367966e-01
-2.80706609621885150307463e-01	 7.83320335547282309285322e-02	 5.14020007207840357033035e-01	 1.24488434574365647300453e-01	 2.75985853295933780682248e-01	-7.47787244115302285329960e-01
 2.49266860409546486820886e-01	 2.76354255916425317618490e-01	 3.93724919974439258041343e-01	 2.35350916762732981224460e-01	 4.73142299599071336491107e-01	-6.53621721822807866253413e-01
-1.82060801875955885487102e-01	 4.90137443028908659226062e-01	 2.68050103850076382183687e-01	 5.77887775468091224873035e-01	 8.52678289049662863074985e-02	-5.59949470493280365701594e-01
-6.58998867437817104075748e-01	-8.42534830326516909204670e-02	-1.16636575560958660746635e-01	-1.31530886933950597050824e-01	 1.51980323981184523018939e-01	-7.10365651941939235669565e-01
-2.63998928091155660169420e-01	-5.40255745348310334463804e-01	 2.34935147010362666009087e-01	 8.51073473411520370346395e-02	 2.75981405712573124588971e-01	-7.06982867835951434010155e-01
 3.72039768376597967947106e-01	-4.83956419503634216461307e-01	 1.69130654779163558387722e-01	 5.73723118814417509803150e-01	 3.32979806359337382470898e-01	-3.98413915264310525277125e-01
 6.75831499669656832196551e-02	 5.43921425003668246311861e-01	-1.79498817925831638531164e-01	 3.37135872848906892329524e-01	 3.85591291064778685093728e-01	-6.36412551038360474464639e-01
-3.27204414648665287135287e-01	 2.19391436384675786452902e-01	-2.51798519839157686206477e-01	 3.70996138838620204136731e-01	-1.91787121222729319003353e-02	-8.02119826491322185368915e-01
-6.02714600005207268296203e-01	-3.69316818302181326671985e-01	 3.52281299720006019216001e-02	 2.86382014370168858086174e-01	 5.53390730339635927848008e-01	-3.32931252570017932601587e-01
 1.28832667421353019854280e-01	-4.70031194646192140851326e-01	-2.08026979723030719382493e-01	 2.17952493276772935049124e-01	 2.79409043264489009850138e-01	-7.70470565815688734900846e-01
 4.09902854207395694885463e-01	 2.79089808495357229178868e-02	-2.11739055944846849000029e-01	 2.58165799146987673395870e-01	 6.11057372733807349640678e-02	-8.46158271312896781424229e-01
 6.77950685869543739903165e-02	 1.30887276113548972622525e-01	-5.90403528813360334304150e-01	 8.34495327545851095507601e-02	 3.99944327199830307328909e-01	-6.80276953464773681545807e-01
 2.59475107731951037948193e-01	-7.53173283784641395960380e-03	 7.78171361362973490471973e-01	-2.85658863296698928291306e-01	-2.23791817857311482742322e-02	-4.94937834343958216187787e-01
 4.05304972196302348841357e-01	 4.25052118687105351391153e-01	 4.29296928741936145712543e-01	-4.41286446459959680321816e-01	-2.23001941544063692068889e-01	-4.75709080345979362647313e-01
-3.06796389447684059170740e-01	 1.15486143145751590788350e-01	 3.36860487001113928506868e-01	-4.66547666082303635892714e-01	 1.20167827242452326941269e-01	-7.39565350073635996430710e-01
-2.41410812866068372195549e-02	-3.71143962277039940467205e-01	 4.80329546125119744015564e-01	-3.86871771167023537074670e-01	 3.52119438988949817748164e-01	-5.97741606330901675825373e-01
 5.80316180280325721874135e-01	 9.16337460996211744523876e-02	 3.79971318020986714714127e-01	-2.88055146954041718654338e-01	 3.90275578954487945004814e-01	-5.24563999667363556334010e-01
 4.94451201873386148033518e-01	 3.74350831607796308286851e-01	-3.90848042316543353713598e-01	-2.10436991971518910782279e-01	 1.17340739071475783084075e-01	-6.36054003227697228872728e-01
-2.55427789485235368083238e-01	 5.45212540386136867986977e-01	-1.40555736250667917541790e-01	-1.50179464885098562509924e-01	 2.77915301318867602464735e-01	-7.19689675340061230102151e-01
-2.77182513801214003290596e-01	 1.02745681004430766680713e-01	-3.15751522327693656677639e-01	-4.64475344244783650005104e-01	 5.51165944485811576392109e-01	-5.41657559213635231287753e-01
-2.05913000163784720708549e-01	-3.69705591401977673449153e-01	-1.16418914288569569359666e-01	-4.87037115756381533415720e-01	 2.24208402882569740599550e-01	-7.21033763701871444062874e-01
 4.85380240424401254717424e-01	-1.09101300995003924754201e-01	-3.20328267803698107929478e-01	-1.90372245778436116614429e-01	 5.64939075508710808470880e-01	-5.42673915139900708837217e-01
 1.68569213558516145523569e-01	 5.98536910131898802767125e-02	-6.38010914533030049078377e-01	-5.38293239992822858397403e-01	 2.00875427227623831738512e-01	-4.80451328818265077646998e-01
 1.86359520896235697495769e-01	 6.99532018976722902436904e-02	 1.58462908968037344270563e-02	-2.84331766416570319577772e-01	 3.09977674572689487764166e-01	-8.84982972408703383315753e-01
-4.78203124666215173554917e-01	-3.99760960518394381502105e-01	-6.15415377810064473385054e-02	 5.05482998821064621886023e-01	-1.94050381596872932241094e-03	-5.93471783221604987090814e-01
 3.37085725505313293925980e-01	-3.31123212252529691701497e-02	 2.20933635657507315697146e-01	 4.05465506703807099242454e-01	-4.44159850888774021537841e-01	-6.89046345473709909157378e-01
 4.73046893224888742590650e-01	 5.79510037638895525446969e-01	 2.20807464943619219388538e-01	 1.91790416811265657104357e-01	-3.99266186075965090473971e-01	-4.42087960916074773631834e-01
 1.54006991290933509253236e-01	 4.51129637600314825629511e-01	 1.93212076321741255124920e-01	 8.15228100451996784414632e-02	-7.14617590797031604354927e-02	-8.50693974768326088842230e-01
-1.69277471816207558674705e-01	-2.61040826346328858065249e-01	 3.02976463657962935549506e-01	 1.34688482257485586668366e-01	-6.59143571180397125353068e-01	-5.98996537806339546250456e-01
-3.03612653212160299442957e-01	-1.57333370742016660955021e-03	 4.41222470109010611594158e-01	 5.30662870342943016055415e-01	-2.39846022999035624057029e-01	-6.11563910472450733557537e-01
 3.86144880818967639601880e-01	-1.97294965245552456067912e-01	 3.87242163431973263065800e-01	 6.82331414267028646403190e-02	 5.92023494639717512422195e-02	-8.08609704861112721374639e-01
 9.31673240873681085538749e-02	 5.06371489654151352155509e-01	-3.95616360587863813425002e-01	 1.28575331332512948767643e-01	-2.17370760380746347317782e-01	-7.17365873266409992403680e-01
-4.15680037124728576913846e-02	-5.92795195540574484938112e-02	-1.81837327762833123045993e-01	 6.52134349913964239675579e-01	-3.88152095361518678640067e-01	-6.21089338492962439453038e-01
-3.18713442305953997824020e-01	-5.13004131432230447984466e-01	-2.07960931467399329219958e-01	-3.73342882444428064703246e-02	-2.70129395116977588653384e-01	-7.19469953941914486250653e-01
 2.03232991143357272223469e-01	-5.54117522437743148522316e-01	 1.19663162653986299144293e-01	-4.46681680125007793402681e-02	-2.97518394124594853789034e-01	-7.39471710118755121143863e-01
 4.41969668153683714617586e-01	-4.01013260279236560812421e-01	-1.74441880407948557429876e-01	 5.05284375778281336089037e-01	-2.09607795613019065594784e-01	-5.60511801378599350265119e-01
-4.56385351794809171477318e-02	-3.21452432559019007918266e-01	-5.91637002772408271411564e-01	 2.76636071556052687281380e-01	-1.52294948784314543299701e-01	-6.66955656058076717940253e-01
-1.62337900622395378547047e-02	 1.50930394902025866166184e-01	 4.57103817962223213378081e-01	-2.02278308756587227312806e-01	-4.34990608518409649363434e-01	-7.33402506040612633952946e-01
 2.33621183546356858684589e-01	 7.88371090875347735327239e-01	-4.58072154650080443083482e-02	-3.13682131587231016744965e-01	-1.30320665166627214226480e-01	-4.54327975404525241653886e-01
-4.84092127616029710424073e-01	 4.64948757664052580995673e-01	 1.95084833325581380458758e-01	-3.37494252092115087915403e-02	-1.67372253318923358555992e-01	-6.94454374059350176828787e-01
-3.67424155491147763630266e-01	-3.75488001975789853492671e-01	 2.23188279004521566983854e-01	-5.03307977702685871435051e-01	-2.68851879628107526265524e-01	-5.90419333059235218463812e-01
 2.44025808993375725730601e-01	-2.09678232370475420287548e-01	 2.57268938462233864861162e-01	-5.81967458637351331418586e-01	-1.13558395462686423371679e-01	-6.91894142643771581369094e-01
 5.43791607613827721046107e-01	 5.18096783248253311970899e-02	 5.09053961725580011998815e-02	-1.73047734159508498352764e-01	-3.85121567994139768487116e-01	-7.21630753868733876288388e-01
-4.39859134628092895979989e-01	 4.79102566024775966546656e-01	-4.27881917713936743563607e-01	-9.12613568994612156526358e-02	-3.66538409507224993699737e-01	-5.01221205156892057885898e-01
-2.44165169672727416783076e-01	 6.45878053915264344064795e-02	-5.06896193215571444490308e-01	-1.93144492833796505015798e-01	-2.95012722358362552976807e-02	-8.00682780157909612661626e-01
-1.64410768571905535617717e-01	-2.68855399476224610211261e-01	-3.71781196762917320874919e-01	-6.15967756384610654052381e-01	-3.09830623427252260793097e-01	-5.35773574343488268034719e-01
 2.79866473912853408467782e-01	-2.63626989912595977028076e-01	-3.67714926026576960360615e-01	-2.73378087951849868542098e-01	-7.99924230270131209064033e-02	-7.97387567894394244660816e-01
 1.04615036979625639079750e-01	 1.07894537027109535531899e-01	-7.51546120357513447451936e-01	-1.88211638189451080371839e-01	-3.72414356716745276187908e-01	-4.88340883046180673776604e-01
 4.12200862949461122042294e-02	 2.91674302059481471705027e-01	-9.97924667209293264624748e-02	-4.78925359951171358829924e-01	-2.44628035440967644964516e-01	-7.83617313145669180940445e-01
 4.74206105568359820301438e-02	 2.18012920906382468011486e-02	-2.39715694150707370191355e-01	 4.55678330939635611862570e-02	-5.95460665797324373293975e-01	-7.63650799391166867913228e-01
-1.53276044991576959608537e-01	-1.00310543411878394515213e-01	 8.88994044566662616757569e-02	 4.34588440494338631991944e-02	-1.18977718910510232852573e-01	-9.70822731540698091734498e-01
