-2.06844188547497975783074e-01	 2.14881746906132667374045e-02	-1.79300439699248886915584e-01	-3.80715232113112839185121e-02	-4.95633093399849358751119e-02	 9.59530682064877238346412e-01
 5.64662159738285734933427e-02	 1.49959885676894683764759e-02	 1.17561551478451500885036e-01	 2.03596147894495420327399e-02	 4.29572857540645336449359e-01	 8.93206927058027067012347e-01
 1.22336938002062661778879e-02	 2.54593198462312320096146e-01	 2.27511510623344959114434e-01	 5.64726905122244327017711e-01	 5.40051342966284986246706e-01	 5.22206110801070488847131e-01
-2.82077441198986755832578e-01	 1.95696800422988204104513e-01	 5.96866566788478380978233e-01	 1.75868612997016310339760e-01	 1.25320177734956489379314e-01	 6.92279181353850026070518e-01
 2.67123310941818847830120e-01	 2.89738629813152182013170e-01	 3.65954747102360311572511e-01	 3.74153755011102262528766e-01	 5.41307744129034193458772e-02	 7.53559959851421878873623e-01
-1.20739447420537021615772e-01	 6.03936847198337622977249e-01	 5.83239769209520156345583e-02	 1.91180535716096999809821e-01	 2.57972908059600714025805e-01	 7.17063850448074413534982e-01
-5.27629742170215632057761e-01	-4.78672270734259615310169e-03	 7.19373240303432387454663e-02	 2.66722934139161538258378e-01	 3.99680000605483309872312e-01	 6.96795333935773197886476e-01
-1.67781631340213344127932e-01	-3.56450754137151104572467e-01	 3.60392217032278694421876e-01	 3.77038265308315856394472e-01	 6.20298107761355285716398e-02	 7.54257305586631288107924e-01
 4.19797541231806570216634e-01	-2.53349558857050738414074e-01	 2.54176657372729375428122e-01	 4.83385704058335585742157e-01	 2.34453204352067595683806e-01	 6.37454475496539774148630e-01
 4.71239474462012919442344e-01	 3.26327644539672723222878e-01	-1.92373192197334508257711e-01	 7.12338924111796806259989e-02	 3.25749960406797267609136e-01	 7.23359438252301423233348e-01
-4.90037345057296569450500e-01	 4.26157096431193482821698e-01	-3.85650754166881160056590e-01	 2.75590413584247739819943e-01	 1.57989463488708327398857e-02	 5.94413444208469643470494e-01
-1.94385151205127754137081e-01	-3.59892322473938486293576e-01	-1.46888613118333830054318e-02	 5.72135669150283576733784e-01	 5.17634522216973036456977e-01	 4.87023042641515524486806e-01
 1.18716003649620080451221e-01	-4.14120435063704273037644e-01	-2.47115069018787714139052e-01	 2.40473305402192000235218e-01	 1.56194385823658049572416e-01	 8.19219641872719117614565e-01
 6.59747496766043273197511e-01	-2.18521865237824602923311e-01	-4.07827553265633191426076e-01	 2.43456746020600800495259e-01	 7.29336928258537686708962e-02	 5.34852887240158558768144e-01
-5.14581781552593195416812e-02	 1.66018053367367857120485e-01	-3.60513602574818292634262e-01	 4.19120761158910504207142e-01	 3.76629167735523628923744e-01	 7.22708974478662335982904e-01
 2.29130104787041405378645e-01	 1.05016653547489562103845e-02	 6.53564092498029602928966e-01	-1.74522460864283524006879e-01	 2.40384103268577370426939e-01	 6.57267434650401605189529e-01
 2.35153684086467723579617e-01	 5.34881231945323332155340e-01	 2.30934130160790618280231e-01	-3.25258952496790321173847e-01	 4.40715512386870456040810e-01	 5.52494969264302970834990e-01
-3.80706592465717696960326e-01	 3.11309332917885095426413e-01	 1.07113786118554724091645e-01	-3.52811727406953712371518e-01	 3.18961878881000859831119e-01	 7.21431099509533990676857e-01
-3.84855673391027219842897e-01	-2.62093225411790031742498e-01	 3.57303701857210387338171e-01	-2.65991613999705667215068e-01	 4.65004928837293995957936e-01	 6.07080055618673841699717e-01
 7.36842272341538262470095e-02	-5.82284219128553437450080e-01	 2.19048638666519246420705e-01	-1.94033946581582267265631e-01	 1.57065153160026671486094e-01	 7.38386607371703473923219e-01
 1.95354911769530709131359e-01	 4.29915101711549285656844e-01	-2.76849479139771814661941e-01	-4.76735392639245469936782e-01	 1.06225971217311351835200e-01	 6.79561062828019646353539e-01
-8.81190852803172136598064e-02	 5.23989412688235289827787e-01	-3.03431736502776161490402e-01	-1.85368674240540098896446e-01	 5.52728901759384383396423e-01	 5.34535797915422716819478e-01
-4.32118843452081347056293e-01	 2.63368229391264113692372e-02	-4.82878087146105250404560e-01	-3.33343265940306623940081e-02	 4.10798120959965262777303e-01	 6.39954808038436073758248e-01
-1.70897420582528603016925e-01	-4.81475023881056451990901e-01	-1.45037514945812240352296e-01	-2.17501474739539082947637e-02	 6.28855956030743512563674e-01	 5.67456703127946937570414e-01
 3.88368181784015220614492e-01	-1.41649059531079174467649e-01	-1.77066933758133981946514e-01	-2.98202320465363768242639e-01	 4.60872756881891415536856e-02	 8.40657087860410046076254e-01
 2.44955013154694554999846e-02	 1.63072156508002136243718e-01	-7.02818101423930974291920e-01	-1.12039050569054429717930e-01	 5.75870833919452443372400e-03	 6.82838375403611697045392e-01
-2.11695642194182021000870e-01	-2.12761286297818152934980e-01	-2.29066957698298379053625e-01	-5.03484039687754680869602e-01	 3.15855093389404206760673e-01	 7.10060068430416135853989e-01
-2.55738340388170726225070e-01	 1.24061927206677038992844e-01	 5.44494783394133471943199e-03	 5.36005368645440349872899e-01	-1.34883924928336673687568e-01	 7.83378237887387141036299e-01
 1.72752964436665018554962e-01	-4.21457016454131611071787e-02	 2.75350645169656571553674e-01	 5.78236184542464615176982e-01	-4.36886415358514357265562e-01	 6.06081966632216029289282e-01
 4.35041293677242091320068e-01	 3.10416908739793828697628e-01	 5.65209330177470881118040e-01	 9.17044461090420898186082e-02	-3.84575736260364564600422e-01	 4.88477866733006804711437e-01
-1.90396821858681286609993e-01	 5.40637708107920555988812e-01	 2.92511348375194157878099e-01	 2.72467694527711357110888e-01	-3.68724359384432154307376e-01	 6.12944314032643933209954e-01
-4.28074394998366802855827e-01	-9.32826743244298262069947e-02	 4.38606280164959450029727e-01	 2.76842988054275873643917e-01	-4.36800011048817660164190e-01	 5.90117697015141495775481e-01
 5.69817017369707926044420e-02	-6.16638012373072474936464e-01	 4.44160774938241298404051e-01	 2.13556804455917736973447e-01	-4.50226213803508912292273e-01	 4.13426778335342692827226e-01
 3.52065908485887979484374e-01	-2.04609767250828522566763e-01	 3.15103248428501181432893e-01	 6.08590171534450566359631e-02	-2.03460658324619320103110e-01	 8.30538573819785908014524e-01
 2.29420967032357453474489e-01	 4.22361474186867535962620e-01	-1.94536497281018710969747e-01	 5.56589541630092443647015e-01	-4.78414134459975048940805e-01	 4.38703036610396779337862e-01
-4.50732313484808633230472e-01	 2.19296562763320351807650e-01	-1.58090531109724846681175e-01	 1.10864293495956611756981e-01	-6.74286067955448653599149e-01	 5.06758512610388400787542e-01
-4.79002342847576922935104e-01	-5.25731079546324364670795e-01	-7.52492586282394182450872e-02	-2.52755318085481489598365e-02	 4.49246474396071057699764e-02	 6.97025150310741081760568e-01
-1.59767666210171188634348e-01	-4.04525741637896285585185e-01	-5.62437191880968412327491e-02	 2.87418940325148752901185e-01	-4.25683107939479943304661e-01	 7.37464647013882035331278e-01
 2.76223743945762378881881e-01	 1.43306028273482738422118e-01	-3.11589044890768052109564e-01	 3.14243234320184416930033e-01	-1.79094425577619620337799e-01	 8.21737469667859876665261e-01
-2.51555039679883185588238e-01	-3.22157903626992050960531e-02	-5.78205178311779754984912e-01	 2.83550759704498778202009e-01	-3.69304571624750443969987e-01	 6.20140368533176000731544e-01
-2.83340355069462979109574e-01	-1.64465316478619394402472e-01	 3.46423238986613868384268e-01	-2.42329240487940023029978e-01	-1.38105675926813387111025e-01	 8.33584851011615945992617e-01
 1.19589915694850931759952e-01	 3.39720827491933330399831e-01	 2.49900693278934216134957e-01	-2.28551010877357296813273e-01	-1.33376088711535029096567e-01	 8.58960365394093039448364e-01
-6.64786472844969056339437e-01	 2.88094515208175139253655e-01	 1.75359765058493183298438e-01	-7.34875485390190132106714e-03	-1.32970493869234263062395e-01	 6.53126551435639690623702e-01
-4.77779157939015985956388e-01	-4.89862075957611331489261e-01	 6.65093099170131901720637e-02	-5.87263117091416098070056e-01	 3.74523904595346554535773e-02	 4.25509205805100265695984e-01
 1.29913154208325304361793e-01	-3.80380664076167773757220e-01	 2.55777439643857129603077e-01	-3.75596129433729164492917e-01	-4.97796900483891413546900e-01	 6.19787719749982257688714e-01
 5.81131023741339736154998e-01	 2.87324370736465162234907e-01	-4.21771415014866313253350e-01	-1.57921973870391668670621e-01	-2.96957382378354062257841e-01	 5.37324181404921996652035e-01
-2.43203445837095355575030e-01	 5.89312008886307192589982e-01	-1.86500099481050590766174e-01	-1.83657545993935356065663e-01	-2.28958252300490244790510e-01	 6.87480310635800728746858e-01
-5.78768676911718182864774e-01	 7.88450084080624530313841e-02	-3.64213161403469265486876e-01	-3.05491786063065262624150e-01	-2.19014744661023441629766e-01	 6.20375988094758024082864e-01
-1.41723403586550666943822e-01	-4.42670503313673302514530e-01	-5.94258575374876807373425e-01	-1.74092048498195928196708e-01	-7.69307126485284098471595e-02	 6.28162138357905353025501e-01
 3.44387044615424853244434e-01	-3.66155586760233020537925e-01	-2.77118207577899511306896e-01	-2.68245669775410075508226e-02	-4.23639871962596503696119e-01	 7.00244850251765305060303e-01
 8.19399219805661271909258e-02	 2.97006599185524536310687e-02	-3.49042791505502547622086e-01	-4.53060378166729504911814e-01	-4.09295848238416581921228e-01	 7.05539546754455626498270e-01
-2.68462580461422184452402e-01	 2.20614666264043191024058e-01	 3.21545221583584173163928e-01	-2.94620433770429790421019e-01	-5.78895972712405004756420e-01	 5.94931874402645499699815e-01
 7.40259114289009978460143e-02	 1.16496356252038468781507e-01	 5.12759530134534579487449e-03	 7.18427584704096067191870e-02	-5.91674683636350007276405e-01	 7.91000731973575232913731e-01
-9.07372967418794973415430e-02	 1.00861540550225267653950e-01	-9.14167503090080463268308e-02	 1.85803667241695419365399e-01	 8.81129847810100064187111e-01	 4.02894352055770343934427e-01
-1.63185737912156958451249e-01	-7.21396357349385231039207e-01	-2.18022374248714623234946e-01	 3.37447830739479204265052e-01	 5.37507515640010757884681e-01	 5.13671785460285065805230e-02
 1.01780863312979884260923e-03	-2.80897388377611079146590e-01	 4.65106875117043294665109e-01	 2.26968015482571644492182e-01	 6.17409787626350903266825e-01	 5.21595523445294251274618e-01
 5.20373792616313446401932e-01	 2.23141600212813623338448e-01	 3.58698099124325542330638e-01	 1.38755200104961173845908e-01	 5.82069248065490763011098e-01	 4.38972665205341561200925e-01
-3.53599415487802326129446e-04	 6.58254936459833683848331e-01	 1.19597398436998972326428e-01	 1.30838635361646110633060e-01	 7.15600718290635096074936e-01	 1.52294580860399986210751e-01
-5.67865305169069745083732e-01	-2.65986274940417877221677e-01	 2.07450476735399985672714e-01	 1.72255672564128520241056e-01	 7.01775290429608511466597e-01	 2.03921606120424647734524e-01
-5.22056974983190549832734e-02	-4.30202274994606614910708e-01	 2.39051468036286351992459e-01	-8.10427523522671416911223e-02	 8.64343069183639123309604e-01	 3.73911007226508176892743e-02
 5.35350264700804157058656e-01	-2.85927935407138955614670e-01	 5.05059189906771899281068e-01	 2.27323433614954523163121e-01	 5.64042686080339583654109e-01	 8.21001177714655722139625e-02
 4.81349236796522528258890e-01	 3.42887882453391079629057e-01	-2.56072647111397766472862e-02	 4.81557019429896926432377e-01	 6.41542092697735100159662e-01	 8.12506038799290508656270e-02
-5.25725793272058816718584e-01	 4.54351124069837963848073e-01	-1.35235318862785447446839e-01	 2.11759475693658438810729e-01	 5.97505647111063686871546e-01	 3.11502457456367176646950e-01
-6.88180481771918151068235e-01	-6.09544375725404985466582e-01	-8.81444658340767156490259e-02	 9.45492449286808728237119e-02	 3.13253527303196777076266e-01	 2.00066238001428198245435e-01
 2.13043067453404177946652e-01	-3.00424131318923037792246e-01	-2.01722440422342330634820e-01	 2.46880519057630115620228e-01	 8.72821811725881246957215e-01	 2.99690514824066042698369e-02
 3.89355125396420920225182e-01	-1.28026539154844271051203e-01	-2.40097303414780055552669e-01	 3.21439152256087601333689e-01	 6.29729956096848786373243e-01	 5.23910422003294518056293e-01
 9.31861384596198091823105e-03	 2.60796083228260922037833e-01	-6.94883068231949119208934e-01	 1.77538091412039550354152e-01	 5.71685493334177952107211e-01	 3.01151142621721268355373e-01
-3.67164945657577457271969e-01	 2.78580506181692975214981e-03	 4.94243071773852349348743e-01	-2.84865820113638812394186e-01	 7.33974485580042523835687e-01	-3.22311498781575264671595e-02
 5.48396363405590725470518e-01	 6.41162539803681319483530e-02	 4.49359565976796160313711e-01	-5.14691316836071388607365e-01	 3.86330752145512879014433e-01	 2.81190172951379602217514e-01
-4.75580091884693745285517e-01	 5.38746304590668398382114e-02	-8.89935037072858009521426e-02	-3.11126169200442503903759e-01	 7.42323144286127334368075e-01	 3.39349543965454358840361e-01
-2.71926229473725633578596e-01	-3.27291503859664267839236e-01	 9.38655743477414955533433e-02	-6.58532889027857226693641e-01	 5.90806797018426532730473e-01	 1.65551846390496054661767e-01
 1.42071168290548804913342e-01	-3.34311418232592083565891e-02	 1.64941552119419493349639e-01	-3.19056411290358166166214e-01	 7.77146860521965243684406e-01	 4.95719870367085035933741e-01
 4.03011050918344215787670e-01	 3.12579432757903896700213e-01	-2.27404188376339050359221e-01	-1.05920593248928288088173e-01	 7.73416477892260867399443e-01	 2.80662262895927605566015e-01
-1.64564626658462581643150e-01	 2.71443372766117185790335e-01	-4.73019420985176297644870e-01	-2.57797450667490546383220e-01	 7.80401706295056896145468e-01	 1.80489503047625448640956e-03
 3.95296967777955809975055e-02	-2.93458924412408728166213e-01	-3.44514533035633285784627e-01	-3.49074007305694378189287e-01	 8.07307610025106092699332e-01	 1.41530065716450492718792e-01
-3.57537542156641741097900e-01	-5.44270468262010864712863e-01	-2.18341047106431901392298e-01	-2.18497566962862849182514e-01	 6.62321429770487135613166e-01	-2.04579782415059585609640e-01
 6.09178089361855024108650e-01	-2.78453835375180369648973e-01	 1.32871166459934797465792e-01	-8.25366997679049668734663e-02	 4.13860282397095768924800e-01	 5.96337261937812224132927e-01
 2.10104554452272745956876e-01	-9.83780515270835653751647e-02	-4.70931030983430365388642e-01	-2.24798789878128235653065e-01	 5.39707151097739812328768e-01	 6.18533341345735898642033e-01
-4.22278472398164919643371e-03	 2.24397303850796203672502e-01	-1.46981971823907875407400e-01	-7.07634126670475538389837e-01	 5.64531232880010280794636e-01	 3.29518964472021447242867e-01
-4.37764745532164101238237e-01	 1.78205207588494451975691e-01	-2.11865399591742054052901e-01	 7.62837118460019780741277e-01	 2.11571391645484524479670e-01	 3.24091130625537959808469e-01
-7.51059179336319160391611e-02	-6.30861760036408175666978e-02	 4.09831606722343089188598e-01	 8.23439453233986151658996e-01	 1.04258790405968762571298e-01	 3.65369485727482956605172e-01
 5.39510706202926293428845e-01	 2.13721810589270200253509e-01	 4.27824438632269876681136e-01	 6.32817803021452740530606e-01	 1.77728261732681330764549e-01	 2.19480587844183588908109e-01
-3.76316030125312006582305e-01	 8.63075084457461949583035e-02	 4.89242447866770069353493e-02	 6.26591162093737996663378e-01	 6.72652317017555012590435e-01	 5.88732004022184882141566e-02
-6.07634406501680990331238e-01	-3.16169139050549941050150e-01	 1.66638777676189453469391e-01	 6.43042439795405873503853e-01	 8.11559739184481154783413e-02	 2.88026300606888274735695e-01
-3.08750091357565537020236e-01	-4.90084140142991064870159e-01	 3.12244795798662544417112e-01	 5.95999324183520418074522e-01	 4.58472345275172832312904e-01	-3.97745943325822082226040e-02
 2.89881763321818419765208e-01	-2.15910048154316996926738e-01	 1.28178393988208100262582e-01	 6.93904864703342560972033e-01	 5.92256958867937610691001e-01	 1.43699154929928019086560e-01
-4.68460655115150517713296e-02	 5.70331417268566398526275e-01	-2.79944097192427243658841e-01	 5.60282593615536117503950e-01	 4.87573787806251324195017e-01	 2.06189329998787446163178e-01
-8.58688319158267598929513e-01	 4.88364891216442054133751e-02	-2.46855461935323733380088e-01	 2.62403522742652217658588e-01	 2.96926587712116774042670e-01	 2.05695749946380068706731e-01
-5.23825909927524202558402e-01	-3.19143601345063365748445e-01	-3.85802180879956269077269e-01	 6.15841448833229665460465e-01	 3.08878390804188773799410e-01	-1.56174463526356603615408e-02
 9.95848379270793115924931e-02	-1.98026393993192634246370e-01	-1.84858305566511893491821e-01	 7.76532187359750492028354e-01	 5.50066997140783928155194e-02	 5.57375850913021886334775e-01
 4.71885500933624135733169e-01	 2.74337362914319593532042e-01	-1.63945081481926491218104e-01	 6.47291519212538357663789e-01	 1.63272988830337667520709e-01	 4.79104076218995256208899e-01
 1.42304302011029542435194e-02	-9.26287389777346592545371e-02	-4.69202955773587782051237e-01	 6.69701285822890124421747e-01	 5.42499717263579039894239e-01	 1.68107829684162879413378e-01
 1.72969223582812525741303e-01	 5.88501161183749357808104e-02	 8.15413292633822006649780e-01	 3.45061004000531246216354e-01	 3.02972844117553985476832e-01	 3.01429648454739074203701e-01
 7.25635818001163945822896e-01	-8.62871147323033549358939e-02	 5.99271655878246933824016e-01	 1.06557977455400035293742e-01	 6.19616610201114761946606e-02	 3.02798325507495802444424e-01
 1.74635515828350268430214e-01	 6.57913292619063505561883e-01	 5.95915121038655626328762e-01	 7.33116789218626885293872e-02	 1.30912839373770351070192e-01	 3.98779300797757307872615e-01
-1.79793551561521075532468e-01	 3.22475767362001897176071e-01	 4.77949544155304828496611e-01	-2.09688747938616866506312e-02	 6.48636054700221120761228e-01	 4.62687223030558758551933e-01
-4.27299179134398354751312e-01	-9.47505484489915921451908e-04	 6.36937371397836904485246e-01	 4.17740893994685336121364e-01	 4.37722024205267845609058e-01	 2.13582006899936061028455e-01
 2.98305281072312744594655e-01	-7.44308299361020941908862e-01	 4.78430081468947554501625e-01	 2.04616116367949199550402e-02	 2.92155973982630323693144e-01	-2.05791110711262603683025e-01
 2.62461008150530583638016e-01	-5.37623547101157006622429e-01	 6.60059165463495856052134e-01	 1.27788838099247320512220e-01	 9.51766400180231175731649e-02	 4.25450888990414999302203e-01
 9.39953347512335279922979e-01	-9.01409474607284683100872e-02	 1.24596178073602723013202e-01	-1.88789296272293044554047e-01	 2.34386501420956572250276e-01	 4.75360501655812117682842e-02
 8.54507616819414672626465e-01	 3.75702398891051725371426e-01	-1.88783386982750295279843e-01	 1.46462524867805504724672e-01	 1.37073873205154822541019e-01	 2.29749331137914875045070e-01
 4.39337493508464571601024e-01	 7.23529289428798905170481e-01	 9.38734955140477639323748e-02	 2.59299409479266274036746e-01	 3.04028027643791887157931e-01	 3.39126046813070847196769e-01
-5.35392516468435442078544e-01	 6.87626278245910826925069e-01	 9.71949174493141609953994e-02	 3.57723135833231786762099e-01	 3.03819748356369156994106e-01	-1.03951052883585595698612e-01
-9.40894039094013479029854e-01	 2.01779797424503526404038e-01	 1.25786131593283945218076e-01	-2.38942262927380161263713e-01	-3.01798706898832938549937e-02	-1.33018810610124934429299e-02
-8.90801046224791504002383e-01	-3.35036634633025187657296e-01	-2.07868301216927647834254e-01	 1.71222976718797714745790e-01	-1.28963020211892931410347e-01	-7.11754909302590443864744e-02
-2.59101271161443436064076e-01	-7.66357971029243523197749e-01	 3.64579467993084438415252e-01	 1.71409664171469994231600e-01	 2.66948404735055710990110e-01	 3.34665623090238673054131e-01
-1.02362105169837971918589e-01	-7.62532402159008637632098e-01	-1.01708087405508670886256e-01	 4.73365780560493498718699e-01	 9.76136939483126381267297e-03	 4.16594951362852017329175e-01
 3.06491620617697246853339e-01	-6.81118320529128129514618e-01	 1.25473500619294991986763e-01	 1.62634087571069035904614e-01	 5.41234257260198692307540e-01	 3.27128037473072952323605e-01
 4.11551255473945554186344e-01	-5.89159803024258743597841e-01	-3.05414452200119701519299e-01	 5.21209396108872513586618e-01	 2.74265715945494481520228e-01	 2.08224363296581060911450e-01
 5.06429956923731827700408e-01	 2.01075424318296613890311e-01	-6.00340508250125526323870e-01	 4.39339928556116088298467e-01	 3.58469996715142236176632e-01	 1.45493419956979508356198e-01
-2.96555221982195138519245e-01	 7.06045833503173292378108e-01	-5.58642934654868361654678e-01	 2.18547657993761260120102e-02	 2.90172561066517786798613e-01	 1.29594007901790403414211e-01
-4.17782104233961337769188e-01	-1.87604742099449467440664e-01	-4.58457841779712937935187e-01	 1.69104485466569892659905e-01	 7.30022041690126743951339e-01	 1.36200121424307291073674e-01
-4.00213966732407666615501e-01	-3.78576138659373728767576e-01	-4.80629250302406330064287e-01	 3.88095740993905646831763e-01	 1.70962395557277324620316e-01	 5.34469799849837667871100e-01
 4.73975089251906858689445e-02	-4.51023179886124059301267e-01	-6.69662855963190861707801e-01	 1.50864991276053461710660e-01	 4.67736916412588132896389e-01	 3.23025011614330004316997e-01
 1.65164634446823055391462e-01	-1.65391072234900238235866e-01	-7.55825386679026101077739e-01	 3.80356599624255997671440e-01	 2.10695382718073843941742e-02	 4.78517871436192510081753e-01
-4.04886104791123746515780e-01	 1.11427662092705742624688e-01	-7.77167609020658844976026e-01	 3.61396164157701205166262e-01	 2.00385935429294309573223e-01	 2.21133252069796532035539e-01
 3.39325140427212401661450e-01	 2.79334634984277685454401e-01	 8.46249741594669591115974e-01	-2.55820229349074279578957e-01	 2.21155968230831792564750e-02	 1.57349598843320143126689e-01
 6.76924796951291929403283e-01	 2.79570157491870752153318e-01	 2.46626838560040390069261e-01	-2.06280439105943874666949e-01	 3.11894923518686410790490e-02	 5.99386473674034747638473e-01
 4.41829136402629218949301e-01	 6.24539217141412583700344e-01	 3.82661523639903300431087e-01	-4.06140438358407185326371e-01	-2.08440103054409353600107e-01	 2.44766432691237934005102e-01
-4.03210848560496992742941e-01	 7.38414459067766149047429e-01	 3.81943063737141486058135e-01	-9.53730204301320161341948e-03	 2.18550414192934999713103e-01	 3.13734522537296001143403e-01
-7.35951756072672047537253e-01	 2.52550878775855636160230e-01	 3.54715781180450218101896e-01	-9.51813905907485657831302e-02	 4.25118017184396290719661e-01	 2.81042621847745421881370e-01
-8.03226663131318130428582e-02	-4.19722461798047119518884e-01	 7.21740652668628857036026e-01	 1.93098814335907975614504e-01	 5.04182379669024682833367e-01	-7.06026242950223009708921e-02
 1.39084819315795887861853e-01	-4.98194830168796121139252e-01	 5.13744110029663914041009e-01	-3.54163402630704282625373e-01	 5.08766653026297088757701e-01	 2.90256939011398096273098e-01
 5.69827792160848667357698e-01	-1.64059193519543761174972e-01	 1.00090382083501155952021e-01	-1.74785547052972972670304e-01	 7.78077695381483969150338e-01	 4.90703190168971029039291e-02
 6.75630831377190710362868e-01	 1.28898856358259927823440e-01	-1.79893619244836266979348e-01	-4.63191505169619044401941e-01	 3.56045907369221759086741e-01	 3.91447687004819522282872e-01
 5.15024204991768708161715e-01	 7.26183573735215359690187e-01	-1.75086061675031101625422e-01	-3.05002845938298683403644e-01	 9.87746098602007432942784e-02	 2.71972787119186820703476e-01
-7.96078743757193743602052e-03	 9.31502267692971064327878e-01	-4.03409045633531387897719e-02	-1.75370423968528477143280e-01	 2.56830106866790530695255e-01	 1.84109405433640543892082e-01
-6.77663940351458382593819e-01	 5.93334012946951649958294e-01	-1.68446064235952208676395e-01	-1.88444977314967537784796e-01	 1.40494826634043806778962e-01	 3.24194310074761626871975e-01
-8.26334712775426472042284e-01	-1.17721804525519557760305e-01	-9.06209688680725405918182e-02	-2.67033318202083813641678e-01	 1.92243397797360437984082e-01	 4.32245349513828036602803e-01
-4.90155526839056887578039e-01	-5.61304589716686619382813e-01	 4.44127685199034227814252e-01	-2.51351808373673935026460e-01	 4.27471143163159206235235e-01	 3.90641331904586636136756e-02
-1.34249417521930369812111e-01	-8.21042090700045301687737e-01	-1.76951434149710089271945e-02	-3.31405515357094226924772e-01	 3.75571945758380654201147e-01	 2.38054529559105637614991e-01
 3.30969100214620948197108e-01	-6.91207691675028157440863e-01	-3.10708080022203680936599e-01	-1.53137597707667355573236e-01	 2.27882327671812573433030e-01	 4.90683596204846528276988e-01
 7.06751509007166878184591e-01	-6.70041452201406428912378e-01	 5.93046104766292644927539e-02	-1.06785858701387653679760e-01	 1.28547993243936564677909e-01	 1.41781218214905579966256e-01
 5.28040037673764950376665e-01	 2.04486823534420297798775e-01	-6.91691648820424442867250e-01	-1.40676203382003400799150e-01	 2.72070608938603297755066e-01	 3.27275587418581259679939e-01
 3.40507653845012414617344e-01	 6.86140076186420033721447e-01	-4.49813708755317842591381e-01	 6.06836559615792359156927e-02	 4.55088372932817564198160e-01	 1.20841905042431904671041e-02
-6.66754612562252990670686e-01	 1.86186164864240583094457e-01	-5.58617806476609524146681e-01	-2.09510546172855610658203e-01	 4.02024207151197687792887e-01	 5.65774940605360335266205e-02
-1.45245227656436770580228e-01	-6.99651132395747998860003e-02	-8.65238874869355578667296e-01	-2.68929949168560056271815e-01	 3.06994863265693029852343e-01	 2.42489654533733806074380e-01
-2.88778056888260803436452e-01	-8.05948513953286149735789e-01	-4.84383130959020247185975e-01	-2.37442217600604549287979e-02	 9.09322256572531045781815e-02	 1.53605831362921552152301e-01
 7.41428173385942218542866e-02	-5.29895011491791079194513e-01	-5.88959894398424776973400e-01	-5.11986671379426216965669e-01	 2.82628042137359036800603e-01	 1.57579822156345306094494e-01
 6.42498707291759063586767e-01	-3.71921239288759863939049e-01	-4.22068238450856281218648e-01	-5.18959908225370830647805e-02	 4.95192445517905477370135e-01	 1.51061752352692452161520e-01
 1.32955463040084209680458e-01	 4.69417636697723017480399e-01	-6.83543535804768453978397e-01	-4.47589382134418067860082e-01	 2.99185951666473382015710e-01	 6.99261981691627482193852e-02
-1.69059852935891263836510e-01	 1.42329303004733564996798e-01	 5.15437092483362002681702e-01	-6.47147676103987934403960e-01	 4.24502959809776814203985e-01	 2.94079686054182498633480e-01
 2.09709951470554628594201e-01	 8.80956231134649575542639e-02	 5.31737693222658180935980e-01	-6.00674337519776946336947e-01	-3.17114890059205178918234e-01	 4.51823427675712430140464e-01
-2.33946471245871950861428e-01	 6.39629795474454088122229e-01	 6.50631548894640421298874e-02	-6.41232298285219770583865e-01	 1.17999514936271920895194e-01	 3.26813116810512560572732e-01
-6.12340946659718832201236e-01	-1.17413746586950435563113e-02	 4.84863482528518630054748e-01	-4.92866862175891040642739e-01	-1.73323812024052115177142e-02	 3.82870674257073606572277e-01
-7.07576665226698903188307e-02	-3.75925675673888126659961e-01	 5.48751671277505348456316e-01	-6.66752871207468622571923e-01	 1.42862741895503457534300e-02	 3.28300705716451424187596e-01
 1.43856907645317555477504e-01	-2.93662116508198942077534e-02	 2.31733315567522552003155e-01	-6.34520810474356600217050e-01	 2.04772289915173349994504e-01	 6.92960414850625427973796e-01
 3.35369699614254113129164e-01	 3.78885458825424292772510e-01	 1.47778799745328676129574e-01	-8.09331423017853990309334e-01	 1.35814996480893374064536e-01	 2.20615807375431072223648e-01
-6.03849253387371831536257e-01	 1.55188337057970360266523e-01	-2.94762452331353876078257e-02	-7.15658714242180526987624e-01	 2.71207129059236162760271e-01	 1.57140408769759931661980e-01
-5.06414915655456043808158e-01	-4.11788091429456548642207e-01	-4.50539215298381923169302e-01	-3.72711297865660207140337e-01	 4.17190036631351679474733e-01	 2.40889348489525367824626e-01
 3.50748638116652744489699e-01	-4.39221017296328841705844e-01	-2.13505228358477003314242e-02	-6.02846369466433773531833e-01	 4.54380913056851798437208e-01	 3.37222013916483709383698e-01
 1.88074287104722459584849e-01	-4.45856163083013096182228e-02	-4.95443061112715743554702e-01	-7.21727983925855576252673e-01	 1.52755484257548701521046e-01	 4.15873583906555821521067e-01
-3.40585992766190837066631e-01	 3.19875156707343843986990e-01	-5.28335102329101746754247e-01	-5.30249811485292932289326e-01	 1.71337907548513357358644e-01	 4.38202629107273644581966e-01
 1.71438413403202719043072e-02	-1.92988774499076753965454e-01	 3.58619332118700062661532e-02	-9.55722835467629816541546e-01	 1.31508061102337259207218e-01	 1.74570429908869811930217e-01
 6.56355034886970667429296e-02	 9.02138131694674993976690e-02	-7.23304016297294238846405e-02	 9.22602148733672855485111e-01	-3.46481671602728413805750e-01	 1.05249646035892735485007e-01
 3.49809318229326149385372e-01	-1.67054997327632293036004e-01	 6.77071172265167442461120e-01	 5.24612889583364938594912e-01	-2.21208821567763003201890e-01	 2.59130603709528395395267e-01
 3.34720612893926794395583e-01	 2.60935331717229157533211e-01	 3.37820553975019255421586e-01	 5.12974487701865933253487e-01	-6.52123705602374204026717e-01	 1.31696563493438029146532e-01
-1.39397977696784271944841e-02	 5.18066431845523256427555e-01	 1.13924927363713304750981e-01	 7.35491190470467959272582e-01	-2.39622374526192900845434e-02	 4.20609658798700269954907e-01
-4.40936499889877930868920e-01	 1.22309327929421216007988e-01	 2.63322987208252978774681e-01	 7.20879832414584864608287e-01	-3.81839416240509932354286e-01	 2.36235821155610870025754e-01
 1.88436380188620911102504e-01	-6.00169115414065923452824e-01	 4.11659605744362389057045e-01	 6.20173583479689094488663e-01	 1.58124509504837612583472e-01	 1.58765545288387488476189e-01
 5.47808122154665455560973e-01	-2.33944131269377408877119e-01	 8.00279745446678958398223e-02	 7.37646255046062959692676e-01	-1.87285829386492685966203e-01	 2.44077751062659858982684e-01
 1.38543787692351257762047e-02	 3.44140695397245233166927e-01	-5.86321760727945839875019e-01	 6.52908509625745314686185e-01	-2.30339685613595301916234e-02	 3.32839218253953794679489e-01
-4.02909838161464195493977e-01	 3.89641815344234199169904e-01	-2.84366503299942230409414e-01	 5.91258275499088825633009e-01	-4.19735905879525417194742e-01	 2.81449872656311661511808e-01
-1.19644338786318665812658e-01	-4.66666202045344535864757e-01	 1.80056693580407711774427e-01	 7.05508527125700557469656e-01	-4.04680293761997988966073e-01	 2.71990906383792585554460e-01
 2.64110272448544458612218e-01	-3.42157089993825824780771e-01	-3.55086029841065686785129e-01	 5.65703971208495137723560e-01	-4.47470662408888331107448e-01	 4.08457126768662470706062e-01
 3.89586104929073917535476e-01	-1.51590508814895053024685e-01	-4.73111903034592051753293e-01	 7.75367555053190771197080e-01	-9.81441312910214663789432e-03	 1.08140443955780235496533e-02
-3.53271528175052196285577e-01	-2.28945843626751716071155e-01	-3.29566988704669328047459e-01	 7.44060145902433300868495e-01	-2.69456206743746873311096e-01	 2.96540857134317270560331e-01
-8.76738303881403613360135e-02	 2.97929595722724760431532e-01	 7.11726684158799138835150e-01	 4.75392550084719700542735e-01	-2.44071608160286501743030e-01	 3.33807363501594178689658e-01
 3.27863702521064781514326e-01	 3.72768118170375861719634e-01	 7.86290233519221004598876e-01	 3.38007182242388071191641e-01	-2.23323432072220703914489e-02	-1.43350627890569098932261e-01
 3.33259299077355797269462e-01	 7.02075287594836283666666e-01	 3.39555744695246353170859e-01	 4.64244047154686034772908e-01	-1.97057905057943155702205e-01	 1.62407121479221233650847e-01
-1.97617738516453061992095e-01	 7.73176869217536033573879e-01	 5.37603385380482468036689e-01	 2.19862731848154691061126e-01	-1.39443377870915263816443e-01	-7.96447228024040471128231e-02
-5.84622558408148362829593e-01	 3.73783064110876528385319e-01	 2.92701199437711889750346e-01	 5.22190661297367131332692e-01	 1.27316528011163193623290e-01	 3.79389124753097439768368e-01
-2.95298165078030194763414e-01	-3.78575272209023760972002e-01	 7.09898478296400625708884e-01	 4.48280916796676309754588e-01	-5.93257488148896255930609e-02	 2.47080113828188757674198e-01
 2.79652597137903191626407e-01	-5.37393478184392869856367e-01	 6.72994625194486606467592e-01	 2.44480410812823206745392e-01	-3.05677332210889052266367e-01	-1.63925612030169726152096e-01
 9.07208940509743100300000e-01	 3.26977179645677974370588e-03	 1.84665948221552217445307e-01	 2.00899781781811975767127e-01	-3.20152863716946123329166e-01	-1.07515249263227287424005e-03
 7.09435071201923839190329e-01	 1.17550615429071608764033e-01	 9.12590304229999177421107e-02	 3.39831345054949218731366e-01	-2.39496032771246730730397e-01	 5.49283013693487309758723e-01
 6.47682079748405747920970e-01	 5.68952855960052961137308e-01	-2.54596975685035774306098e-02	 1.53883610257769642970516e-01	-4.65112943587036586912120e-01	 1.27051797583648012901492e-01
-2.14300136950894226650632e-01	 8.60433874568398371351918e-01	-1.32989363485847472690082e-01	 3.21956717632132238815501e-01	-6.35900435693479287868612e-02	 2.97225514261584111697090e-01
-6.90817407506828851104785e-01	 5.95156155090454608291850e-01	 1.64657250613672784256281e-01	 2.26130690074403617462195e-01	-2.66723886800869780522305e-01	 1.38462014936038685375408e-01
-7.24112234949775723791277e-01	-1.40208648339718244812957e-01	-1.40232046556671846593289e-01	 3.20204566713544136469238e-01	-2.19180549988613027068141e-01	 5.34571698846654452808025e-01
-7.43589189781473702822723e-01	-2.60104995356903012648786e-01	 4.33103358785608349990071e-01	 1.11544518831214023446563e-01	 8.91939908356367133768217e-02	 4.14058258167455173204274e-01
-1.39125513041930798374679e-01	-8.19608608669362359577804e-01	 3.52980955193175849338161e-01	 3.69867883931073393455335e-01	-1.75814887374946271503262e-01	-1.28752239982416832875245e-01
 4.56089545809947649601668e-01	-6.57186556135850419302358e-01	 7.03819999546635710618858e-02	 2.86508859598142706648360e-01	-1.63310173317897794342812e-01	 4.96363769207834315544403e-01
 7.42855736572054392574671e-01	-3.97606770497631101246583e-01	-3.20372575134019899056881e-01	 2.30793685961714650778376e-01	-3.53102249868692041889773e-01	 9.74099556323932691537237e-02
 5.94546702624687228855294e-01	 1.83314349395829662148216e-01	-5.67625520054673038394810e-01	 3.73451026774162586630013e-01	-3.06302790830042914738129e-01	 2.39633611201367308085608e-01
 1.67683414535230751463146e-01	 6.44446472142662152293724e-01	-5.17187329423620001378481e-01	 1.51084131277323285846848e-01	 7.01849786083352245036338e-02	 5.11210267277830587850929e-01
-8.41072060030495616267388e-01	 2.33129418588810866097560e-01	-3.24311500929474749721493e-01	 6.89865970874526529543758e-02	-3.28268930376247047853155e-01	 1.43355757335730082946412e-01
-5.39201323167360357935252e-01	-7.56742858109089172602424e-02	-6.76567096503288056830172e-01	 3.95833017734341263693665e-01	-2.97146714149934099147288e-01	-2.85017864687350484798056e-02
-2.90329443149557608894185e-01	-5.82467626859673015538021e-01	-4.46605116932808798857479e-01	 2.66737349090896969094899e-01	-4.79622317492002292471653e-01	 2.75313942243982423541127e-01
 2.71567993680576491577483e-01	-7.29343494003365178102172e-01	-5.24041216498498219067415e-01	 1.35334142171880056348954e-01	-1.98423428697073411797192e-01	 2.49003029862575664399316e-01
 7.50359803556954405023838e-03	 5.96419267353611934345814e-02	-6.76109577881553347467047e-01	 5.41132864180855599478548e-01	-4.91893662119313790359598e-01	 6.69195319687483497483882e-02
 1.33159798202829166013927e-01	 2.88513930157684339583568e-01	-9.34974263220585188882694e-01	 9.36714992088935605174527e-02	-4.96276558653043348146028e-02	 1.16679275674584859157079e-01
 3.39621238214536103061647e-01	-3.13665063723868930978256e-01	 8.46652795197244234515210e-01	-2.08088271311771016991443e-01	 1.61389448367232596348586e-01	 1.01687774889068389960745e-02
 4.65526228194779734259612e-01	 3.80085526086011218915850e-02	 7.31844912689110116410518e-01	 7.07042997643463483337101e-02	-4.86203251149954107646067e-01	-6.96491574138423663598019e-02
-5.78376126489168682076603e-02	 4.03513366484933411193481e-01	 7.48306959237297397713462e-01	-1.03364257858961763880679e-01	-4.60632506716911804822701e-01	 2.25836206886893597900468e-01
-5.98443292680104432790245e-01	 3.15210946514024092923734e-01	 6.68190578528302436822628e-01	-2.40357602406070800307725e-03	-1.97884466326681940362420e-01	 2.38463825807692403335736e-01
-2.69473259054201774720383e-01	-1.88016088194167235725374e-01	 8.37485710197467203563804e-01	-1.43277017657781585713295e-01	 2.39009550495676653669719e-01	 3.36151646482448440700352e-01
-3.59745678089114728770426e-01	-5.98494334951121143006958e-01	 5.05549576281444035252832e-01	-2.17647147665898099688775e-01	-2.00919261268366372563676e-01	 4.11179247547275250607157e-01
 2.10803487591536609091492e-01	-8.29153190527014083421875e-01	 3.88049513634150577967574e-01	-2.70610347002525397641648e-01	-8.56825585443614229363973e-02	 1.92127537023931149740008e-01
 5.40323423528173862884216e-01	-3.95671497058507626309876e-01	 4.04657964549851034696815e-01	-4.13157683393853836228971e-01	-1.89737908129776131072042e-02	 4.65496852882438139076271e-01
 8.20036653389439318395659e-01	 3.66318452704477770520697e-01	-2.13028011645701870202529e-02	-3.75159992540317732689914e-01	-2.26731639625890907252526e-01	 2.72875898219816261092152e-02
 3.34756440834624524605090e-01	 6.85274347670507877339219e-01	-6.84955815401422449945068e-03	 6.22195880685044305780096e-02	-2.45187602714954933080804e-01	 5.95232760886922451781800e-01
-1.10014238411247480819988e-01	 8.30203748072035452310047e-01	 2.68157791735311623604332e-01	-1.90082670302737344325550e-01	-3.14657979811838739436780e-01	 3.02669682916694215979447e-01
-6.47627625899295789047017e-01	 3.57923787613248112204900e-01	-4.13589352113112262987471e-01	-4.87246361285986806510806e-01	-2.09459101329845770456117e-01	 1.14340078250615446303629e-02
-6.74819174169259072826321e-01	 3.05499974920343331588612e-03	 4.38143995876965952618320e-01	-3.93029604345280503263638e-01	-3.70642203753980603586626e-01	-2.46559678235517387712150e-01
-5.96464556524022304628829e-01	-6.04625849020062111627283e-01	-2.83168730172781657472569e-01	-2.72399110590466786430142e-01	-3.25721405160807775391874e-01	 1.34823501398296130560084e-01
-8.55471105178506469046695e-02	-8.44780830986827324657895e-01	-5.77822272907965520105655e-02	-1.10677716891536159771192e-01	-2.78238877975549858678761e-01	 4.31302473277340558954762e-01
 4.79513797974245259414516e-01	-6.21767987319622905673100e-01	-1.09181252453219232445569e-01	-3.65348406773892631083100e-01	-4.05294475779911178570103e-01	 2.71675304692258867689247e-01
 8.38098023585975848703811e-01	-1.90934178594309389431771e-01	-9.51065199584026077506138e-02	-1.69611819656073581352729e-01	-1.81853195025973163323485e-01	 4.36178676987998170666572e-01
 4.84599062107395117671160e-01	 3.00407625222250229679588e-01	-4.71037725760945824582393e-01	-6.50073254013991408406525e-01	-1.18505332393473536423123e-01	 1.28077005090258405628489e-01
-5.91369307995946932865472e-02	 7.40207889426645282426875e-01	-4.88983322567622613608052e-01	-3.60168684034176456165710e-01	-1.76640446725761318669257e-01	 2.20379413100444954132229e-01
-4.13502587666534138222119e-01	 3.63004787174808885019672e-01	-7.66312851345581580453370e-01	-4.02242778117827964878828e-02	-2.07418428967869467038909e-01	 2.55670395515159465382737e-01
-6.70341248864134597873488e-01	-2.60335725096529191358030e-01	-6.29778632511322156162237e-01	-4.72287463476999958000846e-02	-4.21191458120733566716787e-02	 2.86779039360257170798718e-01
-4.33720367700736630922620e-01	-1.34616242656808465794072e-01	-5.90174968704411440079127e-01	-1.37101338629954078163209e-01	-6.10648009468706454150322e-01	 2.31885419220418997898747e-01
 2.67345251465759096987096e-02	-5.06071832513565689204427e-01	-5.39453383167739941583818e-01	-3.97330976261476565003505e-01	-5.06920795357623021892834e-01	 1.93199418807420364441185e-01
 8.36316701918249139069417e-01	 5.54626968808529484389336e-03	-5.17028950216413818452565e-01	-1.73783271999981003830271e-01	-4.72995268777930966130896e-02	-2.80500758173680628249080e-02
 4.43134825405985199875403e-01	-2.81203456004514962263130e-01	-6.96309473768613296229546e-01	-2.77996638913837135209661e-01	-8.86361875920405467565999e-02	 3.93154873536319005022932e-01
 2.23367756266380501628532e-01	-3.73807540960543971397811e-01	 7.26393339891593048385232e-01	-3.28059127173464415427873e-01	-4.02404515027504183777296e-01	 1.14783704881636583472471e-01
 7.20382811966456926278113e-01	 3.50684354167330042395534e-02	 4.72203032340355710605451e-01	-4.41204848792045911665127e-01	-2.36877801698026080323700e-01	 7.79120900399585814000147e-02
-1.74757240254377999022495e-01	 4.34810111510998076322920e-01	 5.95259197744967383236769e-01	-4.11098875115267659019480e-01	-7.43429375313407747594141e-03	 5.06960558191501653446664e-01
-1.98112617417919883999744e-01	 1.92698529885529462601923e-01	 3.37878110144628929223387e-01	-8.57053946693050905381028e-01	-2.65624237519479944324985e-01	 6.60253510776787067015903e-02
-1.69866413636697244360363e-01	-6.42332455048650552420497e-01	 1.03078214835675516236613e-01	-6.47250139749661945742787e-01	-3.52748106135684580397793e-01	 6.75672298337078175434200e-02
 3.93577652790956633577224e-01	-4.43656006323487728248978e-01	 2.74533774312118228344559e-01	-7.26970212400348980708031e-01	-2.05649678448902389904518e-01	-4.60402658012778256968467e-02
 1.37806006931510544033515e-01	 5.07505396810228881498972e-01	-9.19789741348076873850292e-03	-6.15469079864457868644934e-01	-3.81747324183972058797565e-01	 4.45903540639038697968033e-01
-1.16918354181341277442385e-01	 3.04231064365390435622061e-01	-3.09034932257603867089557e-01	-8.84015490334459697052694e-01	-1.14141344213630258064285e-01	 6.13134158646931187730544e-02
-3.61241442618332131431202e-01	-2.51038252941664596917803e-01	-5.06583189372818654128139e-01	-6.69736260433266727964963e-01	-1.49118827825005795251201e-01	 2.81202426356612356084241e-01
 8.95643027104053718323584e-02	-5.39906326474278830396258e-01	-1.55955695751291478767797e-01	-6.27280151911859040758657e-01	-9.39870614740688781196809e-02	 5.23300352157997084034946e-01
 5.18407305094745085582986e-01	-7.37125238512356117936974e-02	-2.51448904823112044659705e-02	-7.20642517899668488823295e-01	-1.95979170422524273664777e-01	 4.09212158287413196866567e-01
 4.17567957685575155690749e-02	 1.28455563338445294396806e-01	-7.64472708536011458235748e-01	-4.68616280599411627605377e-01	-3.48612041682089701666314e-01	 2.37076869621602570603613e-01
-2.90901459400882744787964e-01	 8.00590388488681969914040e-02	 3.20674757813601690736860e-02	-7.29407958135704692637091e-01	-1.54048134895414939871117e-01	 5.93440621256743683353818e-01
-6.80729057444813545618700e-02	-2.97184330881064655283108e-02	-1.01919378941529900628460e-01	 4.88180682935629772778441e-01	-8.02165269332836383675556e-01	 3.19852834783660333606292e-01
 1.54439981309198004488792e-01	-5.40785822404179494782284e-02	 4.55387277518202127080116e-01	 4.69742091326344202162346e-02	-7.83499323119880242138890e-01	 3.86999303536445737883298e-01
 2.90819017701082149773839e-01	 6.24163982916522752653066e-01	 4.62206433385568604688132e-01	-2.95634449054649230126390e-02	-5.49672761633776540968199e-01	-9.58889574110154963015873e-02
 9.94605220349706192761730e-02	 5.17956354231466686854901e-01	 7.68680231968354304994406e-02	 4.64654871230618868316320e-02	-7.79724154971990657259084e-01	 3.25255787553767328201815e-01
-3.99919902035260621531165e-01	 2.89599880876263093831824e-01	 3.82996258081540807971521e-01	 2.09443659241847379703927e-01	-7.33663431524277598327899e-01	 1.65472565990578274197631e-01
-3.38415016861809636594671e-01	-3.22155892678943678308912e-01	 2.02307556380904252080200e-01	 4.16255366617673816520551e-02	-8.07371834581049885315451e-01	 2.95263518282722181584887e-01
 6.27369608174208059914179e-01	-3.62763762996400507265804e-01	 3.74415640762436496835619e-01	 1.06697044129809362478234e-02	-4.84590055988419754484653e-01	 3.15723597460446259166389e-01
 5.00944382218531658601535e-02	 4.36143405304201148275922e-01	-5.29113709045099578354154e-01	 5.35386311790210095429288e-02	-5.42830159636252140842316e-01	 4.79350803619007059808155e-01
-3.99442069317365533454023e-01	 6.97740658311361672261341e-01	-2.14662040339030468771853e-01	-4.48736218699274103105523e-02	-5.35390030814431594485825e-01	 1.37361160452909719653647e-01
-7.72625532654049873571012e-01	-1.33678655607141039229901e-01	 1.00707614042022927658415e-01	-2.18777984391548468989797e-01	-4.64329350409156127454935e-01	 3.34024292072086337324066e-01
 1.72349222668525203783219e-01	-5.55118720400233578438076e-01	-1.11689866174533330989149e-01	 8.36579988122254647464615e-02	-7.54650427130856837898421e-01	 2.70496575887064938381599e-01
 5.52732353901383643979273e-01	-1.39684406455922328210706e-02	-1.31253434106267719005956e-01	 2.04382211640752098347207e-01	-7.27221980495949105183229e-01	 3.26252151410932444974833e-01
-1.43858691084678164129329e-01	-1.87287481945530159821445e-01	-4.30750061545664919560039e-01	 1.89343266032662244091611e-01	-8.41881941337896733124069e-01	-1.18601791898480662945659e-01
-6.13527065826398668169084e-03	-1.20139768042849745532941e-01	 7.83081664854834436084730e-01	-2.85023406161514156198500e-02	-2.91983713352104101712570e-01	 5.35018717871868720870054e-01
 5.06724567495764555147275e-01	 1.59607585038646360153791e-01	 1.25092608500553398309663e-01	-3.10591643287377205950861e-01	-5.79392499844708197542786e-01	 5.19561962653767861475274e-01
-1.62787783283762873577649e-03	 3.45223464784013722717049e-01	 2.66541406542615155750298e-01	-4.56221771660849984009189e-01	-7.69818364731574167336703e-01	 9.49482404218578851518018e-02
-3.29219002331169741104588e-01	-2.04834638943988261994278e-01	 4.32540775911704200584751e-01	-5.16574831094814945764426e-01	-5.83818923606219564170772e-01	 2.34247742113120632767576e-01
 2.98256368623000089890240e-01	-2.79188210718347318284316e-01	 2.34428681509380676395438e-01	-4.38818446999042488521070e-01	-7.63336315395002684702774e-01	 5.38174231082440765461250e-02
 3.27008344755725655073064e-01	 5.16458872961304993332021e-01	-3.14318807510888809098049e-01	-3.45789369118246592282873e-01	-6.29939410045845749053228e-01	 1.05572317017715147646761e-01
-3.05498794643227544742814e-01	 2.78843696860877510168564e-01	-2.85532423310719318809703e-01	-5.28644372373630044847914e-01	-6.11227408182103193468038e-01	 3.07122284237861475908460e-01
-5.91771439581376235139487e-01	 4.72717690984026939204909e-01	 1.96265547475625745654781e-01	-4.60995307738772841510411e-01	-3.49000992996260861467306e-01	 2.31313674327884882808704e-01
-3.26203745495915298224787e-01	-3.56193244893337424006319e-01	-1.40839905266132492389630e-01	-2.99507413496561569754562e-01	-5.28882373102579461665584e-01	 6.14378022461254502673000e-01
 5.15799358974405874889158e-01	-8.69158712271550087935523e-02	-3.98025111689929267377863e-01	-4.22182441061408342264372e-01	-6.06529500503247498421899e-01	 1.47839827358353270714275e-01
 2.19540719159131092474979e-01	-1.43990388515283757042695e-01	-6.76263280497243490785308e-01	 6.24312709265582438389330e-02	-5.94687314294757629618005e-01	 3.40860603069346734805833e-01
 2.39363043362320997153869e-02	-1.44826356469956285533129e-01	-8.04950391394018555102363e-02	-7.75636715859057468414051e-01	-5.54597006723743235490076e-01	 2.50564909005125402430281e-01
 5.14190698284798311523680e-02	-5.74130588079367447373880e-03	-2.09057641340016059361417e-01	-2.03983262707093243593093e-01	-8.96550194497897967593758e-01	 3.28947710956098093859623e-01
 1.19314768588917805014482e-01	 2.52134599148690907721715e-01	 1.52841994214914400629368e-01	-1.80049585001121004168567e-01	 9.22335493356276625576129e-01	-1.25342887110790418558892e-01
 4.34872054814951336521034e-01	 3.13572536603304724556196e-02	 1.70802941386522105782220e-01	 3.38029100216138966850110e-01	 7.22870946930516344863804e-01	-3.79372238426142649458939e-01
 3.42738484719365688047077e-02	 6.15306227597547591989802e-02	 4.15480547440108927137459e-01	 3.29027929499305482607951e-01	 8.44476609417885160091544e-01	 3.18602923410887042821038e-02
 8.14683553037643171101934e-01	 1.81139981755873036295412e-01	 2.62725191626544563039403e-01	 3.02514862609685020178318e-01	 2.69326576499204772829899e-01	-2.65334585374203457686093e-01
-6.35992833276029512212801e-02	 4.20676482304328913652824e-01	 1.19326018253509080757624e-01	 5.50854695637532754126653e-01	 6.17473039112169330699942e-01	-3.46459059670398528130164e-01
-4.38024618709968949215039e-01	 1.26139900159784767996740e-01	-3.30437003483042557316907e-02	 5.90939593415017380695353e-02	 8.63118369863711931699868e-01	-2.06557150522828941729969e-01
-1.33488952655630654930974e-01	-2.75210502794373812474049e-01	 1.42188447459526190463919e-01	 3.26056852742838354508592e-01	 7.79688284967032907424311e-01	-4.14723318785214012383022e-01
 2.91724623532567173267438e-01	-2.59956890192227341174203e-01	 4.54045031807029597636927e-01	-8.92432465750459535946959e-02	 6.44892265717811885572530e-01	-4.66167219906992835731785e-01
 3.69098529877653569464258e-01	 5.94740990356499188429495e-01	-9.90086988956590148547310e-03	 3.98861672356633847891239e-02	 5.82909953580812434381642e-01	-4.10580664531367323100142e-01
-7.63381630703203639676246e-01	 4.37583665261939314117257e-01	-1.07729281559789141775596e-01	-1.14469842341595767765128e-01	 3.54193893545153237756296e-01	-2.74966842846681325251978e-01
-6.86911864738818933595610e-01	-2.94906912782757990587612e-01	-7.44540771753931934773263e-02	 3.06051939702689734801311e-01	 4.78386402890143669353051e-01	-3.36329084380153242594957e-01
 2.63608608618215778385263e-01	-6.11413528458439770041366e-01	 1.00598257885746764084267e-01	 4.81610892375096077966390e-01	 4.81938535261268563569814e-01	-2.86967220717991466916175e-01
 7.23972729421001215399656e-01	 1.56570060743124794822023e-01	-3.10552889091468831139764e-01	 2.41191462567442345410473e-02	 5.70559761231777540224641e-01	-1.69664468459146677847826e-01
 9.57435888623503900118905e-02	 2.45702054535890029862699e-01	-3.78106379433541195389523e-01	 2.90159085070917976967309e-01	 8.08974860210529223003562e-01	-2.21057938826954986089035e-01
 5.03237706828428832395161e-02	 2.89993217142695824950493e-01	 5.19074945143205956910037e-01	-3.88282714020010022437646e-01	 5.33412999513021790498613e-01	-4.56771014167759892288245e-01
 5.22449178356758414665251e-01	 1.14960588885014425297726e-01	 7.71635279354800363016409e-02	-3.83301667753690955553481e-01	 5.43515253148948551675801e-01	-5.15313215516333023025197e-01
-3.67357238791145568335139e-01	 5.51745400051398382501588e-01	 1.33931997177873768345435e-01	-3.73934620665721306753682e-01	 6.33753662192310773804138e-01	 3.48867867140464360531382e-02
-2.19144751830053718943958e-01	-3.47017118556766757109244e-01	 2.50401564520544961389703e-01	-3.40489988097692264368277e-01	 6.30795286833673141124734e-01	-5.04992700712816322550225e-01
 2.04325776242102463697847e-01	-4.24309618740262503577831e-02	 2.44637284579132058270901e-01	-6.67017731282752546206893e-01	 6.65097498183854995978947e-01	-9.66222215395743794230654e-02
 4.15592405341086656989091e-01	 3.64618037207740039451487e-02	-4.16069629030415999437764e-01	-5.69153190895085425715649e-01	 5.72378360066182811927149e-01	-3.58777300371630955555524e-02
 2.26267423374443304995296e-01	 5.88755742502612422484276e-01	-7.99578609382718408227220e-02	-5.12800173898052213949939e-01	 5.72290402728242164620553e-01	-7.27746237306516052800731e-02
-5.08934065989679718100547e-01	 1.98455036824472970391486e-02	-3.85304083383986306632352e-01	-1.33589880421993378867285e-01	 5.37337324998369725292946e-01	-5.34373819342660816289481e-01
-1.38750624704968489320223e-01	-3.89717738798728119409276e-01	-4.64066967747025216350920e-01	 2.60532047417667333988334e-01	 6.14034350415431307013137e-01	-4.10603295692967329433287e-01
 1.66810084907549310839769e-01	-1.69303009160009287903392e-01	-2.00584514462483570751417e-01	-1.66748854447797911770834e-01	 8.16766287256942780103941e-01	-4.56469485027431343127091e-01
 2.28061487725662204173460e-01	-9.38254658830975224459436e-02	-7.46717172340846224720678e-01	-5.13292441550088282542497e-02	 6.03636902938450070621457e-01	-1.20772523385164171072503e-01
-2.71973132644031223570380e-01	 9.06849575305676003367239e-02	-9.08263516297270895316629e-02	-5.70766254710237674885320e-01	 6.91136678497604961535217e-01	-3.25750520439263557825882e-01
 1.61551244286614437140059e-01	 1.89153630236064934644347e-01	-2.26694809409486303097836e-02	 9.31577768806447714666774e-01	 2.62608607826961382158970e-01	 2.84213657767983240987064e-02
-4.00159100215476126738423e-01	 3.16897975381439378494974e-02	 2.68882108521412643842297e-01	 8.29570460637258033642638e-01	 1.90705274412645009451950e-01	-2.04976125714915524689275e-01
 3.80228763384935497526840e-01	 4.61249650419456869165913e-01	 2.69585238148684847026004e-01	 6.46725176383192157381075e-01	 1.93391858486477857814734e-01	-3.38149053167806246111837e-01
-2.30727043926589964195628e-01	 5.59964983878086353108472e-01	-5.63331554077080576270475e-02	 7.76721517916380221890904e-01	 4.96484619777711397303754e-02	-1.55786833403979169121456e-01
-8.35825717525887634806736e-01	 1.31362038418145310458840e-01	 2.51210873149922742086915e-01	 3.59444554058129195350801e-01	 2.80781103867002723717405e-01	-1.13991518392373050727606e-01
-2.53491356736674999794445e-01	-4.63554004212094028503088e-01	 9.29982091915774883306156e-02	 6.19887719066622655539334e-01	 1.46851739320026708490730e-01	-5.53520489896224487935683e-01
 1.11795518347191272234831e-01	-1.75897907973629821776207e-02	 5.49756500587823215830952e-01	 7.03331626108303131772459e-01	 3.95537985783539880468851e-01	-1.83941504062484884052253e-01
 3.76183219465164864203643e-01	 7.02639384986195825177901e-01	-3.28249882066112719236628e-01	 5.02003980311475195286164e-01	-3.64194065672011207945857e-02	 6.08418076601642057732455e-02
-4.68104523210876255490120e-01	 2.50130633375446886912385e-01	-4.64639355082594518453476e-01	 4.32480874529958536633956e-01	 5.16503262226128190270913e-01	-2.20471686573846942236443e-01
-6.07184274864556658424242e-02	-8.19282076607945886070894e-02	-1.92705457378601840989774e-01	 7.35298783043629056166424e-01	 4.87968974409017874904748e-01	-4.16758476480485307025248e-01
-5.08382236313014712614233e-02	-4.29683569189972913715536e-01	-9.68500878000151527169592e-02	 8.85073062555480793989204e-01	 1.38393637052144025112455e-01	-3.00073497905168247446017e-02
 8.08873308927413381397287e-01	-1.61402840835177086020735e-01	-1.14283038755128470154165e-02	 3.99210503594270793570331e-01	 3.48875682101570661064471e-01	 1.96110222078945822810070e-01
 3.75336473470853082545773e-01	 3.34614316505515208000077e-01	-3.28441712540065322567528e-01	 6.30654513639204661323845e-01	 3.15877211600811169667224e-01	-3.76534598614197024701866e-01
-4.79364316712823868016358e-01	 1.68841067263125532704748e-01	 7.13036560352957593522660e-01	 4.63502028079170347307780e-01	-5.99366390322416536795558e-02	-1.21880592121690833895542e-01
 1.38527287413093211365656e-02	 1.17565017778196154174530e-01	 7.80848346657815661764346e-01	 1.65019936214831963727789e-01	 4.15385985629047382872159e-01	-4.20101572976852688512395e-01
-1.05821659843426688074608e-01	 5.44692804016852938353566e-01	 5.09138715849634437837778e-01	 5.61421556037101199265749e-01	 3.25323425930916509951629e-01	 1.08902702173441626176675e-01
-4.07497114345580335736940e-01	 3.96557668026826515284000e-01	 4.76980829417364915467914e-01	 1.65492999867823814552636e-01	 6.22386356088040937351025e-01	-1.85538936203891530185572e-01
-6.82581180470099635471115e-01	-4.99400994476134896249420e-01	 4.07675167129349758088352e-01	 2.64071410275371287745827e-01	 6.44761936515574340944568e-02	-2.11167345055368022022080e-01
-1.41730659813424364479317e-01	-3.14779124696076328948635e-01	 6.97899477058093964387808e-01	 5.09664147074943341131359e-01	 2.61476711978457544705012e-02	-3.65132303588387330250953e-01
 4.82748112542360607868375e-01	-2.08490021137240022497394e-01	 6.70831322686071485073001e-01	 3.36735451454273915228299e-01	 1.85815173525471916127216e-01	-3.54335243022512236255039e-01
 5.62855327475617506216565e-01	 3.50864525594745749192960e-02	 4.46529726602269527724332e-01	 5.59595341745603436223178e-01	-2.92825532496983620411868e-01	-2.89275449103598814026839e-01
 6.77459635547741356731422e-01	 6.04240460004714319275365e-01	-1.35153312497044736373297e-01	 1.81369272159606242933449e-01	 2.21430014703008840037946e-02	-3.52548387345723135410935e-01
 9.79659789277317893940733e-02	 8.80247170925205990599238e-01	 5.47469516221884000550801e-02	 3.65877568551285170528331e-01	 2.28669082278941698804786e-01	-1.62525111843329295169269e-01
-4.43519219094895555954849e-01	 8.42064219095810417847758e-01	 3.17391254803659761396517e-02	-2.59173994859979217597612e-01	-1.31945524495075405813083e-02	-1.60828869609082547587064e-01
-8.42012477355299715497949e-01	-8.65323319631970816478983e-02	 6.91518586132037066382949e-02	-3.15348830596406015831790e-05	 1.05643502247341064537167e-02	-5.27857516251518332772719e-01
-4.00925328993250784659352e-01	-2.54203504459815265992262e-01	-4.62836256014133196057259e-01	 4.60653547023255671710729e-01	 7.98003364314302521265176e-02	-5.84681344777773559506784e-01
-4.79950910284162979291267e-01	-7.08457632028068773344387e-01	-1.62309755185213039352377e-01	 4.69225171600910317959432e-01	-1.02783439059223574707502e-01	-1.03217022343974257347909e-01
 1.72179410533005200489853e-01	-9.70684751057851680222655e-01	-2.81954112718680593996368e-02	 1.33219697760325328506070e-01	 9.74790522491761485257555e-02	-8.98498395790454408571524e-03
 6.99413120715215552714028e-01	-5.16886082873118879454921e-01	 2.97200940910984146015039e-01	 3.93716543816359676455363e-01	-7.55870834385400421767676e-03	-1.58686382082811570926051e-02
 7.28567542731585193749311e-01	-3.76829089352812174329443e-01	 8.01908307786382418269611e-02	 9.06570820574031099869927e-02	 4.09310285231723469667742e-01	-3.80795204317208202393630e-01
 4.54841596993571239959664e-01	 3.01462612258702189471649e-01	-7.17461847538410801838893e-01	 4.12523185331204328418764e-02	 2.01275041525531273034488e-01	-3.81148942351681341289549e-01
-2.61075829342312271119653e-01	 6.53772637228490660632474e-01	-2.33673591313188822038427e-01	 3.44940944188376549806030e-02	 5.62739716196667072445337e-01	-3.63251389718530548478270e-01
-7.34288120518938769443196e-01	 1.15166996257059450758931e-01	-5.30250328287265371152159e-01	 9.26570955194556539202821e-02	 2.66623324902165621808070e-02	-3.96353240260777450743035e-01
 1.53341872022405307368631e-02	-3.31782399418259488221850e-02	-8.28565412723430538832758e-01	 4.39122231447424071770769e-01	 2.59286880410162012822184e-01	-2.28222267606519702010104e-01
-5.30878697926213879987323e-02	-7.71697980589484244795528e-01	-3.40268100120770244920720e-01	 3.08171124638741356083216e-01	 8.44612935656420954488866e-02	-4.28693798302829665036739e-01
 4.49563195830783079998128e-01	-2.76129232182621142666079e-01	-4.40026642559653402564379e-01	 4.32036489125832479096800e-01	 5.02178244890110092590874e-01	-2.98636260941703646221157e-01
-3.03269537257023595600014e-02	 5.95920843992174598113820e-01	-5.97170281948896430890272e-01	 3.98327721672952494991193e-01	 2.09738557088698041042107e-01	-2.91017253350441484904820e-01
 2.06117775877449199706248e-01	 7.00526306492026684669128e-02	 7.02032501977696621331404e-01	-1.86490715714520693957468e-01	 6.45755822989580674509114e-01	 8.93257387359916027458340e-02
 6.30213000019634761450504e-01	 1.07176648150452094587770e-01	 6.19214748902797262886111e-01	-2.12057927719498551244470e-01	 2.87708629046945607576902e-01	-2.83148398374369891783431e-01
 3.47016141996031368677222e-01	 5.01852421009264526574611e-01	 5.49221123786740705874365e-01	 1.85493273532421509841583e-01	 5.33021947334637258286705e-01	-8.69479789390029400575344e-02
-2.25641811067749831209994e-01	 3.90639925664637621682829e-01	 8.55675717261040524874716e-01	-1.98321227453293370823761e-02	 2.50070462967309614654710e-01	 3.71044326641172886316333e-02
-6.89663171842067268535459e-01	-6.84839469933614664043375e-02	 6.75788526121048560568738e-01	-9.93022361194118574623246e-02	 1.93073358456556126716563e-01	-1.25881970623601902037336e-01
-1.46682496322618094453105e-01	-1.74038574537036638822940e-01	 7.80103270253548974899616e-01	-3.78350978754730282727081e-01	 3.29373146449738252172779e-01	-2.96643851880562303691136e-01
 5.47297508674198018852053e-01	-5.39786216160495935234565e-01	-3.36972628716178737584563e-02	-3.49435244459297134067555e-01	 2.80175647165000797633727e-02	-5.33920217180563150272121e-01
 5.59426607156858879399408e-01	-4.38976730664794201342005e-01	 3.47427677298121850846258e-01	-4.74539198369247294806428e-01	 3.54034963919967249346143e-01	-1.52010209263412160440865e-01
 8.45579669050944504604672e-01	 6.29600271198474670253376e-02	-2.62214180173914665483714e-02	-1.87154708741977815478208e-01	 2.37390026492174527339429e-02	-4.94725247242190746543855e-01
 6.86547912427281858960271e-01	 4.61005566630172669562171e-01	 1.98612288843913298297394e-01	-2.35716278057118755473454e-01	 4.70172915283891268423133e-01	 7.36588014176563221635519e-03
 1.76169823099249694964286e-01	 7.29424536386357180717255e-01	-1.16677653868633240952235e-01	-6.25767842798550577576577e-01	-4.63602683428164380474712e-02	-1.71917703197980442642034e-01
-5.15647462288364777371896e-01	 4.56103629189579307112723e-01	 5.19007632535083418545696e-01	-4.63111770651947529664483e-01	 1.82499839221687776280589e-01	-9.44962857136095318866253e-02
-7.81452314383806023734280e-01	-1.65812958483366079676102e-01	 5.75325387320159628568028e-02	-2.82718666443302291124695e-01	 5.06245620325395440097793e-01	-1.49378303900240316792747e-01
-6.07713655517182038678925e-01	-6.09738197720637975507429e-01	-2.65216667729820110288586e-01	-9.08370065450492675251937e-02	 1.45011450995081836445877e-01	-3.99103845657816536096618e-01
-2.53888831528704117523887e-01	-7.67520421846679234967326e-01	 2.12022361622678012782472e-01	 1.03991960534449645603416e-01	 4.09127243071456758727322e-01	-3.51140929779167665358841e-01
 3.02143337889242802329903e-01	-6.91729834288784317664067e-01	-6.07441225292995323759015e-02	-1.98057932481391890666700e-01	 5.90277822148605246788122e-01	-1.97166273390758428618597e-01
 6.66802550496795598533595e-01	-4.00409877769743460795837e-01	-3.17627954015344382554531e-01	-5.26676025610401166154872e-01	 1.21526918477003378904477e-01	 4.47475518450976550433040e-02
 6.22473500192375017725510e-01	 4.71709859508136486461183e-01	-3.19342117717832774115294e-01	-3.92000324646390396754470e-01	 1.92652206003496834219035e-01	-3.11862204910547280434230e-01
 1.11590237739676134687272e-01	 8.08533418889117339034556e-01	-3.55222846235785316704181e-01	-1.31454589549005712578733e-01	 1.02890391919555401756270e-01	-4.23994477593716057040041e-01
-2.20156634915216392611725e-01	 2.81402195837050950188996e-01	-8.24215404332589218761029e-01	-7.70465595749839221584310e-02	 3.07252696638184996658083e-01	-3.04421476916433009218821e-01
-4.54384681347420438246587e-01	-3.51393706509413983329893e-01	-7.48987369697131866175255e-01	 5.79274807488588810988617e-02	 2.73845754698685273087477e-01	-1.75293622314530134209676e-01
-2.10052316045430093049973e-01	-5.76860875744807599652120e-01	-6.07904439083783776354153e-01	-4.20772825347058898604047e-01	-1.06674575349486530639886e-01	-2.55210720630178133916388e-01
 1.96180985954855530151164e-01	-6.88600192821687495658978e-01	-5.87244476906825352280350e-01	-6.11562442358554239629775e-02	 3.24346643002849877035487e-01	-1.83155367111890121645246e-01
 5.47538017223267114985674e-01	-2.40145042558697813239732e-01	-4.63816932345737675813524e-01	-2.87810136346843270516160e-01	 3.46383250892625838002203e-01	-4.73909590972953209675467e-01
 2.50175461113469055351999e-01	-6.84309661504413219157428e-02	-8.38286449126444344059905e-01	-4.28446924283075625261574e-01	 5.72670273870328552789921e-02	-2.07747422092267763904516e-01
-1.74659411034132378004458e-01	 1.98893385002301775754674e-01	 5.05346111652745344500204e-01	-5.93706265482705553004905e-01	-6.67167260682843821228971e-02	-5.63580134289965895000307e-01
 6.24298966561461221580487e-01	-5.16103489877143498804068e-03	 2.52191731972706799369544e-02	-7.46520089537595854523033e-01	 1.42733387682315138178524e-01	-1.78670348210947405043214e-01
 1.26529502397617954478903e-01	 6.10221493286617233664515e-01	 5.25889350207267347592222e-01	-4.18986778708705820406522e-01	 3.96873414448620953631774e-01	 4.47434650405580738863343e-02
-4.79389358295688128297485e-01	-1.71251004719908339612999e-01	 3.96007720865548085154018e-01	-7.25781515363980611610373e-01	 1.79340464485492373514219e-01	-1.58477163352441857702146e-01
-2.48827626338679365469719e-02	-6.38995946400980452395402e-01	 3.75100310186016361324590e-01	-5.87815386299745834541852e-01	 2.51403646140186121105131e-01	-2.04044270299062968643256e-01
 2.26627300204523013382740e-01	-8.81089133333876929621287e-03	 6.01846692859965171074066e-01	-7.51841779932432952016086e-01	 1.06004046336621429724723e-01	-9.91971441007180321225434e-02
-3.38290440976563133723687e-01	 5.84723570286413862895358e-01	-3.55870945824801665491322e-01	-5.42862881200289582039886e-01	 3.12942656446332012620815e-01	-1.56142818612916567388993e-01
-7.67958755742036980329601e-01	-1.63012274933656831077400e-01	-3.51536096432537470413138e-01	-4.55557432245476956467201e-01	 7.53403924653633511043793e-02	-2.16517832508417162884484e-01
-3.72927474227261579464709e-01	-5.52315431594548877924922e-01	-1.57226412531475345790710e-01	-6.96381799273733337329872e-01	 1.60330510153071814638537e-01	-1.43175191097543841323159e-01
 1.76627814530518900681955e-01	-3.96197784529507768258583e-01	-1.62898230979298674903077e-01	-7.11603072374249912002142e-01	 4.22205531739032247084964e-01	-3.17265903255277037509074e-01
 2.03155575889692963098554e-01	 1.80200145615083989758531e-01	-3.18379502137022152297163e-01	-7.81245219873821450384810e-01	 1.99610750439905088038373e-01	-4.17973284860807925422677e-01
-2.49485136332637608136409e-01	-3.81631639918082882223516e-02	-5.01578159464504014231068e-01	-7.47022073207316394949373e-01	 3.50039755750615799723136e-01	-6.44226757168034208644869e-02
-1.16146688189602914631493e-01	 2.99100903722159638942202e-01	 1.73215281642032981057611e-01	-8.59203910591898378790177e-01	 2.83681145654454847093717e-01	-2.19860660520728057321094e-01
 1.36230719828023733031230e-01	-3.06672122861073315203129e-01	 3.30005054845412260089432e-01	 8.21798698697242202548807e-01	-2.19761710252988740066371e-01	-2.34183161943164575014009e-01
 2.83576935671340825406705e-02	 2.81730417070414851377080e-01	 4.63527276684150113528204e-01	 8.02187748864805705295566e-01	-2.07795804690022178906617e-01	-1.35210932276571244026186e-01
 6.40026581716856557413564e-01	 3.14554759310691378626501e-01	-3.41296107941041551581129e-02	 6.68370163873145406441267e-01	-2.05347657736805855321904e-01	-3.70150140357203977226064e-02
-1.30320226177995990290981e-01	 6.55895952802003967541111e-01	 1.36921182608340047393014e-01	 4.87941513908412394240344e-01	-5.43271155851727027830123e-01	 2.89699451897349503914914e-02
-5.20001194795217780431074e-01	 4.00666410038987952368927e-01	 2.16430144854388661901368e-01	 5.51706675396168910729955e-01	-3.05964733719900960906557e-01	-3.52460641376225958243396e-01
-4.88239519482532136063213e-01	-3.14691168994195302754946e-01	 2.96340466093134247138607e-01	 6.32334399769319044359861e-01	-3.40979702198304812643670e-01	-2.42198301986961433973633e-01
 3.92904199969798306746327e-01	-3.53691731990939450813727e-01	 2.44568654605827190406941e-01	 4.36168427417030601933590e-01	-6.85883658298210963089048e-01	-5.94405212420593548339198e-03
 1.48564283710379663183687e-01	 4.92528916427443230752203e-01	-1.92397152825892314709222e-01	 6.65298668771289292145354e-01	-3.91031785946312493429389e-01	-3.20622955172751800123621e-01
-6.23783325154310119842194e-01	 5.33624687671571451552666e-01	-4.14153867287354204851368e-01	 3.89381876521238901034394e-01	 2.82398309154231925977019e-03	-5.46754929934446867734188e-02
-1.86042791267069268501544e-01	-3.10797743182647134840835e-01	-3.05395668581125157015066e-01	 7.25129346509071348592101e-01	-3.95222099800215331821818e-01	-3.05799363836576187924976e-01
 2.62317205490914084897724e-01	-6.94628497257642196771599e-01	-1.23722421049202113696452e-01	 5.89816072349909403804702e-01	-2.74368167584890465526826e-01	-1.01058430843683100253116e-01
 5.19451412151800351324482e-01	-1.86550507304607038339128e-01	 7.84915101882031757130065e-02	 7.34188841547325665715107e-01	 1.78092848621082738835852e-01	-3.44177139978374291295893e-01
-1.81817484548019797641061e-01	 1.32920498828323879747515e-01	-4.97042644436698044518863e-01	 8.12977174178301398299595e-01	-7.95456759540033760125244e-03	-2.03046773022051818546885e-01
-2.07830741948844578692590e-02	-6.31385039118916580047625e-02	 9.75173431447099670066336e-01	 1.42793400948055981825036e-01	-1.41942318689105728690691e-01	-6.38810970578559400578911e-02
 7.45675567072391798362219e-01	 4.84527065808262824564423e-01	 4.42161060950523210344443e-01	 8.54174985827003269145408e-02	-2.46443215486490015131427e-02	 7.61024027274510572738109e-02
-6.99581371285099701262666e-02	 3.20768109411209534354015e-01	 6.43131327497585281172121e-01	 3.27462592070757563256223e-01	-5.17574570947078926863583e-01	-3.21683989232769473876061e-01
-3.64148587703656323455448e-01	 7.60671124079192600975219e-02	 7.63322817043818879767514e-01	-4.49569447388149801003721e-02	-1.42186959059907969127323e-01	-5.06665194439769206447011e-01
-8.57159861138102385780257e-01	 1.12935581833202812462869e-02	 3.07069845204434532792703e-01	 2.66424138241094232704143e-01	-3.16002722018782267188186e-01	 4.24221670880748930737569e-03
-2.21558187127668920757273e-01	-6.07599163911376027868982e-01	 7.44607859327236387692039e-01	-1.03313754112393421658034e-01	-3.23499198056495101960550e-02	-1.24796283834015975244824e-01
 2.81721499362440397362661e-01	-6.20997501182116384832455e-01	 2.42309720155675895059133e-01	 3.72282852731348090635777e-01	-4.02533894243524564826586e-02	-5.79712206221919101878370e-01
 1.81330236862255272933808e-01	 3.03808938276922992083318e-02	 5.65539638555539125874816e-01	 3.36635831925279016552111e-01	-2.17686029713322654055574e-01	-6.96886197914555416410565e-01
 7.28872001618786180543452e-01	 2.15927999834438999471331e-01	-2.89292088817404202671923e-01	 8.40829273184928588369402e-02	-4.90868944050756761399157e-01	-3.00680116721132872914524e-01
 2.74113340928242688043781e-01	 6.70016002048255066014804e-01	 2.70085078813727175184312e-01	 3.16063324825632041559231e-01	-2.67018196399588514378109e-01	-4.81455855731644621897658e-01
-2.84039089903376673618141e-01	 8.05737216754512375338493e-01	-8.78157181135097303359416e-02	 2.60745285499005108320603e-01	-1.92994800683660733264801e-01	-3.96437429608858582508191e-01
-6.28525727399458222777184e-01	 4.79251437018040182813650e-01	 4.25156783277050587255275e-01	 4.67795131846757070159804e-02	 1.65975107167494126403362e-02	-4.38236670682461804116059e-01
-6.13067823407981604688644e-01	-1.76340456567676467924954e-01	-1.23114984979412325771797e-01	 3.73154401958132597716400e-01	-6.60726971355966141707938e-01	 4.57192451256925383451524e-02
-5.63201401632166476218799e-01	-6.38799517877039590985078e-01	 1.65911197870390964004272e-01	 2.28199014528818466818194e-01	-3.38818327029552390783351e-01	 2.83443438127976843343703e-01
-5.63703441580065897631435e-02	-8.35866024865538626009709e-01	-2.59159363725489033658533e-01	-7.40958060252749767249369e-02	-4.36397928642560828382813e-01	-1.87225682998721804084497e-01
 4.52716857545723883049504e-01	-7.66026919729765554123446e-01	 1.00423887337573236600008e-01	 3.86862031600762462657528e-02	-4.21308505315615255959472e-01	-1.38447712256440536027213e-01
 6.87119241145351722366286e-01	-3.16387423546481028058253e-01	 4.95835225436110846319870e-02	 2.63902920502399274127470e-01	-3.24010701459589600670341e-01	-5.00679473167806365907495e-01
 3.55076622243678974299996e-01	 2.21214491936601254096217e-01	-6.43118305145516711007758e-01	 4.83984190366471389577185e-01	-1.97098327520489308151141e-01	-3.71880544320278005887559e-01
 4.93701018299512961462483e-01	 6.06046563826621476067658e-01	-5.91264736402255963731989e-01	-4.46928312949938996712085e-02	-1.93267513817014291443996e-01	-4.80597804477721126520384e-03
-6.51027413632972729029547e-02	 6.51122429849313122396381e-01	-5.99928187143526359115242e-01	 3.03083603812007218447633e-01	-3.45684452903141925528274e-01	-2.30211382467016209552035e-02
-1.80931175242699637806254e-01	 1.22268242851392872072580e-01	-8.39427486316257409626473e-01	 1.56229633851215382600586e-01	-2.74727556775972603375635e-01	-3.84438490381384556648925e-01
-7.51944634776083031812988e-02	-5.22037152025775941233121e-01	-6.55601400180182869448231e-01	 5.39502439500597841259832e-01	 2.80355723148410646006212e-02	 1.26859413051817072198846e-02
 5.99814619404670845703720e-01	-6.48064146610052072006170e-01	-3.02038751987733666837244e-01	 2.03248565984133683359758e-01	 5.85403992879938023241593e-02	-2.90294537670454155797728e-01
 8.30273607220830434094694e-01	-3.73307090390975204741153e-02	-3.22843691902591156672742e-01	 3.88093458811200775482320e-01	 3.93398542761445105253593e-02	-2.29912916138576450819642e-01
 4.90258153497879878290888e-01	-2.71109844920091824782560e-01	-8.04652361074073674274132e-01	 1.84813191987244551661718e-01	 5.66528979669122662032876e-02	-3.62699042404024188379630e-02
-2.33089993651513616157445e-01	 7.01056435991542908903185e-02	 8.37742696839028688771123e-01	-4.59227084032268750846129e-01	-1.66750182847328065616210e-01	 1.56936069645948576833927e-02
 2.46876799434722626891414e-01	-1.42834753964283356353349e-01	 7.59043996832720391232385e-01	-2.29927323222299667682123e-01	-1.24395503793124723168617e-01	-5.23604311006816258711183e-01
 1.03199820918855128537572e-01	 4.89625403081421939344153e-01	 7.47129145013547213416416e-01	-1.58892310230133393389451e-01	-5.87156638588387236321608e-02	-4.03386299790094882133928e-01
-1.38936481297733865902799e-01	 7.54586129748518352755582e-01	 3.68589423179354835902188e-01	-6.26220173132847751640284e-02	 3.51514629831423730532691e-01	-3.84648166560246362877251e-01
-5.23952889620789785674049e-01	-2.61207347433207726083992e-01	 6.95747398765988012137029e-01	 1.97974163077110736075337e-02	-4.11652780276275775950268e-01	 5.77035442034971521318987e-02
-1.52224361758789950016535e-01	-3.79047731375977969836555e-01	 5.43508493277102044949345e-01	-5.70356289690451712104391e-01	-3.23322989738352328803472e-01	-3.28489004197557277198172e-01
 1.50820255838827105288047e-01	-7.34360657491806789742839e-01	 3.39030944562550229370856e-01	-2.48946379301291875751900e-01	-1.82857971209614000862587e-01	-4.77089463710757777370475e-01
 7.03743036664522425560619e-01	-3.97963526526965039042949e-01	 4.86680623543150614462860e-01	-1.44295510534621473919259e-01	-1.36683420131137683961597e-01	-2.64592495866523447212160e-01
 6.62631922835815179162466e-01	 2.78788230970787753726370e-01	 4.24913468681795691850311e-01	-3.76362664567544691340828e-02	-2.71527301575442803205362e-01	-4.76970687978043650367965e-01
 3.94183872019923553509102e-01	 8.38998634597611925300953e-01	 2.81771989094356023475285e-01	-1.24823198510538385663793e-01	 7.34225966001973845420636e-02	-2.00831281842787451319410e-01
 1.75726059186232408393380e-01	 9.13656952013422118952235e-01	-1.15085812022037908830541e-01	 1.22225392493253873053838e-03	-3.45414712428297909774244e-01	-4.23528578146478568156041e-02
-7.23883497387280638868390e-01	 4.29330037028946787103223e-01	-6.59088118996598582022273e-02	-2.65798169460719560519557e-02	-3.58990415743153545857780e-01	-3.97169768190793415207906e-01
-6.80045902846228345062229e-01	-9.16833935279371542437232e-02	-3.56781532864812289673750e-01	-2.30036274497173176545317e-01	-5.00529622499788273692900e-01	-3.13675106751516219460996e-01
-7.95410197191125933890987e-01	-4.50341202920778893581399e-01	 2.27352144709813186462810e-01	-3.31346585575724050798385e-01	-5.07536780244681184903754e-02	-2.14458818048235168307603e-02
-3.73651688060443354366669e-01	-8.87537819629395818843420e-01	 1.42320514085783222935078e-01	-1.85192614243276404417671e-01	-7.13405272329454831492512e-02	-1.14105787808086001078323e-01
 2.12765817496508580219938e-01	-8.25784107285595814218482e-01	-1.73318720397599629334806e-01	-4.83768020624579853095071e-01	-5.10250859168611976129926e-03	-9.33509659637255934105937e-02
 7.87522301094888743655531e-01	-2.82343685212731787537166e-01	-3.50301828131101694596694e-02	-3.24545503270215363045281e-01	-4.03709930369776592851139e-01	-1.74791485544056740542018e-01
 3.91098314257451951103661e-01	 8.00915285798743104006547e-02	-7.64276059777091343327982e-01	-5.71441734809138984774179e-02	-4.72834276293595090479016e-01	-1.72255190590641121817228e-01
-3.33365128573522462307466e-01	 2.04991070111271905807016e-01	-4.98603422695849118895239e-01	-5.37209451481464039801494e-01	 5.65843365645811238739959e-02	-5.53574924645535149103637e-01
-4.03463163869004715067490e-01	 6.19427277391133124240241e-01	-5.50046499736081218046024e-01	-1.20856755773108726081944e-01	-1.43556046614691873442027e-01	-3.40237384214412796890059e-01
-3.94774728160770527196632e-01	-2.01438770425839651367905e-02	-8.17230370164409358757496e-01	-3.61201564664002106042062e-01	-1.41765885755651188659954e-01	-1.59114812712136372008231e-01
-4.09138045001331995820237e-01	-5.06297668531360711696721e-01	-5.51013737381897295009026e-01	 1.29005496922797308068098e-01	-3.78557101401903128845561e-01	-3.35715199135400266250429e-01
 6.02658466237495291095705e-02	-3.34480053580080038955202e-01	-7.39550892527337411230803e-01	 6.12021687338361250474428e-02	 5.03089158200780497964821e-02	-5.75568333372408091896943e-01
 4.59803022454707721600187e-01	-5.33332934668679037315542e-01	-5.71319417416415120669626e-01	-2.50501193732932170288308e-01	-2.64146845420708820117994e-01	-2.12619097483839586404386e-01
-8.06497443705518068934879e-02	-3.38853418067661116275247e-01	-9.15601057942089235908156e-01	 8.57954626574226886237540e-03	-1.81656757092784004736785e-01	 8.52988656463959937781283e-02
 2.68012967410053759564903e-01	 2.02410735273688580093676e-01	 5.98399349831115312525753e-01	-5.33919638907667359895015e-01	-4.53669655464776999664878e-01	-1.95527043057724975172462e-01
 4.48392595333358290332626e-01	 4.33637203252450698087728e-01	 3.35622411831438038909425e-01	-5.69833617245087298286421e-01	 7.66986714020722465390278e-02	-4.09472118152864217321962e-01
-4.94947200951355442688495e-02	 6.64950669684736817011128e-01	 4.43051336880127322181977e-01	-5.62720918040582218644374e-01	-1.68596514314725581806798e-01	-1.18392466896103970563914e-01
-5.69926540000665671215074e-01	 3.43436122053466963421897e-01	 3.17276538196915175449320e-02	-6.27568467847779531965102e-01	-8.55538915176278086383022e-02	-3.93785569649554467730468e-01
-3.96158450294665925861537e-02	-1.95864623940301491034077e-01	 6.39412294649071566432497e-02	-8.90792039118452505519485e-01	-1.30503930667671685927900e-01	-3.81362583651462527800646e-01
 4.74045646461031811025322e-01	-7.84340999130987287513150e-02	 2.48880441240080740872287e-01	-5.51854986556288062971021e-01	-2.98244667506764371545103e-01	-5.60083507279982462101486e-01
 1.01712339408036381294131e-01	 4.50988571032586882392224e-01	-6.48800002383799312433155e-01	-4.48104100016802675554572e-01	-2.44158663165706724118564e-01	-3.23900800348159656483205e-01
-2.09720486411046957986315e-01	 5.92671296837820937852825e-01	-1.13889972145525708580038e-01	-5.36943364511397791538627e-01	-4.99184737871586181601202e-01	-2.33009756259340089501464e-01
-5.87890327092605025072203e-01	-1.23313859461826783037175e-01	-3.59129531022440093290804e-02	-7.25908540113852085440271e-01	-3.32987411805014010823811e-01	 8.06784631911871066844988e-03
 2.27723693288202577722501e-01	-2.90566221206041641611506e-01	-4.23167309011987458067239e-01	-8.03107589335487204174058e-01	-1.80485570892267327414160e-01	-8.41770624589044530461379e-02
 5.33482162155102024314601e-01	 8.31358634103563365336242e-02	-4.02175984712017653421867e-01	-5.05259063020487064754604e-01	-3.04402588895261061452402e-01	-4.45860999985167372194894e-01
-2.04047816719545638264321e-01	-7.63185227229809352855749e-03	-4.20647477273643044526352e-01	-6.98696890643839330081732e-01	-4.65254969852065436430877e-01	-2.76988106637785003183438e-01
 3.42348532238282265982576e-01	 2.11930561821852603276994e-01	 2.94613656740104826181614e-02	-7.98999584434817333722378e-01	-4.28947839352866011619625e-01	-1.20906420674367590106790e-01
-1.37134262743763640779449e-01	 8.22153206371418754372371e-02	 8.95797246914671468909219e-02	 6.31927689081901777790051e-01	-7.05226752432628778421986e-01	-2.64069936538396055070166e-01
-1.15457723662743816372966e-01	-1.94093297137979847732936e-01	 5.99193083846959240190699e-01	 4.55964106142000613619558e-01	-6.18110102226374413803001e-01	-1.26085626596421926728930e-03
 3.78997048771649580611864e-01	 2.26684032451833716859113e-01	 1.54339328605701875396505e-01	 2.98512706761841883906783e-01	-7.02601408506349445204364e-01	-4.45417088542760741809445e-01
-9.84823563009244312693724e-02	 5.40032060215896447807893e-01	 3.47621576821321998096437e-02	 1.76043753392383060807358e-02	-7.65345287306782195990706e-01	-3.33758698756885296976549e-01
-5.04237863415001985600838e-01	 5.62513061763887239896675e-02	 3.32621847720673324833029e-01	 1.59122790556411985996021e-01	-6.56669840421525874418762e-01	-4.18816585485003556321715e-01
-8.56440988186196322518029e-02	-6.65459680727307878456145e-01	 3.59482274543056423699028e-01	-1.44511364120539248512287e-01	-6.28310463903937521656928e-01	-7.03094769006747805084601e-02
 5.83461270313606283899333e-01	 1.63448489949104075469322e-01	 2.04258274383252030892422e-01	-1.66914683593329032929020e-01	-7.47540705088596157956715e-01	-6.67718290894468852192389e-02
 2.44455938381915316437443e-01	 3.41468519179920271255924e-01	-3.45227738085025936953798e-01	 2.68939733526719570999575e-01	-7.93038030353570344566094e-01	-5.67490581339757035883586e-02
-4.23038384678313006403982e-01	 3.26061295762657132879525e-01	-3.40573410383220365194035e-01	 3.56253103645863766768542e-01	-6.42742866925756661800051e-01	-2.42275962061925975721266e-01
-1.44958468431303860723958e-01	-5.83272742252920139982564e-01	 1.71257960632396413758194e-02	 3.63019958648737151030161e-01	-6.83929018164644242361305e-01	-1.97343014619277751231508e-01
 2.17730899570819647070863e-01	-4.49781192411981667333976e-01	-6.29870209007526993261195e-01	 3.38051034853960929993377e-01	-4.31623663891751330190516e-01	-2.30165515949237092785395e-01
 4.34841023608692422985911e-01	-1.10020218270209926836323e-01	-2.29279773821637333774959e-01	 6.28988739425799692206454e-01	-5.51981819472914581048428e-01	-2.14310190429510466492147e-01
 5.31177437949082939527834e-02	-6.30529492985132476029486e-03	-4.17738077363741133751773e-01	 3.31285913098364970252874e-01	-5.68533674823039514301115e-01	-6.24221716736308551709556e-01
-1.11113297532064586592426e-01	-4.14148889401614248018113e-02	 6.46200356290582700324876e-01	-1.66918642509835485343572e-01	-7.16541848701248262898389e-01	-1.64528682782122376293543e-01
 4.38327491937557600643061e-01	 5.76805892865674074698745e-01	 2.24553715419252356011448e-02	-3.33013817376044796159107e-01	-4.51146882785445013652748e-01	-4.00284918084215457501074e-01
-4.08038531990690012118961e-01	 5.26691753494133885205031e-01	 4.71636838502589639254836e-01	-2.01635733781587528357093e-01	-4.87477804452101648458040e-01	-2.35302925626433456773867e-01
-2.02134525523142177805269e-01	 1.77255924824069877043797e-02	 1.89265456151211181046179e-01	-5.89088200066715694802610e-01	-6.54671808317815573374787e-01	-3.83908765211989577714746e-01
 2.17050569065028065018907e-01	-4.79265412704319493375493e-01	-8.81505808552401765032513e-02	-5.15668867814857434517251e-01	-5.49115678366007387012360e-01	-3.84682700791148579622103e-01
 3.50638518878170990511478e-01	 2.32738155370872182303721e-02	-9.84835114775257092212257e-02	-1.15181357883157226007498e-01	-4.90494843811501157748722e-01	-7.82917632670798613325758e-01
-1.73977542073454005677746e-01	 3.19464614015605774532958e-01	-5.99290045688556149983128e-01	-1.51621968086083858118229e-01	-6.89373834598240420312720e-01	-1.01489464229388454130643e-01
-5.23228393720225892771225e-01	 1.72149373255611221056327e-01	-2.21734732379905066096404e-03	-2.08412193816155055792194e-01	-8.06355169619053735452496e-01	-5.42901700205743603655506e-02
-2.62711708453346570735221e-01	-3.77403655379589197949031e-01	-1.52936357136445266746705e-01	-3.63436776786035531383590e-01	-7.94151558029489335055473e-01	-4.89542845131413079107219e-02
 4.25239514918941463594848e-01	-3.15669752989813645616124e-01	-2.51193766316830990881215e-01	 2.79798082635592908207212e-02	-7.71194027984372976192162e-01	-2.46784430816028410582419e-01
-1.87714962591059813905303e-03	-2.35934331767054639161785e-01	-6.29506007322596206066123e-01	-2.45456568912307354635161e-01	-5.49206023758001538048745e-01	-4.31482873812393585843949e-01
 1.91364540435952495966987e-01	 1.27580732195897522673889e-01	-2.13422271197305807310940e-01	-3.66348220260872770026594e-01	-8.14228173511680308749305e-01	-3.23071457366018666146346e-01
 2.12325350097234480384323e-02	-2.09263975497042502282863e-02	 1.57734474166526389415921e-01	 9.17296121970012229285274e-02	-9.72595990300693435948176e-01	-1.40974532803848889850329e-01
-8.73592813550266023003843e-02	 2.24484667559512462986504e-01	 1.33753579252853027625747e-01	 3.87578463392198382941878e-02	 6.65171385826618166703383e-01	-6.92914011153996867165006e-01
-4.18757761205615433586225e-02	 1.02212346103291051857553e-01	 2.83923215794019412339111e-02	 7.91578202911106920680595e-01	-1.03822621269716544589734e-01	-5.91284824549388576819808e-01
 1.23512337547131575976600e-01	-5.79085072286071797509344e-02	 2.62363718209363994127159e-01	 4.88922240108607131237051e-01	 3.39888143202518810959134e-01	-7.46985729361064110243262e-01
 3.97611610543900317882304e-01	 3.85848388625162130871615e-01	 4.25982584654955143133037e-01	 9.19715672915871751413874e-02	 2.73411160889088900027843e-01	-6.54486389192277639992312e-01
-1.67989232523854281620146e-01	 4.49449210383451258632448e-01	 4.95696440410944572096952e-01	 4.54115462686927429114547e-01	 1.29227965559109203574906e-01	-5.48761645408777587462623e-01
-4.71890833272989973501410e-01	-1.23889108831110442143775e-01	 5.04529092319446204051303e-01	 2.45514866785842111873706e-01	 4.74709644732097202357579e-01	-4.70950240019822663484206e-01
-3.03566241917967785668431e-02	-4.27392175583961253515497e-01	 5.25542048603210409929432e-01	 3.83685499238434965518785e-02	 2.19205166790396588361034e-01	-7.00497614554370429118535e-01
 4.84357413760617305786838e-01	-1.76769782471560110703734e-01	 2.76756125339336800372791e-01	-1.07813015036943415231319e-02	 6.69692634509500700490392e-02	-8.08056475822058195568331e-01
 5.73859739173583488502928e-02	 5.48701248806166441696064e-01	-8.35816525003145044392383e-02	 3.26301595873109084866570e-01	 1.77606449490026047088875e-01	-7.42045224060929764497985e-01
-5.18642614924077594018570e-01	 2.49928370415120226777361e-01	-1.04694230019866316161448e-02	 4.43494765712810490310147e-01	 3.10200849771724518344485e-01	-6.12800019920530125716596e-01
-3.68951992991865040938393e-01	-2.69759758335022525876923e-01	-5.47284558395297326960360e-03	 6.03261973998539327568302e-02	 3.43117137026694551948935e-01	-8.18355379891556378169071e-01
 2.26136417296892239248152e-01	-4.71923253097747352757807e-01	-1.34911625039412341742207e-01	 1.08710509468724361714642e-01	 3.83745800557607652514491e-01	-7.40858153138940433990456e-01
 4.94399419971533027329258e-01	 9.53853574234837242595830e-02	-2.15232412642741621766618e-01	 1.83749239588065993444843e-01	 3.78430166920290855792075e-01	-7.23306768518364617825966e-01
-5.91102428591715953198893e-02	 1.17100613279227244722946e-01	-4.67709729777017024776598e-01	 2.62353921009703172639860e-01	 4.18169133330485276456301e-01	-7.21350144029328954609070e-01
-9.78638068594860077720199e-02	 1.94214189271862097685428e-01	 3.81640723905617929023748e-01	-7.88178881189683933072843e-02	 1.14035923798361499281739e-01	-8.87602067621047652323796e-01
-7.74301940556617052102695e-02	 5.34158723726817052934734e-01	 2.10117618631873309675839e-02	-4.68896526054375872849533e-01	 3.29334283535295757605610e-01	-6.16370429466629121684207e-01
-5.40793083107007133136790e-01	 1.83875276370884493948310e-01	 3.21173018906713847453460e-01	-2.93825128687454140141710e-01	 4.08223208067056031467246e-01	-5.63561196390186425198010e-01
-5.08385319247037892331775e-01	-4.26729274258578428202782e-01	 4.08325545199258677087073e-01	-2.77068892852301296159112e-01	 4.85435278786471302581162e-02	-5.59993836856494064946332e-01
 1.96389764502383823430165e-01	-2.00999329992133685118816e-01	 3.34615879692081008567328e-01	-5.79578700353979736625831e-01	 2.42507207686983000671788e-01	-6.43693504018147399925454e-01
 1.37739352325457697912015e-01	 3.33482298203407412362509e-01	-4.67820642828550903313811e-01	-2.84175327039735858836167e-01	 5.47147289741549913699714e-01	-5.20418582085376835166812e-01
-4.19207371678739115772316e-01	 4.02574438795056444018172e-01	-1.63610227193213941809802e-01	-7.60339717250597540987300e-02	 1.04497647183913355828366e-01	-7.86593777749082456729468e-01
-3.80513346268638585900845e-01	-2.11474778280760389304049e-01	-4.25137073117366814933860e-01	-1.44732632669743177533661e-01	-1.15256623521622039718615e-01	-7.71696090633239850653524e-01
-6.73984924176538047202456e-02	-7.04042207921571905337998e-01	-1.22494698354517914107298e-01	-3.06203982523185591624326e-01	 1.90636847432899658727479e-01	-5.95544939570111231397220e-01
 8.28817399111181768445178e-02	-3.23500594714703146315138e-02	-1.30064270404714632523024e-01	-3.22597270818640646794506e-01	 3.28404010213527275396928e-01	-8.73641335641592409189116e-01
-1.18641209625618526679602e-01	-2.82072469740208997546205e-01	-5.99831221238671941087262e-01	-3.83701888084574005421956e-01	 4.26732825756826195107152e-01	-4.66083520114667748668325e-01
-4.09537504501916227450664e-01	-1.60985126635780045889490e-01	-4.13906514846329523504842e-02	-6.03040954676780094345645e-01	 2.01248937109534953293632e-01	-6.32842877555624072627438e-01
 8.92510156305249546804248e-02	-2.90457887859820129694555e-01	 1.52437451853658673117664e-01	 4.62808650400024612636685e-01	-5.05605215748868519476389e-01	-6.43896586249487201669695e-01
-4.55182542811987111974759e-01	-6.37945569556125774424160e-02	 3.50516467977296020119837e-01	 3.67948065053545825264791e-01	-8.92567160258141145678934e-02	-7.22858750356119572622049e-01
 4.86811693713309734388162e-01	 1.92201831784542087611101e-01	-3.71519983359677938294929e-02	 4.48657176621277353767425e-01	-1.61902249129170089370078e-01	-7.05114855421037023397446e-01
-1.43779504101458482923093e-01	 3.31890333377247104262864e-01	 1.08178048349523034388220e-01	 2.70663967186795362263041e-01	-4.06469360287353476124395e-01	-7.86763907840631548928911e-01
-7.08530015608771601698379e-01	 4.52218958434262990886410e-02	-1.58744459648811925278622e-01	 6.49969818890889672324818e-01	-1.04362005959903941798572e-01	-1.93360285197183762173623e-01
-3.40646735055680216497365e-01	-6.25937160332463271572578e-01	 5.51445275245316182677335e-02	 1.50749403667283343732919e-01	-2.17554607809465033740892e-01	-6.47353198964647158497598e-01
 3.57613812569954392373006e-01	-3.07999633617539569918620e-01	 3.78031484768289127718077e-01	-6.80965275265193875631198e-02	-6.47392542998236231177600e-01	-4.58897092476769519198143e-01
 2.34935628911813437769140e-01	 5.68632007453998222779035e-01	-3.84775611597442668276869e-01	 8.95589057107480240871311e-02	-4.16060272686436416478273e-01	-5.40632658083510797553117e-01
-2.96633738798885326914956e-01	 3.36150052147293987303556e-01	-4.27064897929757547601071e-01	 4.41537393651969589658535e-01	-1.38865927816920892157171e-01	-6.34340700650985689357242e-01
-5.53219712553139175703620e-01	-1.24372527427058995885822e-01	-1.70868314984226360442321e-01	 3.27576348103478687256995e-01	-4.24403277283503022054845e-01	-6.01547202963067295655719e-01
 1.94299259999956397404475e-01	-5.76583605494314421768820e-01	-2.38727877942989136217378e-01	 4.19868669426428434143794e-02	-3.35819901728658332107358e-01	-6.76956601517984091209712e-01
 5.54196247407738984414038e-01	-1.49249876169877337961367e-01	-4.91557844888557915474792e-01	 6.21934019170993224179256e-02	-1.45970685937462901771156e-01	-6.35441908089085294442100e-01
 2.42454385922632131844523e-01	-3.00120399794975623031235e-01	-3.67399651863749399094417e-01	 6.03964109884786548576585e-01	-1.07653738594510450105046e-02	-5.92682522840789482998503e-01
-2.01347905940373439470648e-01	-3.96624013880413461841101e-01	 5.64867710053053917462762e-01	 9.96060830361205906680055e-02	-4.39874520809807323384888e-01	-5.28830707023315027548449e-01
 7.48867667075821530353608e-02	 2.27289972470154311157131e-01	 4.18869028619242134148237e-01	-1.88300110666552666938145e-01	-5.47310698265642492366112e-01	-6.57475509305945227112034e-01
-4.82254224262739783490872e-01	 6.00012981129403391578059e-02	 1.55263547858706496551662e-01	-2.57794815898828244549179e-01	-3.07460538358845403283937e-01	-7.60745547709357761156923e-01
-6.32258424592284207221837e-01	-4.70010753262824321208058e-01	 1.68471872936281408250636e-01	-4.51043088085375729057169e-02	-5.34202521090349269350384e-01	-2.52090603090151244014550e-01
-7.82628988775023980151158e-03	-2.90150386744526700422142e-01	 1.91380331341204856787641e-01	-2.83191857292322823891340e-01	-2.26542555909354736964900e-01	-8.64642072397420746732166e-01
 3.81558357596824604396346e-01	 4.12654332088579101078807e-01	-3.60300340826509163383307e-02	-1.96571081488066345954735e-01	 2.18420739868957491935930e-03	-8.02612296044109441162107e-01
-1.00897317312875739458988e-01	 6.91401578884009437864222e-01	 1.94312955806201115294130e-01	-2.05001786159004245613247e-01	-2.10230171272855426156667e-01	-6.22738794391215932932937e-01
-2.56983277226711381846513e-01	 2.71762053377680723453835e-01	-3.31995696937684103833277e-01	-1.87117864442931769453082e-01	-5.28286995895686062318930e-01	-6.60139071376975250515784e-01
-3.98860071034959573488266e-01	-4.84904859694753775922749e-01	-7.49343911861717337785649e-02	-4.88929961658944145508343e-01	-3.40866480893259660156502e-01	-4.94894223639339325693243e-01
 1.41564815363133172931853e-01	-2.83231333164974619087673e-01	-3.83996892918229526525664e-01	-5.20330858042030164334335e-01	-9.79894205852432781389538e-02	-6.86978655284537831349212e-01
 9.92945836755736582768250e-02	 2.32369598356569784236569e-01	-5.64714935901571180032477e-01	-1.13809605606160990642906e-01	-4.58670163351700757581320e-02	-7.76006177208831693370428e-01
 2.73523965933940224615206e-02	 2.71736620853607391268270e-01	-6.34334604362934567634014e-02	-6.17206178994448961816488e-01	-2.49944916121848631496150e-01	-6.91354701221198131300127e-01
-1.67818321521708391230732e-01	-2.57206706839079701776285e-01	-2.60742415402740353169708e-02	-7.10317884782472874771742e-02	-7.38674824986608080656936e-01	-5.95244355540913372415446e-01
-1.07342317018210568388935e-04	-9.87464364754918610955770e-02	-1.28137438648812551633682e-01	 2.33931443113306436476506e-01	-7.21810667844930975434181e-02	-9.55979027018019289485551e-01
