 7.35320973888900081272268e-02	 1.16730492802311208722088e-01	-7.56100569680970020086663e-03	 1.79602931974759932876040e-01	 1.29923706407647970850761e-01	 9.65283622173266908639278e-01
 1.35313442302793379701242e-01	 5.74378569173653666379842e-02	-1.86031363648672037891529e-01	-7.17804231141317694575577e-02	 6.32122514463156592867676e-01	 7.34201739462837954519614e-01
 1.84353076833657925082122e-01	 1.87518489907111701731068e-01	 1.54568483401681285027696e-02	 5.40787961413239925967389e-01	 5.64135507257210955245341e-01	 5.65607067747981862027018e-01
-3.17013277478946434162488e-02	 1.13271287274663651212236e-01	 4.29224968790035799059979e-01	 6.73538798522522741407670e-01	 7.13970144622033120462845e-02	 5.85814408047527157563650e-01
 4.34135781022249922500578e-01	 4.90639157824055871515156e-01	 2.80425287639459286381793e-01	 3.62251607229303662638387e-01	 1.08116711002249177298040e-01	 5.90970006311717255265137e-01
-2.31248722252158395162880e-01	 4.08190333570233709892250e-01	 3.49786920250304722568302e-01	 2.57876107791443209826809e-01	 3.52044413461116090235947e-01	 6.83460631228695714156629e-01
-6.55493417298396385817227e-01	 3.85948513866948214601216e-02	 1.64555656598775218446562e-01	 9.90247044249107921665143e-02	 6.19564425549198216636171e-01	 3.84830201145526851203016e-01
-1.12991440958656347293143e-01	-5.16854414093038894151277e-01	 1.76766167828184328492114e-01	-3.36996430244113145957563e-02	 3.06929209576138617432406e-01	 7.70394032416503060645141e-01
 3.27188810741041113949734e-01	-1.07609824578368415415319e-01	 4.29171966459173104269098e-01	 1.52795168493364996731287e-01	 3.69211053168915781519388e-01	 7.33154735160748027844591e-01
 1.48002037638151645593254e-01	 6.42003170015368107570453e-01	-2.09644203030146136779166e-01	 1.21019419852865323106172e-01	 3.90443602830282288085328e-01	 5.95722022178476362519461e-01
-5.13545446048263354299479e-01	 1.34663907481219646822268e-01	-2.71687040105288990510246e-01	 3.63876123235745974060507e-02	 2.60091279494916338688171e-01	 7.58519167262036497767497e-01
-2.41973209613772277659649e-01	-2.07423664488827486085398e-01	-1.32005805428476646889990e-01	 4.48406411076071542698429e-01	 4.28160594395853966176446e-01	 7.04704940017367165161488e-01
 3.14229528518186085328523e-01	-4.15612638415593815821580e-01	-1.20940102568743074185065e-01	 2.75490265248826804445059e-01	 1.26489847326244325698141e-01	 7.88672848565007633681034e-01
 6.35502522950727399830839e-01	 1.62727185683627373347093e-01	-1.97322068362242114547556e-01	 1.77819089658857842906059e-01	 1.82688005731728719815976e-01	 6.82441112195515398042289e-01
-3.10220942106532240889472e-02	 1.91404711067671262636480e-01	-5.93675153143331635341440e-01	 2.06745468288956346647467e-01	 1.73375825697430430150092e-01	 7.32904368385018489817639e-01
-2.20908712457955236363460e-01	 3.26346820068348572596584e-02	 4.70009652299292257637831e-01	-2.18161241514230969107402e-01	 4.70461683303366184905059e-01	 6.78451709615586651125341e-01
 1.92436144738810571697130e-01	 4.96355467438054198670017e-01	 2.85206081882772466418174e-01	-2.89219134331303306950645e-01	 2.54514894876905040099757e-01	 6.97733137827021288046581e-01
-7.16387241111879013999442e-01	 2.70478111038923607623019e-01	 2.18460213009475795464809e-01	-1.34443473296551957441025e-01	 9.05927716018035678047227e-02	 5.82772639864161390299557e-01
-2.62115950750495430021658e-01	-4.38825469320694216968093e-01	 3.31098438020974938922336e-01	-5.72930798189046130985957e-01	 3.58397484948413669325618e-01	 4.15214165758853948062779e-01
 2.98745248138989949460154e-01	-2.72395159501772352386717e-03	 4.98040717092278595323762e-01	-5.38579844827424381037417e-01	-1.38064263966315464715606e-01	 5.94616944495695798345025e-01
 5.64758923715735772219659e-01	 2.89160854335256789493513e-01	-1.08648155011122543589508e-01	-4.77760861489127441892322e-01	 1.35089271010587375076994e-01	 5.82343871697146187038641e-01
-4.28237377356364135039257e-02	 3.51109680188590789207126e-01	-3.64423035007378326444183e-01	-4.35338618476445060601066e-01	 2.66430558326021693638097e-01	 6.93958944299539082223305e-01
-3.89679717287224558486258e-01	-1.06282857928710380845949e-01	-8.33971981855347321843652e-02	-4.53898187765542693306031e-01	 4.40831495528172689901680e-01	 6.55395000800134241991657e-01
 2.65813413221381134032839e-01	-1.86754267502226178887526e-01	 1.12303478648973484310680e-01	-4.11537470342516975563285e-01	 2.44883720966997175949587e-01	 8.07788880410027498868430e-01
 5.26500523556085231469126e-01	-3.19486224071473867702764e-01	-4.64798407223493748041676e-01	-1.85481245944874140185732e-01	 1.73153165198107222844115e-01	 5.83354849770564176658638e-01
 1.37722787144994474051174e-01	 4.68392148451176951184927e-02	-7.51163196727818283093825e-01	-2.41743839803812976541053e-01	 4.81654524644502812780189e-01	 3.52365163632472500054860e-01
-2.07169812086520993554828e-01	 1.22043697776495291273946e-01	 1.49463309825482199011404e-01	-3.53032001465361289227474e-01	-1.61809904338315845018226e-02	 8.91601539533792175618032e-01
-1.77150961101169124312094e-01	-3.36617877130293730036925e-01	-3.32434912132884563540358e-02	 6.27371745570453165363745e-01	-1.58015122341470831690557e-01	 6.60027822171513678384258e-01
-1.26720478004725328746716e-01	-8.45279977391813902576345e-02	 5.57242727331264453560777e-01	 3.86689104054811050303897e-01	-4.55970035205238155562313e-01	 5.55734059320727724617939e-01
 2.91214600010153645825994e-01	 1.12858352331785774524953e-01	 4.35125777431557336782930e-01	-4.49311509729997740625329e-02	-6.50153642006497389793651e-01	 5.37032625007449859744213e-01
-2.27988154948011556566456e-01	 6.13356350764774682637892e-01	-8.98598504754648669257122e-02	-3.78391330250643781463182e-02	-7.42661305003427391069337e-02	 7.46185859772794723987488e-01
-4.42813645995430660295966e-01	-1.15407591140017362629777e-01	 3.58660394743799904038184e-01	 2.31958034334116741659315e-01	 4.20464216467053494841188e-02	 7.78708836988687203017889e-01
-2.92771400508224532988066e-01	-6.93349069993547728607552e-01	 1.17672686881827331939476e-01	 1.57878437572972374347557e-01	-2.33053458418952391673074e-01	 5.83494299384346493120290e-01
 4.51607469916002646215247e-01	-1.42154415916677240305788e-01	 2.57251145157545546560129e-01	 4.51558747203060883990133e-01	-2.26133471512843076123289e-01	 6.74257379902169939889234e-01
 2.55554937701187256937629e-01	 6.00443858136229358102298e-01	-2.71902457844993061808481e-01	 3.62058233036536392113192e-01	-2.23034378829300633517718e-01	 5.65152547735178090171360e-01
-2.23125765402314796270744e-01	 7.61665446788009486978055e-02	-5.76777042887004043336674e-01	 4.68710975408627494864788e-01	-3.58839410635530597915022e-01	 5.13114112055091164954490e-01
-3.78949129819168284427633e-01	-2.01848046986767393207174e-01	-2.40539556049863600950545e-01	 9.09151974487125008606014e-02	-2.13942438057929340544661e-01	 8.38903275105627566077260e-01
 1.29915722852499554429428e-01	-3.73375257332883347949348e-01	-2.71819799428436814636711e-01	 1.11687627282107668214017e-01	-4.86982225247549638247335e-01	 7.21249613525746013920070e-01
 4.14202526580448204818197e-01	 5.03992207632846245246583e-02	-5.28501218602046241024084e-01	 2.89816522837076651075705e-01	-2.90161563084316287408626e-01	 6.15138437960164985440770e-01
 8.87082365531930046309572e-03	-4.46398444538386174329503e-01	-5.90408160140905802215627e-01	 3.86663720907506724966396e-01	-4.45748074161404495008298e-02	 5.48244648964485659092816e-01
 1.07511320680686542350379e-01	 2.35871250818978528407399e-01	 5.89223261823456856411951e-01	 6.01515060950253560578815e-02	-1.01337748085731857439207e-01	 7.56131254357419124723094e-01
 2.13186800672778148380004e-01	 8.43318934923794505387207e-01	 1.85930289186875513651742e-01	-1.73343593549625613059462e-01	-2.09318335320122672627008e-01	 3.67331352670721256181707e-01
-4.14931175997123924403809e-01	 2.05587545383330738690830e-01	 2.42198232464421431275881e-01	-5.41877584055220837266909e-02	-4.97997821490573089331377e-01	 6.89904162322303227128373e-01
 5.58802265360727537513164e-02	-3.12458202575317534055444e-01	 3.07313217838064089981742e-01	-6.38145056035980817732423e-02	-2.60553485876281964994661e-01	 8.56063927484378983656654e-01
-7.20226821880487338978227e-02	 4.21690914828845797579504e-01	 4.12751191829013819312166e-01	-4.58717039714935881367097e-01	-3.64553179416278627655856e-01	 5.50731891302499110274482e-01
 3.62287081923136577987776e-01	 3.88689380618438162784400e-01	 3.29160857660696914983589e-02	-1.16476513450366261914759e-01	-2.77952011537123733209143e-01	 7.91050610303049683835752e-01
-1.02198280457252044239880e-01	 2.83030330620419379172858e-01	-4.34678323367538754773420e-01	-4.65975638346387138755134e-02	-5.12000655912329794006155e-01	 6.75416977877283608577841e-01
-4.27067699846175985456398e-01	 2.03366227480344635702991e-01	-3.02121080002831943200903e-01	-5.09744554803046256985510e-01	-2.26685471791185561007964e-01	 6.11352922634613493713118e-01
-1.65472899792183020251102e-01	-4.78972782387846185425673e-01	-1.89522959463052781403647e-01	-4.44848635474997533556518e-01	-5.57860495464010466837301e-02	 7.11535276141960881801651e-01
 6.02763095276284466272898e-01	-1.83273542239083347960005e-01	 4.40772088067106146413998e-02	-1.56341140554223240188847e-01	-2.35578202196766423037744e-01	 7.21945301094096381078202e-01
 1.59812309006696129376479e-01	-2.98604629021764905738578e-02	-4.17304752318901184260369e-01	-2.65869275091106416208930e-01	-1.14848060572579402371929e-01	 8.45901042606357789210847e-01
-5.28162629233332042710813e-02	-7.55141564735515580242264e-02	 1.56479908185373668694229e-02	-4.22307098045249518225575e-01	-5.79279824937730780654022e-01	 6.90908672898926989880408e-01
 4.83241552527683415618753e-02	 1.50128157690338659424611e-01	 1.01602769351227806282623e-02	 3.50207673364360927426020e-01	-4.60871992816311970564414e-01	 7.99984170352423307193135e-01
-4.13273128600224609607849e-02	 2.60999958452082680970818e-01	 2.93617599578777033197952e-01	 8.56109064248982976064184e-02	 8.26340903869964948924576e-01	 3.92162292182528404715924e-01
 7.76791788188999354769493e-02	 5.48195159068168069715909e-01	 1.80590812933404842866025e-01	 4.60228473574415486435640e-01	 6.70039748187458816808260e-01	 8.45334233008715983659354e-03
-1.98242287766720204356119e-01	-2.13437221615843553124137e-01	 4.72889571674380226884438e-01	 4.12133635008478271810617e-01	 5.60436167801262596910306e-01	 4.55606375599026391931545e-01
 4.90438105218985453959135e-01	 3.77272502019366684500312e-01	 1.50935127690167342207062e-01	-3.04051707446021182712492e-02	 6.30057760950422096613011e-01	 4.43234988303657984065609e-01
 3.86181352001856922906420e-02	 8.13481528101574813405250e-01	 3.74187097163479753803017e-01	 1.02848272385999292555248e-01	 3.13367321858360914355046e-01	 2.96586604293061883996785e-01
-6.09454073212360114553121e-01	 2.88462563903707391865794e-01	-1.51277417100639660629824e-02	 4.23443699467195178165468e-01	 5.84008907033751634152452e-01	-1.57338053847424302889024e-01
-1.74436193930323196754628e-01	-7.41912460215207736347054e-01	 2.18874975441184574376230e-02	 4.19315273979186942110431e-01	 3.05575214841465492288108e-01	 3.86597131595836418505030e-01
 2.79683118122098950397714e-01	-3.07094419508859073353335e-01	 5.12069320103617497963455e-01	 5.62294541733523306481501e-02	 7.24822678156537891780431e-01	 1.91639547239046525994866e-01
 1.36074987748626807793073e-01	 2.97730941575012009181478e-01	-3.81092253549226711584197e-01	 2.43979157941816876542518e-01	 7.98776968782861307438736e-01	 2.23691982544984735437055e-01
-3.72142510142134619322007e-01	 4.08835537725893705118807e-01	-1.87190949098581582710210e-01	 3.87391531190320215216616e-01	 5.78404628169571166651508e-01	 4.17969964814581262935178e-01
-2.44388093803535932924120e-01	-7.73927433433427569564600e-02	-2.54383005056241402741524e-02	 6.03768381350931027107265e-01	 7.37704977648866111472614e-01	 1.57774596767710967304410e-01
 3.20550830675713660511406e-01	-3.87873872649501683085305e-01	-4.29497339387060056425938e-02	 2.88813746056829745434413e-01	 6.79482355563935214171067e-01	 4.47042159968710051121121e-01
 6.38669391594726021388340e-01	 2.09519082429375030907082e-01	-3.76940841400246084980097e-01	-2.03746900634803634888570e-01	 5.25964951319926488082501e-01	 2.96592034429767947845136e-01
-9.05053864628468790476390e-02	-2.80266080374568904431953e-01	-5.18525878019141073238529e-01	 2.21808962650850122200197e-01	 7.13997655630382643821008e-01	 2.92230636448742031596737e-01
-2.40565639419102139662243e-01	-1.00051421721282535193254e-01	 7.26258224164793797505979e-01	-1.69565668684595383108871e-01	 6.01919668790608208830406e-01	 1.16649364773149216700787e-01
 3.85922972295559760236294e-02	 5.82214836212477937493759e-01	 3.82825590334022081151488e-01	-4.34713787794721862045577e-01	 5.55865064732298019833934e-01	 1.22552188823187468980080e-01
-3.69941214239089488646783e-01	 1.28131493819511416143442e-01	 2.36723365125366097538873e-01	-5.04204567644959356087497e-01	 7.12476605646274574468180e-01	 1.69831407800012018638469e-01
-2.06865762490066079637430e-01	-3.26621411437467923377653e-01	 5.49294584361858656551547e-02	-1.74391684398632895725001e-02	 7.97388187520065017110937e-01	 4.59756150914263306273000e-01
 2.09901870460921818883904e-01	-7.02160674544182045186957e-02	 2.51125356682271871910928e-01	-4.35421002941945689546088e-01	 7.42280254540713113620143e-01	 3.83895217208353733973070e-01
 3.67027726039147572656418e-01	 4.99955765403364671417563e-01	-3.35345065804670740966520e-03	-9.93859923307516684998220e-02	 7.57248377287203289220940e-01	-1.78943999484423799106736e-01
 7.34993020746692177214143e-02	 3.83133326703422150139033e-01	-2.04308366684063130724880e-01	-4.07772760451481808274821e-01	 7.59101076182219336452306e-01	 2.52094684274323077577407e-01
-6.41849403521214667556194e-01	-2.60863516792326666227098e-01	-2.90921762249248927467704e-01	 5.74901736913743105494845e-02	 6.56946286855260019876823e-01	-2.14605026039542297333629e-02
-1.05842407155010920227767e-01	-7.43583245482841048712430e-01	-2.60967788698010461079235e-01	 3.95206894128812338817802e-02	 6.02622105084308246070179e-01	 5.53341550852297775486832e-02
 6.62796441424513216311709e-01	-2.57501169356431913737282e-01	 7.23307218142235919255967e-02	-1.75735761628988768068282e-01	 4.73822557151050038903861e-01	 4.83499139726664473037943e-01
-1.48911839355881842061891e-01	-2.37516274953454065155256e-01	-3.20046961546190167346992e-01	-4.39334132546803590724238e-01	 7.75214604400945028750414e-01	 1.58142539311118435207959e-01
 2.27149500386357450221197e-02	 2.22818871329411527515418e-01	 1.97387549620489238799692e-01	-7.70969581741954401721273e-01	 3.38537600578451614019571e-01	 4.49301829400091778943249e-01
-2.19971448525310919741571e-01	 3.85599128746925978727944e-02	-4.69277229870103222697519e-03	 9.40514128774659452503215e-01	 1.81033170284423700069354e-01	 1.81007838705784823707390e-01
-2.35075034506759157626465e-02	-1.08545674212456810803218e-01	 6.35130072234402320852098e-01	 7.06269028964299883099898e-01	 2.91740333220902814392872e-01	-1.86188595994577071879306e-02
 3.59586261089303860227773e-01	 2.08300401623570163867072e-01	 2.68063927007258784307453e-01	 8.41005808266853005505936e-01	 1.98731472313752655090013e-01	 9.30882749337784282106512e-02
-3.42558567692844317953416e-01	 3.94825235966303977885872e-01	 4.19787243588588376841386e-01	 6.26761677546643580782870e-01	 3.57155734664621082874447e-01	 1.73651696276675121533017e-01
-6.94859960539804144552534e-01	 1.21925427001022372575090e-02	 6.07404739219102804415051e-02	 5.73012502422643787980405e-01	 2.09937543499569001514971e-01	 3.75385764068879024257797e-01
-5.07170466058713853563233e-01	-6.90787533853684299067766e-01	-2.55091938968593917591576e-02	 4.91728036758310449449993e-01	-1.50561800263706357938531e-01	 2.17867993067782303451274e-02
 2.24756914804368990168371e-01	-3.45777014484800637728057e-01	 2.35260583905162357076790e-01	 7.20731510112674667034582e-01	 3.22923082905497094152736e-01	 3.88383593911631130879414e-01
 3.97557335882969473117576e-02	 6.38633046025054107452945e-01	 9.31031432016975885046506e-03	 6.77921618216871135764734e-01	 1.76046801382450546213931e-01	 3.16086120378772428285430e-01
-3.11782950050701057609359e-01	 3.29468513371458104899148e-01	-1.21615780399686485013788e-01	 5.60886182191897786353252e-01	 1.87772151161974716615521e-03	 6.81802506229172267104843e-01
-5.10320668269653054949231e-01	-4.51989122158421796626726e-01	-2.93769277941670181597544e-01	 5.35190885885404754596095e-01	 3.86059493385830398981540e-01	 1.16219807075968739606964e-01
 1.14904877979643244012564e-01	-4.54072497234213945382919e-01	-3.43568449044153734206475e-01	 7.18254943953525515354386e-01	 3.09901538901130924053007e-01	 2.25048058792764626989680e-01
 3.11865120939375184416775e-01	 7.17341121653355257015150e-02	-3.25317840237401678660234e-01	 7.36492249961209211051028e-01	 4.97286761567721669052844e-01	 4.52516169120631903122209e-02
-2.50208300360280577745442e-01	 3.03028002986505604066103e-02	-5.47905236719668731204536e-01	 6.49226626244275184518528e-01	 2.86098283901634831138949e-01	 3.64595608893002964823182e-01
-5.99952833452730871499625e-01	 1.02542441826079411271166e-01	 6.72652597651095418562761e-01	 2.12026593240389332750695e-01	 2.68696899996691551670835e-01	 2.44799566626783926537314e-01
 3.28747021275110518079288e-01	 2.79898876171764066089764e-01	 6.13880631758531691843928e-01	 3.84685116342066202310690e-01	 4.86663990641485355581608e-01	 2.27833506205884328554845e-01
 3.39085094157243194246121e-02	 5.53562441290841422691926e-01	 7.13601349542993479424524e-01	 3.94958757032063012548662e-01	-2.12779030105785700588417e-02	 1.63544433102769920518327e-01
-4.18593618208483453368984e-01	 5.44705319513197117053949e-01	 4.03370145059768259176991e-01	 4.12797335857840383410711e-02	 6.02511208807625431305155e-01	 2.53820925039390556110508e-02
-6.52024421720953539782784e-01	-2.86278417689649899990911e-01	 3.55279229541890728683029e-01	 4.37168349449755855307131e-01	 4.07092104889652306454195e-01	-9.92236991679689428469402e-02
-1.29671976831090357551446e-01	-7.49750164087585879713060e-01	 5.21860718302094683807013e-01	 3.73306892931329292739662e-01	 8.91896597940724372710619e-02	-3.75290400137221966114787e-02
-3.40782079504875212716541e-02	 3.47072266597744302774053e-02	 8.76228566530610653018130e-01	 2.07579943288912771581778e-01	 2.06662890390255038486345e-01	 3.79550523956822760673901e-01
 7.18652096612264923436442e-01	-3.74214230893053084736621e-02	 2.43192018123896458448030e-01	 4.31975993929201329546430e-01	 3.20027534341788322258537e-01	 3.66026722223374900710979e-01
 6.27104479501997991164330e-01	 4.46356675568952088184460e-01	-1.14963377635756119898858e-01	 3.92623843165438857205629e-01	 4.70322333023034389043460e-01	 1.37595539912857084408060e-01
-5.40276058934434089131571e-02	 8.76866918648051107965102e-01	 3.16425288248247726929918e-01	 1.83051976181362596740598e-01	-2.97974081824101122428772e-01	-7.59202365400050288579692e-02
-4.67526434903668741682736e-01	 7.78925283182159589046023e-01	 3.96895526884945559764617e-02	 2.67095698964707195521839e-01	 1.36651303944297558556897e-01	 2.88280217875113486947214e-01
-8.76727814461305654525347e-01	 3.99388315667200066716447e-01	 1.40189089902658603481456e-01	 1.57981904267416484177744e-01	 1.52557189614143662304002e-01	 6.28677465140820151967560e-02
-8.01042393530022489578357e-01	-1.38842949405568072407391e-01	-3.29559627969857382723262e-01	-1.98986554263742926318415e-01	-7.55158639266441389370499e-02	 4.30285807688424504213742e-01
-6.38664503718342269067421e-01	-4.72147448357988608336200e-01	-9.31153147252893054197642e-02	 8.35884890609817493567490e-02	 3.01220807658694689212808e-01	 5.12633364494352927742682e-01
 7.75970419341362599441325e-02	-8.16981067706329056044012e-01	 1.24118374645958179369742e-01	 2.02417523386729913958959e-01	 3.70975608802411538356125e-01	-3.64032288495686973117671e-01
 1.43200360460363107506510e-01	-4.56889499864398695994083e-01	 6.43518254047518500904346e-01	-2.26986570399425435784480e-01	 2.91587611116785938580875e-01	 4.69130749670950364382804e-01
 6.76768985387116606133873e-01	-2.66547803628101320772004e-01	-2.83125763400305041628258e-01	 5.47525397647206646389861e-01	 9.77301911175537142695280e-03	 3.01490029564548622786901e-01
 2.37141377338797976204177e-01	 4.90803622962291963283121e-01	-5.83565387750595521154651e-01	 4.68160237091702235989743e-01	 2.74137656975380950008514e-01	 2.60771444937387408824492e-01
-6.40426513483163539763865e-02	 5.29128842444013369750166e-01	-7.20554782456215181518644e-01	 2.07344390107503745435125e-01	 2.83464038421746888918307e-01	-2.70884579100019451392001e-01
-7.84730427670138008799938e-01	 1.60097060176498717787297e-01	-4.41365043348772079223608e-01	 2.39202756727628002009212e-01	 2.54860617569206415744532e-01	 2.03941394786265439709183e-01
-4.50841003297831444118771e-01	-2.61089856328329317225467e-01	-7.30708724281649901755031e-01	 1.26031353881629115676333e-01	 2.19077039421828073662013e-01	 3.61608331711910757633177e-01
-7.94729700384479015307093e-02	-4.06196736504157829283912e-01	-4.72130971993938719499795e-01	-8.16113506375756025956747e-02	 3.44273158186703509553439e-01	 6.93250447940686354009188e-01
 3.82506423783664117888037e-01	-8.81929340560852204067288e-02	-5.87130487293019087680079e-01	 3.13654887331801190963887e-01	 4.20518401629822902165756e-01	 4.75366720102960937932579e-01
 2.21519123317145377738413e-01	-1.21097456959400509579616e-01	-8.75910980640109637640478e-01	-5.19113675360042894912915e-02	-1.23362608879247923066025e-01	 3.88756369166986803787012e-01
 3.35651267192036750763862e-01	 1.76117990553238540352154e-01	 6.93614184590731763790927e-01	-2.43528221915258996643772e-01	 4.22585686591919307275589e-01	 3.70587892123895812357404e-01
 7.05550988277186097441529e-01	 1.96768733303781279131428e-01	 4.45265156278900953168431e-01	-1.07553786181650568032353e-01	 1.54352747133627218878438e-02	 5.03401176509900905031714e-01
 5.97467295057668046354138e-01	 6.23424231002901785281267e-01	 4.00364529146303604889567e-01	-1.02356676921915523692519e-01	 2.79641354922259444126809e-01	 7.35331669596663434207429e-02
-3.14673146540046633212739e-01	 5.07934027430352874610264e-01	 6.35950067739247448805884e-01	-2.06951280514990537673370e-01	 1.34998074794993316860570e-01	 4.21305154564082573465100e-01
-6.82638031784578491745208e-01	-2.01971483559973928600950e-02	 5.23350061184158943383693e-01	-3.86262836001604270563803e-01	 2.51052856644526922735849e-01	 2.17888941694433208029480e-01
-4.82345184812864702372792e-01	-5.19228397512647932288132e-01	 5.32208687657658829905927e-01	 3.37837883121751836323909e-02	 2.70163974432243270129561e-01	 3.74658496837127541478907e-01
-1.29737235527804167789512e-01	-6.73931204729171895451145e-01	 5.84976651556415205845951e-01	-2.66798903065937897949311e-01	 3.32126281020930391729706e-01	-7.27858291273297403067843e-02
 6.90877243331635026990512e-01	-3.13239791534023925834163e-01	 5.31108128982219152014466e-01	-2.63520674244448027678800e-01	 1.96133570459131850727275e-01	 1.85962630009130935881956e-01
 9.67849842223786671624453e-01	 4.57427394336445344857900e-02	-2.19796366321508770957927e-02	-1.29252046216672050737984e-01	 6.96329939200020647804834e-02	 1.97829054935203696441448e-01
 2.35053456102566754593042e-01	 8.27390249037179836832934e-01	-8.27824375945695606349162e-02	-3.37537485910575196790262e-01	 2.99872780587788545503258e-01	 2.22411954863154320838348e-01
-3.45594708401026295963021e-01	 5.58059002479431187637715e-01	 3.44507097830307959518414e-02	-2.27783842308988515590329e-01	 5.17328165164199549330704e-01	 4.98431225529775367988350e-01
-6.60942357687655190900955e-01	 5.45206331428079171708134e-01	-3.18840401545264107152633e-01	-2.43930664060042295959718e-01	 1.11994729153813518673921e-01	 3.03646284516152942245526e-01
-8.24351118009586825152724e-01	 2.40241805922420975649700e-01	 5.68970931813083391492825e-02	-3.42558073201681467789825e-01	-3.23527379873524756348502e-01	 1.93586752303764320082280e-01
-6.83778448877793376681211e-01	-5.40782053091829695290471e-01	 1.68832745374062703769269e-01	-4.54507305068723332919234e-01	 5.63002895093830946215974e-02	 4.18413077454263815369018e-02
 1.98151482135862894162770e-01	-6.42292741837352298972519e-01	-7.86702926121682494242648e-02	-3.21407568899580942112237e-01	 5.18080037491203349020452e-01	 4.12670883850444925045053e-01
 3.94970460577792337186764e-01	-7.02017618354639605371403e-01	-3.90185258639430265770187e-01	 2.25647912699317249041187e-01	 2.97538982537874641121078e-01	 2.43882422687439537334342e-01
 6.73749613145775083644651e-01	-5.45783967648228340863170e-01	 2.23525217713925056228774e-01	 1.98194304567845314135610e-01	 5.00472585950798923293270e-02	 3.95514963097484184562092e-01
 3.55898639226794488710226e-01	 4.75591574273942385708835e-01	-6.15614868059685904633227e-01	-1.37720831203233723405432e-01	 3.38953839267340795160521e-02	 4.98047410294596815116819e-01
-1.56737180255124008976253e-01	 5.95856692546165911394951e-01	-6.31860996451698353482129e-01	-1.62955344421436831847672e-01	 3.62270301110897918750453e-01	 2.51685764583923110571106e-01
-3.98766338637582484771826e-01	 1.39280766268265632223944e-01	-4.57859217844729549096172e-01	-9.92030405118467933922588e-02	 6.73126942066363809225038e-01	 3.86018249010982805735637e-01
 5.90096644632516070805295e-02	 2.46038517050791273946264e-03	-6.49217593670514125925308e-01	-6.52378440387762603691613e-01	-1.08270805873454764589603e-01	 3.71090454183555518152815e-01
-4.27746752464109092350952e-01	-6.11469322904431122900348e-01	-3.18526789551035360847919e-01	-3.90052208707084402394827e-01	 3.46858102968621573314323e-01	 2.63110999635609188462837e-01
 6.90369750746441523947539e-02	-5.23807215561998718023062e-01	-7.25557549398488044190003e-01	-3.55190863655955313404888e-01	 1.76437633615297434497293e-01	 1.92705348467966247616445e-01
 6.04366362103244125769663e-01	-3.42035147521489335531442e-01	-7.19039111794676499833656e-01	 1.54840918991656882608421e-02	-6.69654095113276625478305e-04	 2.22667552422331216366302e-02
-6.58465508497940443799479e-02	 4.56182553784436686794557e-02	-6.15407398334890776148143e-01	-6.76995332000992378063131e-01	 3.75430507222728859773042e-01	-1.24844684658355173367816e-01
-7.50887920130704766830121e-02	 1.54907120155540506400982e-01	 7.14845461321377717567316e-01	-6.21656869112184651271491e-01	 1.83075072716611247924945e-01	 1.98463293086669184672743e-01
 6.29180236623861022238202e-01	 2.41706036199250295926078e-01	 2.00645263448191807365006e-01	-5.63095121996509573314427e-01	 4.12392965869595784500490e-01	 1.35306413179897888632297e-01
-2.34370072237053528318995e-01	 6.65584431295238920789359e-01	 3.68382583357902623766300e-02	-5.91407619305753140537263e-01	 9.55698583055036854361219e-03	 3.88402714497096901435924e-01
-6.19934681775773932521645e-01	 5.43542668948298723918811e-01	 2.46287843661811278739293e-01	-4.44565476817655957919584e-01	 2.44838064367495028550437e-01	 4.47271113220364807672169e-02
 8.24610385233007225913582e-02	-4.91923168018797707379264e-01	 2.03489176458987897078146e-01	-3.89442945174698296195714e-01	 7.44149633119666975566986e-01	-6.61773748162709923859026e-02
 2.81770498735407659562924e-01	-3.33562139918025690743519e-01	 3.48053055783219655872074e-01	-7.49318805004077770348658e-01	 2.62872638678321612903943e-01	 2.40041787023067026973777e-01
 2.24166961584894547376834e-01	 4.32393400556870644013685e-01	-3.62098103682917782375483e-01	-7.36084248062368606824180e-01	 2.31102174434310747574983e-01	 1.90897481712273969778337e-01
-4.24299261842475461392610e-01	 2.99959584883690677514778e-01	-2.62811600154194136003127e-01	-7.14653372927915642165431e-01	 3.40512862917803915685511e-01	 1.85056730250485940159066e-01
-8.14653512715242889008493e-01	-5.41703702240566922765375e-02	-1.25787908921154989450031e-01	-4.00102833882596320425051e-01	 3.61560598939092203707446e-01	 1.63628490164970913367526e-01
 2.22792403599502197852900e-01	-5.81232792415258270324330e-01	-2.34340549436779038705581e-01	-6.90381464273859046798520e-01	 6.49569410013723647079331e-02	 2.77074940064981678489175e-01
 2.63795647589511905728443e-01	-1.31318621866579665624641e-01	-3.10194752411804219871527e-01	-6.39966960353279934459181e-01	 4.67231873328041003023969e-01	 4.34836932243139573373014e-01
 1.19973464515239769401234e-01	-3.95915708555218265329856e-02	-7.44112323563302646700635e-02	-8.16755830179280106762008e-01	-1.42264623055794320327649e-01	 5.39604053657459781234706e-01
-2.22205500997884219938072e-01	-2.46738367157066845747337e-01	-1.23399242094746064424271e-01	-8.70250067213216071948523e-01	 3.05345432275543060551826e-01	 1.54746593026279716243110e-01
 5.77901434051691295645803e-02	-2.49658817308726743711134e-01	 2.53247357970600162069275e-01	 8.86184371691228989220690e-01	-2.36688954852128041750348e-01	 1.69859200420105105333590e-01
-2.04421159587044376504394e-01	 1.25618599055676682940685e-01	 6.45342705491246060311994e-01	 6.76968660947438127806208e-01	-2.53366869178424269914984e-01	 5.90204307962250568353468e-02
 2.90466268381858461200551e-01	 3.37755332127349205961764e-01	 1.97103572139861682455120e-01	 7.13109634525576852048800e-01	-3.65684460471458694375002e-01	 3.47059633086397367751630e-01
-2.57689763919498049382639e-01	 5.86986090766465240520233e-01	 2.44769033460018714531969e-01	 6.88838724218603037918740e-01	-2.32059112147389279279253e-01	-2.79502336862804054429255e-02
-3.26491976558519303441841e-01	 1.23992308808552331722552e-01	 6.93820722297868730521486e-02	 7.01937387156751357863982e-01	-4.65250331644401882158490e-01	 4.05019824290939578492754e-01
-1.67329669321127999515042e-01	-5.51490634337824858768329e-01	 2.76000101925449436990334e-01	 4.88267249520569324161556e-01	-5.71987597596301022839782e-01	 1.61579970854426380189039e-01
 6.19828294275957092374085e-01	-2.76723832413948545028148e-01	 2.72187385793499991848421e-01	 6.50994868513832702916488e-01	-1.91347773043150509719723e-01	 6.88661319087954110207406e-02
-1.21289736805752054911445e-03	 3.30196858809078175323037e-01	-3.49427850353704771979579e-01	 8.28363405141708586398863e-01	-2.31714484006401461035907e-01	 1.70268046425223362749790e-01
-6.45996129507953931181419e-01	 3.71019608272865286657805e-01	-1.59588171365152908798279e-01	 6.34084078274494866711564e-01	-1.29780025661362541367083e-01	 2.56825449720131659958611e-02
-6.48760028143756772855966e-01	-2.74305582210404630405520e-01	-3.62315280201901068757309e-01	 4.56983629206365427055658e-01	-1.55805708946523374658355e-01	 3.73476980388874002514399e-01
 2.38764226261350770430525e-01	-7.08889771093743625840489e-01	-4.58007790348436485960981e-02	 5.55018008821782427020253e-01	-1.77967626571500003862525e-01	 3.14088775845764056615650e-01
 2.57945181373893994702939e-01	 5.67072835494571367287442e-02	-2.12024835046757648138183e-01	 7.34316540837325892887577e-01	 4.54073047533485804616582e-02	 5.86524876923021909469469e-01
 2.76842469781148459162523e-01	-6.84814339266248267579229e-02	-7.41458450951451020216609e-01	 5.87140182839538060655116e-01	-5.26542800705505423253250e-02	 1.46293670850477286471403e-01
 3.13339226422512329151004e-01	 9.23497120574985203012019e-02	 7.61857601199672718195188e-01	 5.54228902775858733864567e-02	-5.54429943396171798219996e-01	-4.89775097480029675267588e-02
 4.43920257885902613814721e-01	 1.11348484411851703090868e-01	 7.02228061429568506390808e-01	 4.28274746583250986997626e-01	-1.52606177334057346861584e-01	 3.01171322467970237202195e-01
 5.17503404992236570869579e-01	 5.57675245933593077829471e-01	 3.96665613760909974150337e-01	 1.66282117827769915230363e-01	-4.26313142950537959929846e-01	 2.33350162186303916600494e-01
-1.98641735805366759226587e-01	 3.39505038811207582316598e-01	 7.53753238599738750735924e-01	 3.48224054041975233930728e-02	-4.39740361689321346272408e-01	 2.87314564722443710476085e-01
-9.38768330926403105074485e-01	-2.42285716704166292911893e-01	 1.62616883696105524181874e-01	 9.31052590988889899881187e-02	 8.52278700379923842556096e-02	 1.32796921518109123372398e-01
-4.53367254906247185708423e-01	-3.69191113755100053239744e-01	 4.11956842272618195543998e-01	 6.33326243765231389204473e-01	 2.60447459124313399070338e-02	 2.94392856530853674890125e-01
 7.18977841749689761119413e-02	-5.10564202010100554041117e-01	 5.38577844698260421729685e-01	 3.74334746702112586280720e-01	-9.32488646504326941337470e-04	 5.51326978600797934504385e-01
 7.75728446752349531934101e-01	-1.74671160237593076081097e-01	 3.96890698451717149897178e-01	 2.67588335224867301942453e-02	-4.00663937814568549278249e-01	 2.21281517362810292715025e-01
 7.15637169325578748058092e-01	 1.66069783082699679033212e-01	-3.48319694683660585621254e-02	 2.87718432182803962593454e-01	-4.39663545174791003944392e-01	 4.27767546403530429799389e-01
 4.32569514683098177432186e-01	 6.33641893914980824931149e-01	-3.03893679463126731299383e-01	-6.54579193608396808778949e-02	-5.24702703694609917661751e-01	 1.98576258282664674936768e-01
-2.53916333029615914895771e-01	 6.68117520481608662130668e-01	-2.03718234625841765339516e-01	 3.94616957022201064742006e-01	-4.72838805487953206529994e-01	 2.61429295953026386012397e-01
-5.77929637525848249879346e-01	 3.61337951514019262155841e-01	 4.25294669807566250163688e-01	 3.87632171004166026229143e-01	-1.84560787608513438007307e-01	 4.12595780853475480043357e-01
-6.72190626052675876955789e-01	 3.10426694653788748379242e-01	-2.28424667159000810423564e-01	 1.93966327328134624519151e-01	-3.11392277643003811959943e-01	 5.14809784496829792033168e-01
-6.82176980414712419431567e-01	-2.37684240580467359693628e-01	 1.82534179323517536941424e-01	 3.01622329772940178660434e-01	-4.08285498513839717471541e-01	 4.32607171041223814711429e-01
-1.06084335633543393184741e-02	-9.53116198777258505359100e-01	 5.72734921302818361654730e-02	 1.24510130000604998801172e-01	-2.69485913752564310019721e-01	 7.16168144375276330415581e-03
 5.47330838092252580651120e-01	-7.81731590548931709605540e-01	-6.76470528462402159730615e-02	 2.38323171753914375692318e-01	-4.20525305780856950566005e-02	-1.61809149090591880559842e-01
 6.38762862388321805973135e-01	-4.58019906557112721490199e-01	-2.60240055517156732012296e-01	 1.24981497729486204506522e-01	-4.13675898416614507002720e-01	 3.57388808764097010151062e-01
 6.15597903831601844792942e-01	 3.40906863141007931972126e-01	-2.75859297769367683983432e-01	 6.31447011530229418418969e-01	-1.03298960519132523860897e-01	 1.39022932212266719931293e-01
 1.22576752314519255016023e-01	 9.31374010388027251394760e-01	-2.22215535291629212588660e-01	 2.40095415397786393629787e-01	 5.68405306982431648976650e-02	 8.52114664567469037859127e-02
-3.56818359201949208969751e-01	 5.94645032200310730274850e-01	-5.53787611607578944550312e-01	 3.31159652113292068964512e-01	 6.28816321618662216197393e-02	 3.14287146722159904665972e-01
-3.95793642335740381010822e-01	 1.79721434688122627676421e-01	-6.85381862600584312872343e-01	 5.69635480106248315301798e-01	-1.11372947211485884277948e-01	-6.64137595077736314630457e-02
-2.95768469476772266624209e-01	-7.89352494758581380018825e-01	-4.77445063958688187266688e-01	 1.14631113151458199905797e-01	 5.76696873285958977461974e-02	 2.12188070928445299268006e-01
 2.15965995765251966842513e-01	-6.80559242306021161539320e-01	-6.09432819154015148477299e-01	 1.87134160767581832207629e-02	-3.18308998760476469236380e-01	 1.30838200422537881406626e-01
 7.28147705592035565658193e-01	 2.23565798458531722614495e-01	-6.17368402366916591006429e-01	 1.58674330287866260924545e-01	 8.10114052906953929777956e-02	 8.32773527442991906566405e-02
 1.51314747213940864467574e-01	 4.75852951089386633221068e-01	-7.45734862559317202013176e-01	 2.84196333511053167431015e-01	-2.94884421170401755940560e-01	 1.63777144768769644667117e-01
-3.39721503857999262976364e-01	-2.77105630356574039740991e-01	 8.40335782675723619306041e-01	 2.08329312686755557804119e-01	-1.53171800210474884362810e-01	 1.86480130018376266676228e-01
 6.55715341713554500380212e-01	 3.29134281314226229131492e-01	 1.38896253546349213170430e-01	-3.88454202576020202197782e-01	-4.51683423418470453292173e-01	 2.95806125301745048705726e-01
 2.73337280606764765344963e-01	 4.64293313260172868517373e-01	 7.70573763420251189870669e-01	-2.01676177110265669734090e-01	-1.25167144763796367445963e-01	 2.44119706043179007792787e-01
-4.79991837509023855368184e-01	 7.15842799243338046011331e-01	 2.30126188521653757268481e-01	-1.28011656583313759849574e-01	-3.24329863698931963877925e-01	 2.87475243011458436726002e-01
-2.57548375351008440592437e-01	-1.17670537947269254752669e-01	 7.17124005588454682680322e-01	-2.83661125975680439292859e-01	-9.72858752311744762186763e-02	 5.61807318884989137508512e-01
-6.07584100850521946490801e-01	-5.99044022715653490251952e-01	 4.31694508053528436253288e-01	 5.91358233537968847048916e-02	-2.84933947181883251431600e-01	 3.07127188368749269586910e-02
-6.78315457010068706411587e-02	-7.20624813097667127337331e-01	 5.89688415756735362371899e-01	-1.03032752621868520237491e-01	-2.26616598005442093644035e-01	 2.57673246328905314328495e-01
 3.43226138902639421601748e-01	-2.57414056686765591042132e-01	 7.62713012894492670135094e-01	-5.27535675076953175510752e-02	-2.67337699960265795517955e-01	 3.99937865487403010344991e-01
 6.85977532713378801432214e-01	-2.09297419305080362184057e-01	-2.11332828613955414631675e-01	-2.78867188170835889060584e-01	-5.99326639854669385165664e-01	-6.33128782865419598158141e-02
 6.90803244677621774982867e-01	 6.42697433642043902679575e-01	-9.96287291242511363620338e-02	 3.53782390813569339038658e-02	 1.10644554925926879435094e-02	 3.13737087845924855766810e-01
-1.03473997310833371043870e-01	 7.89254987499081961388470e-01	-4.28592309848080055267872e-01	-1.54216350617353031848822e-01	-2.38591356761739065150962e-01	 3.19327121003348535221988e-01
-6.30888210587053022138093e-01	 5.73843379562143041106026e-01	-3.73828375947999724804305e-01	-2.91922314449565428740030e-02	-3.63261817406289100329531e-01	-1.11737392572662588841048e-02
-7.01861366881705750486731e-01	-6.30637933070948494829189e-04	 5.45558740568976019424952e-01	-1.31727850701850668357906e-01	-3.59689566426073970006883e-01	 2.51051934302900514595080e-01
-6.10383501762008062740961e-01	-3.44627504255835825919263e-01	 2.12681651876020227920350e-01	-3.00514801415155297092952e-01	-1.45984473190983177204316e-01	 5.93135538270967987983795e-01
-2.10372683474132821102032e-01	-8.92237767076002219468478e-01	 1.14747372677078865454980e-01	-2.73757612375759740164227e-01	 9.53915741662718780213837e-02	 2.49890693622698695230966e-01
 3.95259067431035115980364e-01	-6.47925295236133402809742e-01	 2.44340636956509815735927e-01	-3.37370713497090524146671e-01	-1.04314230426430495923817e-01	 4.89448952949550042390570e-01
 7.51042710249276157519205e-01	-5.69693903401451540169376e-01	-1.95309955070836760437913e-01	-2.15903277634207524382504e-01	 6.20517235221137303247119e-02	 1.50907533190390963362404e-01
 1.94602189442285772313923e-01	 3.02013365078884543635240e-01	-7.33960371981939196928124e-01	-3.09491857074081888612227e-01	-4.65253915900147807516163e-01	 1.41328240923550202401415e-01
-2.29938423049235035611204e-01	 5.12460099127354351544739e-01	-6.12646745244769586058453e-01	-5.46406818767585122920138e-01	-1.00780655173578759242758e-01	 2.14425254127255139613428e-02
-3.37258102749435073608453e-01	 2.54603922844828411964357e-01	-7.69880383252804945115599e-01	-1.17997503881664064784296e-01	-1.40825074485973977811426e-01	 4.41546031075024880685476e-01
-6.58132937044015875471814e-01	-1.10600410606663500379110e-02	-6.54505184179963284130110e-01	 8.39628052698551119448211e-02	-3.55964179820206394477822e-01	 6.78338158093035881179844e-02
-2.77156223774507715074122e-01	-3.76151159161813908315963e-01	-6.41524839537976898640181e-01	-1.93034877703815666016851e-01	-3.13582044022135408845031e-01	 4.84297894892001701272477e-01
 1.79520476875685952578010e-01	-8.08553633391495329973964e-01	-2.17798392929668155337808e-01	-7.27487079538650521781662e-02	-7.84594549273900238040014e-02	 5.05102979374039917637162e-01
 5.82716909912084246592201e-01	-7.27838833499101639512574e-02	-5.80467110955444898223732e-01	-5.43195436446046175937852e-01	 1.12021203988734358025781e-01	 1.02914576261875945206725e-01
-2.14786167136327144078223e-01	-1.45131843508077479354412e-01	-9.05171072928027786730354e-01	-2.92900557401154781889119e-01	-1.55338929661782809699133e-01	-5.95655902915439225409067e-02
 5.16758606109328777478140e-01	 4.43937951634051988780705e-02	 6.11295908072126970012050e-01	-5.78083367339500497905647e-01	-1.48465897556752879360431e-01	 3.29324217952264852726785e-02
 3.65262919030551080901148e-01	 5.22503375073691933572206e-01	 2.97480722005014630582309e-01	-6.77427209428105192579039e-01	-3.93187060503377011633219e-02	 2.11245966433053045108181e-01
-3.74099075102352296440245e-01	 3.59065935302283534280576e-01	 5.10400544870732164604021e-01	-6.21697677232312950756921e-01	-2.84043457692226164468252e-01	 5.85160847537844891474990e-02
-4.61494150458380436585770e-01	 7.56854806572728189273391e-02	 2.25480035087161106988063e-01	-7.31310782758186617158458e-01	-3.61725065647515928168865e-02	 4.40828424308028710143503e-01
-9.59197521432800931373563e-02	-4.64920698268908916261921e-01	 3.21547414309240608965013e-01	-6.33751362272288010224486e-01	-2.64215624228868128930969e-01	 4.46995213120154333275025e-01
 6.66223222968435946356180e-01	-1.82502203131196083507604e-01	 4.83368575142387943421873e-02	-6.37984429375158423880521e-01	-1.34294655414910757418312e-01	 3.08940001678807585339115e-01
 1.90650221917973650143097e-01	 4.64052976425768259893800e-01	-2.57466574673942738549215e-01	-5.51901377007845916899953e-01	-3.42951245668747739525628e-01	 5.09713256674551917768667e-01
-3.23299239533037019445061e-01	 4.42971721304590615453378e-01	-1.10761406190297617690987e-01	-4.85571428069300092822402e-01	-6.24042949942289149056762e-01	 2.48548489455523186064667e-01
-4.34292611212215240446000e-01	-3.47527973877704177141368e-01	-2.29136965403775150207366e-01	-7.11650438177802824313289e-01	-2.36496406737891545768449e-01	 2.75197365078028555185341e-01
 3.52021830604126395591891e-01	-3.92586486942013146439479e-01	-4.25382127069754034653926e-01	-4.51385968510871760095426e-01	-4.01632943836145117622038e-01	 4.19461813369553515595811e-01
 7.21749371905678782646021e-01	 8.98050206461935979218580e-02	-4.49097599997505814162224e-01	-2.36454899206843149883639e-01	-2.77355816537860511150626e-01	 3.69441578291715422288632e-01
-1.10828705120934650762976e-01	-7.88452694640979917517498e-02	-4.15455894282600102229708e-01	-5.41005449185628095598588e-01	-6.80064833787081823857079e-01	 2.31779523055427483235746e-01
-4.65910921393966614978410e-02	-6.89478668915997350286062e-02	 3.97982056657076421757324e-01	-9.03313905623990276438917e-01	-1.35162586698623021774779e-01	-2.09954144191178103395767e-02
-6.26720121805262597725061e-02	 6.35094482652608594008825e-01	 3.22098946855467027639008e-01	 3.21213524008821804667235e-01	-2.94813096888708048304295e-01	 5.46705217941791388192030e-01
 2.91861291071362771720743e-01	-1.10156911117817654655049e-01	 3.36767744617430309084227e-01	 4.63701037259437232052051e-01	-7.24245135605085188501562e-01	 2.22980401581218429241105e-01
 5.41316941650600069735333e-01	 1.18705638325959580980928e-01	 1.42611380352157229856047e-01	 6.26754024049546998309523e-02	-8.17687581379256900326880e-01	-2.39739384285915383202004e-03
-5.42146061068655815695649e-01	 3.06852256101345199912345e-01	 1.40054296262875827006056e-01	 2.29148539026714725963529e-01	-7.18271379077391802780994e-01	 1.54535784049360469527556e-01
-2.75623153424341016393129e-01	-3.57797694115934206138263e-01	 4.30181621454082341315939e-01	-1.20931253511955161261682e-01	-6.37848392093986027440167e-01	 4.35294751372013788426329e-01
 1.35612928420818235064615e-01	-4.62458983401281498171187e-01	 4.37528457371093193462031e-01	-5.26392480855935665506884e-02	-7.54856149393394071367425e-01	-6.10817042248826200245837e-02
 3.01427675924511973004627e-01	-5.89558491190154465577677e-01	 2.56566652401485906231926e-01	 1.61172050510169806436522e-01	-5.26302328213381298560591e-01	 4.39050252225588466536976e-01
 1.88983038800566188752939e-01	 2.86298125874178577277007e-01	-2.56889720760329509641196e-01	 3.99373787810859026681243e-01	-7.77055574422345296525805e-01	 2.30242648966438173685489e-01
-4.16099379183324791231513e-01	 3.55052451754033217517885e-05	-3.45056967983605855643248e-01	 4.98499937691691208385691e-01	-6.76753923632208875815763e-01	 3.60407158416812326007239e-02
-2.26028025273176086384908e-01	-5.83907466527084917373713e-01	-3.41589699041072669682961e-01	 3.40792258725134966645953e-01	-5.53897638342557785406939e-01	 2.61415229980230978679145e-01
 1.15393201360571625441187e-02	-6.81482790855381770356303e-01	-2.90906209329839793298333e-01	 7.93731774603199519146912e-02	-5.83128252069389452216797e-01	-3.23238252022331362667273e-01
 2.20190684182769408350211e-01	-3.67111880998416739707579e-01	-2.28639430892137812678655e-01	 9.31579531471037891598996e-02	-8.61150228936701012116828e-01	 1.19209139909476805052613e-01
 2.44416434783120778417853e-01	-2.11075286538556339266393e-01	-2.35693910806142936653629e-01	 6.57834288770915320831989e-01	-5.32603421452260472612750e-01	 3.51772446624363244183087e-01
-2.25760353779493362635922e-02	-5.97397986367965705412075e-02	 7.07404248719498252029325e-01	-4.24169402102257786513206e-01	-5.43193012041571776649107e-01	 1.43256336573531040112783e-01
 1.77080780996706627083981e-02	 5.28991915679665192229209e-01	 6.13434715859230636492150e-02	-4.75575187881079122775851e-02	-7.33623713039853631023846e-01	 4.19076944822425578873748e-01
-4.44084138764618940875550e-01	-1.23832732071525022932157e-01	 1.98222591794902591733063e-01	-6.02022012368304881846370e-01	-6.00399999159512698376773e-01	 1.58908382097276812405795e-01
-2.82441026469314349078843e-01	-6.75475251890455763437160e-01	 2.07236138948679565752187e-01	-3.96225677115071006628710e-01	-5.06318856105826942126669e-01	-8.75206381976234015773741e-02
 3.98734168343511441445770e-01	-3.13915114274138651317969e-01	 2.20700390092450182688566e-01	-3.93145870148610687699886e-01	-6.55668256999688114916580e-01	 3.30598190235194766550819e-01
 3.64245076012353619088202e-01	 5.57567704305352157545528e-02	-2.38624282163799383837954e-01	-1.62637402030600314306596e-01	-7.42115611095418237219690e-01	 4.79675571968110170395505e-01
-2.61751161008380528461004e-01	 3.28824156403673129034360e-01	-4.87764602175074335477234e-01	 2.36059847356975393423140e-03	-7.54604686805658175785538e-01	 1.26542052168242741272408e-01
-5.43821175807944423574725e-01	-1.09422867163514361821264e-01	-2.22731258812023824589232e-01	-1.44078425998752812642323e-01	-6.77997092037733617431172e-01	 4.02786918336098365145403e-01
-8.60739901929242212652582e-02	-6.13221412030630963485578e-01	-1.04873965227280097067819e-01	-2.70820202411046651036486e-01	-6.31401364403949227899204e-01	 3.65432558007364682861606e-01
 2.48379249259445017417036e-01	-2.86241744610088111322455e-01	-6.60652091645211103632107e-01	-3.04464590449723182530306e-01	-5.55030514995432322500335e-01	-1.38400385009879139941447e-01
 2.36539482290580842932526e-03	-1.34552855860905207219247e-01	-7.03683195558354013243729e-01	 1.25604534339275791809953e-01	-6.48602061313704458811458e-01	 2.24184658683008297686001e-01
 1.62065673736075388511324e-01	 1.72335796802104229685781e-01	 2.07119262649183066837821e-01	-7.17646676857014664818735e-01	-5.84150991903857330633798e-01	 2.11866862511667197743748e-01
-1.58891787667135325756718e-01	-1.19820282847819162275194e-01	-6.76406363267318452153765e-03	 2.48426892989153796920121e-01	-8.30336475018437880635247e-01	 4.57357807593895271391915e-01
 3.35469542606343762436438e-01	-8.33590201732780367027686e-02	-1.27817022366703919589170e-01	-7.35653677185113541447947e-02	 9.24532925892674439793950e-01	 6.32556254045582716516449e-02
 4.09897457460388012218111e-02	 9.67519953177386204945520e-02	 9.33129612629791660438627e-02	 7.73770364726233728092097e-01	 5.03356482705669683319627e-01	-3.57998962841588774796975e-01
-1.98344920198705809699646e-01	 6.71840507454475183157783e-02	 5.07364928150545457796738e-01	 3.81782044687600408128247e-01	 7.32939031250344319445844e-01	-1.25575763838235321401271e-01
 3.67232387164805273993551e-01	-3.12328187707187725219438e-02	 1.86359023902205850342639e-01	 4.82963833953688748135136e-01	 7.72027825329936856491031e-01	 1.24165642660700858285194e-02
-1.83962112445904490964921e-01	 3.66704197242748053398032e-01	 2.69735584167272057776188e-01	 2.08306181175169802255454e-01	 6.00139964672545489499100e-01	-5.96128547571734612731120e-01
-4.12541289759860763108890e-01	-2.26987289254268337357345e-01	 5.14536172032767184780777e-03	 3.75417637570342077601993e-01	 6.33530434386467167229284e-01	-4.85757929549517686318438e-01
-1.55487573192292394264058e-01	-5.40055424911285886224732e-01	 2.73405569719022412122911e-01	 2.69378742671658066853979e-01	 7.32399276850684510797862e-01	-2.09651930234390077023576e-02
 2.07386597570655917266436e-01	-2.76899837859620467916955e-01	 3.23668639544871905577850e-01	 3.11135857407382088180015e-01	 6.72915619170875944909938e-01	-4.75326139011736148454190e-01
 5.08429848080780340952023e-03	 2.37115064313918322280728e-01	-2.21042096129308279772729e-01	 3.00206946719396294831483e-01	 7.95045991100225779568689e-01	-4.15534173203604806356992e-01
-2.50230343006281108486633e-01	 6.19216211232090710248066e-02	 1.41386322892885982205335e-02	 1.59362031956434974100389e-02	 9.64294782809440920168242e-01	-5.68524109218018561251462e-02
-3.41764189939801010797993e-01	-5.87834638837250178511340e-01	-3.84073275962347415735110e-01	 2.19024320807123945575867e-01	 3.67312957283013497011837e-01	-4.55241620303336480546363e-01
 1.24357357001676480101615e-01	-3.76882642668892930970514e-01	-2.88259761216980825437872e-01	 4.25909125963699397576789e-01	 7.33630143974131287976093e-01	-1.99472453614356087792103e-01
 7.74754701183272498354881e-01	-1.68429665308819059843515e-01	-2.64873971864792945307698e-01	 2.40926141119826714431795e-01	 4.83952708459354841163957e-01	 9.47246027540389473609039e-02
-3.48844876353340827002114e-01	 1.03234645636785457578632e-01	-5.92247032215672208899093e-01	 3.51851354817400152619200e-01	 6.15898732276721760925398e-01	-1.17314486347959170964295e-01
 4.13294967217049225016723e-01	-4.74501653736139783479331e-01	 5.81597657986212546177285e-01	-9.44286596151832080536792e-02	 3.89931485789909604289250e-01	-3.23753423970516207575088e-01
 1.85232878487901014841199e-01	 1.84739129021018300136348e-01	 4.85705717787618174163811e-01	-1.17327054178857484445508e-01	 8.08065998056618273182039e-01	-1.70040865048757400268542e-01
-2.41245694231193463785701e-01	-2.00730918157047993899411e-01	 4.04724023106963037843542e-01	-1.48213318401150012659784e-01	 7.08595573637941344991020e-01	-4.62202557219330900650789e-01
-5.35713117907494762448550e-01	-4.38110130949162457358881e-01	 2.23090148224612705440961e-01	-2.24377494499860830057258e-01	 6.47548464381039634574222e-01	 4.04657937816772436678825e-02
 5.38168940803359752145241e-01	-5.69668506934350116210908e-01	 2.93616742533790130165183e-02	 2.86239748298206080068251e-02	 6.04420344330487191442103e-01	-1.37282886301148543406470e-01
 4.02033473653229389555008e-01	-7.60544667216900560635651e-02	 9.14858590692167183977546e-02	-2.57622666443685643944406e-01	 7.14654298589211145475986e-01	-4.97106565020794088916034e-01
-1.72594122835026592133190e-01	 4.00758891430514463394275e-01	 1.21957830158350141736001e-01	-3.45079441111568741007432e-01	 7.16155176101284762779642e-01	-4.03449885897524007649650e-01
-4.45777741143670303003432e-01	-9.66816602412931963561604e-02	-1.40036162795036028816398e-01	-5.43007375181381313211659e-01	 6.08882471533611524527885e-01	-3.26695365043986218900329e-01
-7.58129952194869088932805e-02	-3.10615626076560957802286e-01	-2.30844140735841835132547e-01	-1.17222022387813096244713e-01	 8.11647623960390585118319e-01	-4.14690773067849127730966e-01
 3.97273633189634767237663e-01	-4.02949238133355314150919e-01	-5.26420057122509721381221e-01	-1.90483754794562892831422e-01	 6.04692488800496530387818e-01	 2.73939494563288296613557e-02
-4.80563145219023782339640e-02	 2.21648879322066894026477e-01	-5.72101164489785318778559e-01	-1.90237292131190893762493e-01	 7.34144943733536892160885e-01	-2.14717481338500715271067e-01
 1.40008550597232439560713e-01	 6.84804940812253903903439e-02	 2.77463522885439163589982e-02	-7.14387730143680399486072e-01	 6.62995035234901775034189e-01	-1.58195834012039987515053e-01
 1.87696207873115472608561e-01	 4.64276291500770765807715e-01	-4.59340588324416432275399e-02	 8.08624540826244686542168e-01	-3.85336066760303685985178e-02	-3.02901360296720101317192e-01
 2.85727891289597850377202e-02	 4.62625165428339979456496e-01	 5.21812943061367606745193e-01	 5.64626827785757567923497e-01	 2.05025755299580281221239e-01	-3.89915105498435832220849e-01
 4.25436773230505826948189e-01	 7.42439678595864238630497e-01	 2.54389612854205304781630e-01	 4.40764246557202588050473e-01	 8.58485062560016415345032e-02	-3.78115515688954434425639e-02
-3.33498244237183494309562e-01	 7.34796634613090415832914e-01	 1.15396105387236838635268e-01	 4.24393590270105924844302e-01	 2.29987876272682051359553e-01	-3.20206531817639750148174e-01
-4.79299969794769464837003e-01	 1.31495765045710977236837e-01	 2.41971433649993877823547e-01	 7.70828231818468934122279e-01	 1.48421619735594007005730e-01	-2.79687482476099424921756e-01
-1.54005105648910012305919e-01	-4.77181159100098450931426e-01	 1.60283653292672051415835e-01	 7.63390627793306575377130e-01	 3.46683263750424019988827e-01	-1.41192008817086184224721e-01
 4.67866626193256585075630e-01	-8.43197125756703635968137e-02	 5.38381058104519749640815e-01	 5.56889382718210201872466e-01	 1.95989255001091988717121e-01	-3.68238061286175755171257e-01
 3.02369979204043015652559e-01	 6.33810061947142289184853e-01	-1.89479632689456750638257e-01	 4.14309377689982383241585e-01	 4.05171016936774541772337e-01	-3.67612372532718556517040e-01
-2.13570906542372845882127e-01	 4.63289581106088865780634e-01	-3.10283237191820882028281e-01	 7.10365287378347143310009e-01	 3.63989086389441551805390e-01	-7.97975445251027787341158e-02
-2.02943337976725896032448e-01	-2.00557197001771686517557e-01	-4.63782844949402306422570e-01	 7.27700815197834360859019e-01	 3.01773448617911332902963e-01	-2.87889899617815359089690e-01
 4.59069937718821929895086e-01	-5.12786766426085338643759e-01	 1.38168832360843651940741e-01	 6.01395452347761705347295e-01	 3.59998133697941591346847e-01	-1.26248769715144038006116e-01
 6.97672486753653675606301e-01	 7.07074520049189997328298e-02	-4.95236222720427318733094e-02	 6.08898768850124949558733e-01	 2.03754930174290388444902e-01	-3.05822147689590040364749e-01
 2.13404762756093213660336e-01	 2.10957377001167456498365e-01	-5.98948026251802101427302e-01	 6.30241016067266457412188e-01	 1.51505056087639006223711e-01	-3.62020902459035454068470e-01
-1.03091738357767817579891e-01	-3.54591828253000007631357e-01	 7.83237050719382876806662e-01	 2.17299222700424926602025e-01	 3.84285339602675912740182e-01	-2.35121833905783589324656e-01
 6.03316783760195374242130e-01	 1.11502200762286868274131e-01	 7.68888436090607862993807e-01	 5.03668730489472069034029e-02	 1.40507580488691968811921e-01	-1.00536005635019784487660e-01
 1.38440034823010260645049e-02	 4.14322070179848900295383e-01	 8.19288351879386866905008e-01	 2.76913281345363693208839e-02	 3.84870960073551038327366e-01	-8.95527589883928498704080e-02
-7.34475563382387730548828e-01	 1.08782011428741831604583e-01	 5.00193320418473197364051e-01	 3.62515429888635609678715e-01	-2.26004249661893169554006e-01	-1.26583589851948535853765e-01
-3.56471732472490365761786e-01	-3.14366675902160941369345e-01	 5.95583361504435249145217e-01	 5.18244605760656229520578e-01	-1.36745439632737414425989e-01	-3.63462748942715851985241e-01
 1.96922107162253473555680e-01	-4.95243950374463171026918e-01	 5.13492554917363563937727e-01	 2.90041148332631282258376e-01	-5.09883580417318672123317e-03	-6.06737705701601570673631e-01
 4.17323961680104937865821e-01	-3.72867677118387752521755e-01	 6.96393375997812369426754e-01	 3.41801045762232358349308e-01	 2.63304555557986263991666e-01	 1.25257448371684787513658e-01
 8.47733677406143804056171e-01	-3.14010229558476072764250e-01	 2.70821245828363366126013e-01	 1.82660642754495089468136e-01	 1.72042252605016848798769e-01	-2.15493836661675014498840e-01
 8.22339699646294386425893e-01	 4.04664931653653525689407e-01	-1.06823162370401542053955e-01	-3.61433648000269447386756e-02	 2.69156128542474448739341e-01	-2.73571122572416780549531e-01
 8.07033595404365727832285e-02	 8.20180655810503700386960e-01	 2.81495167524494438460181e-01	-3.10444776519703709294351e-02	 3.77087629438568272544074e-01	-3.13675453909312229594519e-01
-3.09338033374684684417844e-01	 9.26112309873342032240373e-01	-8.05269419368840055906134e-02	-1.70961248992513192845877e-01	 5.44637279293304285565647e-02	-8.91478317975185757804368e-02
-5.95811875824763248488125e-01	 5.79537409101503753205975e-01	-4.18990798721388391090414e-01	 1.71746461614239565030005e-01	 1.86175854299461374097291e-01	-2.63501451350386661776071e-01
-7.78965308622405205873918e-01	-1.25061150057982989336480e-01	-2.43560476482291815569781e-01	 4.85259286722141247594209e-01	 1.43330564782291475234288e-01	-2.49461068813958741774428e-01
-5.42815519521134826064213e-01	-7.64379639904603114253234e-01	 1.20287520053302565692377e-01	 1.38741475875624187263924e-01	 2.78345861554447182584227e-01	-9.94000735065234120035882e-02
-4.53328055106286542663696e-01	-7.79352626018201322111167e-01	-1.56381367596415049581182e-01	-1.03378188456198949474185e-01	-1.58832495277157009772040e-01	-3.55996088793552434292877e-01
 2.45950624310170395947495e-01	-8.15747038730028073416634e-01	 2.92688375709805548297027e-01	 1.21504329562001980868935e-01	 3.38979786716491537923446e-01	 2.42338556619275447001627e-01
 8.15872244080341202376871e-01	-1.79405788696537699111744e-01	-3.15937261564588789397590e-01	-1.15552590575424010688188e-01	 2.26526122266564405860478e-01	-3.71056876797523083055808e-01
 3.77606962531314038766794e-01	 5.06793830679621581936090e-02	-7.19813660954502498867669e-01	 1.94619978965533346748629e-01	 5.29130459328781888039828e-01	-1.37320414654812289478869e-01
-1.73986019180618983748232e-01	 7.43587323890051110630850e-01	-1.94855341077894150814132e-01	 9.65822649493782575680356e-02	 6.07746209679724480601237e-01	-1.24323630218816927328618e-02
-4.57838248210320042375088e-01	-8.96984899295050208678504e-02	-7.39844305705597893307868e-01	 2.18845830730751866877171e-01	 1.05372851046649007589195e-01	-4.19489913262692915019159e-01
-7.38600922608309118366776e-01	-4.39002191256709584088469e-01	-5.00884336993591805509141e-01	-1.11621594322561645123981e-02	 6.53624886629141504945650e-02	-8.03976704951789716835364e-02
 5.62772940317708761370774e-02	-4.53434952335768193254495e-01	-7.90265848505299017823233e-01	 2.67698475710463401622263e-01	 2.99983448677561492790034e-01	-7.11122737980757896325557e-02
 5.10360273877477066406527e-01	-4.02133426978378394345270e-01	-4.72802654008863454393463e-01	 4.55374122783620660648296e-01	 2.28608657142520516059037e-01	-3.07654413742186216840224e-01
-4.78949486614710859266886e-02	 2.82405807543336218046193e-01	-5.42657588988357586501365e-01	 2.60032393608658429773328e-01	-1.63113011525437862081489e-01	-7.27497817602986374119212e-01
 1.38422451698357429350494e-01	-1.97876735033756190329512e-01	 9.39490709348769437170290e-01	-2.28080039544045376498360e-01	 8.35530449550712234207950e-02	 6.29395629673055664876635e-03
 7.39750234135369777455082e-01	 4.43566983619422608442484e-02	 3.02741905226288410268864e-01	-1.67783833936594184432778e-02	 5.98200690436718862663668e-01	-3.19973911245676617687295e-02
 3.18655773862426328069120e-01	 4.45878551000886580446547e-01	 5.93335222357358249567483e-01	-4.47820031473437518698688e-01	 2.40547761262921072633603e-01	-2.98660548807770043211463e-01
-3.43625937015927418460848e-01	 2.87106893510437777283784e-01	 6.28897695908838705314281e-01	-4.10119267616013416510867e-01	 3.83664948051116838634300e-01	-2.97627164681425637748902e-01
-4.56745134594573165554010e-01	 1.60231827242048596726676e-01	 6.91667650831010893952566e-01	 2.75150892315326967008104e-01	 2.66683618517255249802389e-01	-3.74803066195292577944542e-01
-6.17526305974015699007396e-01	-3.42892310422097279509757e-01	 6.26201569272939351229468e-01	-8.89484400394650320809120e-02	 1.63488541480454052656768e-01	-2.72612162866461560373210e-01
 5.38547046857629108096432e-01	-5.88745242495528731119236e-01	 1.01063471756437053827860e-01	-1.65522820351552524265060e-01	 2.42664035497697182230947e-02	-5.70215424237165757759271e-01
 7.21025534624272768091657e-01	 6.63014802622951537891538e-02	 3.54194886855620227894548e-01	-3.01621685690878382768432e-01	 2.26903182621098820082040e-01	-4.55863552718961839715917e-01
 7.89135140561828096750219e-01	 1.35860349567317600927296e-01	-5.79486040650070421964557e-02	-5.46687175380251688672217e-01	-8.22857259102751092960659e-02	-2.23185676554316758668506e-01
 4.45547860094777203876504e-01	 5.36770889165275155718859e-01	-1.69120658484380216590726e-02	-5.42220128388292810228677e-01	 3.25231322630467112322350e-01	-3.36600680464319790274885e-01
-1.23825445248778920337429e-01	 6.54513478680188276470631e-01	-3.13699957030501408450363e-01	-4.94354354098124171290607e-01	 4.10042094757758379675039e-01	-2.12957637582824932387382e-01
-5.94269997338509603501677e-01	 4.06608995441690712624450e-01	-2.10870092149312932106042e-01	-1.95238585877287845748995e-01	 6.26610783170251872675749e-01	-7.92901023175514030327804e-02
-7.36941144939196712826401e-01	 7.24028358175089481463260e-02	 2.91723876134563242512598e-01	-7.85837650253724817606127e-02	 5.44426888775727091385193e-01	-2.52975716239195125289996e-01
-7.64122832738463264590223e-01	-3.29088866048702133326742e-01	-7.75527045157474725911584e-02	-1.42737924416535849614363e-01	 2.90845098572301730133205e-01	-4.43663618434672113455264e-01
-2.94611019590284850533379e-01	-7.16521366033924911320696e-01	-8.05028230394206761877385e-02	-3.61133911894995940361497e-01	 4.02242533593596851559937e-01	-3.17968577823589559905315e-01
 3.64176818551726122485945e-01	-7.88832263451064941151003e-01	 1.95210007845326438680189e-01	-4.02968290205693691063971e-01	 2.01624991140143206003188e-01	-6.30545624176195584897897e-02
 6.56339745395147500239830e-01	-3.01928700068211708362753e-01	-1.64702219109282986704568e-03	-5.15463566275409346140179e-01	 4.53991947832302622511946e-01	-7.90133479465560256693735e-02
 4.93836687523911077590810e-01	 1.28175089215386395213869e-01	-4.17744644472379300648157e-01	-4.43700250237280990894817e-01	 5.58898365729901036580429e-01	-2.36534541449032909010697e-01
 3.98598007388408337448027e-01	 6.45701824490273801337992e-01	-4.81843914386100136137969e-01	-6.21684481078417366939348e-02	 4.31963066619128144285611e-01	-3.94742658179210448299301e-02
-1.40398340380704561569658e-01	 2.22369921662980363219475e-01	-7.21806449030457653037729e-01	-2.75563193844659048981072e-01	 1.06147933446333442297771e-01	-5.68007848994350639237894e-01
-3.93597368095549626776375e-01	-1.11946060731032998036838e-01	-6.27450342633737889741496e-01	-4.87820775489954783221691e-01	 2.25178852802837115021362e-01	 3.87531462070684784571029e-01
-2.71799800950167202984176e-01	-3.27735161383063799966919e-01	-7.10320454089109598605489e-01	-1.94763425315218591249433e-01	 4.90893924475771070703445e-01	-1.87749161839853073718842e-01
 1.85548526215364523173079e-01	-8.72153431431495818060284e-01	-3.43908231194233637850743e-01	-1.80826616116275179502182e-01	 1.49157413122551790740644e-01	-1.78047931728937708362182e-01
 2.76550910881644573802163e-01	-2.44295292227895310954722e-01	-7.53521773865989175078539e-01	-2.98210164675579869619781e-01	 2.03009564508280893058156e-01	-4.07310882002917429289823e-01
-9.71596768487846262907226e-02	 1.15581287888046502221329e-01	-9.36599161985875894309572e-01	 1.89851579840851547587022e-01	 2.22962869160795634781991e-01	 1.19276609021442381308731e-01
 2.78921189411712899808293e-01	-9.84776535971270267078026e-02	 6.00019680578667502501844e-01	-5.45605399872446605868959e-01	 4.77406805584649929219410e-01	-1.63948145365910208370863e-01
 3.51197709328404217288266e-01	-6.77523243264858705120490e-03	-9.20999820778753836014729e-02	-9.22348193222230716692422e-01	 1.22392488865102344597346e-01	-4.92518793378753094724942e-02
-1.43797774914126652578972e-01	 4.11819549850062360807357e-01	 1.88755857405432159179526e-01	-8.28026365768150696133887e-01	 2.48833866203880260670189e-01	-1.62948240889543516374260e-01
-2.92853111310119540444674e-01	-2.28634222114921514812380e-01	 3.99479968197224866166550e-01	-6.99638844023062977939276e-01	 4.08871895786076133827436e-01	-2.13795377530487745731946e-01
-1.22276306881521940050916e-01	-6.32645672822237270516155e-01	 1.39144958365661181032280e-01	-7.39223466941504092631021e-01	 1.68851540061568904105282e-02	-1.36785216647503121700780e-01
 3.94627999536743989672516e-01	-3.08646183900945503264523e-01	 2.95454201340215771853792e-01	-7.00539607914629103291304e-01	 3.54178847831733076279015e-02	-4.11950144114224314773054e-01
 2.07405223479179001699890e-01	 3.26383265773240338614158e-01	-4.30422272156301854995064e-01	-6.90498011500632835613089e-01	-3.29599353997439004082537e-02	-4.32804625091587347185396e-01
-4.89705124449371642647577e-01	 2.82393382707387452512648e-01	-3.01800425930526639017870e-01	-5.94797929691176396893582e-01	 1.47355038454903664035811e-01	-4.62451388662961315745292e-01
-5.16478920438813049464954e-01	-3.62858890051450833080793e-01	-4.53073626910743543216853e-01	-5.80582129728620999209454e-01	 1.02427733905516363255295e-01	-2.20771803493316043365269e-01
 1.58739180806292873304741e-01	-4.68373835162404050791451e-01	-3.12762690619725447493948e-01	-6.34048036071494069965127e-01	 4.32891653029458645107752e-01	-2.61142158717857231220449e-01
 4.54434832286974066395402e-01	-8.93218367606167240602133e-02	-1.86027712122502020264392e-01	-4.96337350842649960291908e-01	 1.46154667164351159680535e-01	-6.95120371179744012124502e-01
 1.51646921618031008810457e-02	-2.23972532383802769295755e-01	-5.71510278252684966737718e-01	-7.39049844300670999430736e-01	-1.71703871335158159139311e-01	-2.17498153804661559229672e-01
-1.00747856650669806444220e-01	-1.27715909255760179386030e-01	-7.09582820248465806489691e-02	-8.49801835396945981493388e-01	 1.22823607250335462004465e-01	-4.80889426140095499473404e-01
 3.02781849575584682821017e-01	-1.72567167267408699826703e-01	-2.08422057396498161541132e-01	 8.95463870705633047109018e-01	-6.11404656273741575756020e-02	-1.71785535081550422287222e-01
 1.98888116350235538698499e-01	-3.79103827813055904716322e-01	 7.06779899348907947320697e-01	 4.69530904719363872956706e-01	-3.10845133750657753868296e-01	 1.01000557148456394235270e-02
 3.66065704200677966007049e-01	 3.23149129389116995803022e-01	 4.85337719245015619673467e-01	 6.13351955073186183575729e-01	-3.17879483379431393430536e-01	-2.20838972818408835196990e-01
-2.69239240692274561794761e-01	 3.81486806425868407721680e-01	 2.16654343454063980090041e-01	 5.17300300241055888150754e-01	-2.29780239833739463595208e-01	-6.43925759703236733066944e-01
-5.56899465202065457880565e-01	-1.83316627586223801493759e-01	 1.30765671471468364339685e-01	 7.11539141052183965463485e-01	-3.53952561885353567117107e-01	-8.71089751873975609575140e-02
-2.34059095293219776579008e-01	-6.29123404925577944801773e-01	 2.87128113907124171699792e-01	 2.27296949266466985495327e-01	-4.74456806039990297563236e-01	-4.36124252416662139264503e-01
 1.43984494389470252251328e-01	-6.58220057418535509086155e-01	 1.92961935592340677603218e-01	 6.37871117295675027492052e-01	-1.81700789662160078208331e-01	-2.62460994351390641821098e-01
 5.57254045718672208487021e-01	 6.04721501453047843854804e-02	-6.23591379470857173905607e-02	 6.07451012160540315676371e-01	-5.35810334795892684311980e-01	-1.60726284261537649689089e-01
-2.59834048282261587115016e-01	 6.51353970541717064435261e-02	-2.47633795770403536407045e-01	 7.86301348830063751016439e-01	-2.14141393166376287071628e-01	-4.50327439933405349048456e-01
-5.44410262093790064952259e-01	-4.27403909959732597467763e-01	-3.76243279105635985981593e-01	 3.33920720860928554873936e-01	-3.76608069794818089981447e-01	-3.55031932579425113516436e-01
-1.69162267163245512435754e-02	-7.76000652850836081242392e-01	-3.51576794675770298859163e-01	 4.84081276069444732534919e-01	 1.87429977979942305466032e-02	-1.98102508027516027722115e-01
 3.74920306626820798445721e-01	-4.60894561969342309026842e-01	-4.90607875881950261653941e-01	 4.99699761492929050987755e-01	-3.83613614321771156934204e-01	-9.72400216959921487314134e-02
-2.22692460150976961896774e-01	-3.30647728003669094665185e-01	-3.48060009608710807516019e-01	 8.21172408132505249334088e-01	-1.95979168611205539773934e-01	 8.48670693580526880328563e-02
 9.32112473539870589611667e-02	 4.94105467855828414669439e-02	 9.02868985457140782457941e-01	 2.87882869194423296477225e-01	-5.92847450504294798401261e-02	-2.95476951658415032397897e-01
 8.45687571417901740034040e-01	 2.74905932614546877346129e-01	 2.91521051220341498311228e-01	 3.49887489512743399266981e-01	-3.40915706672175397584645e-02	 2.59084146546343686845493e-02
 3.19895129802918121164623e-01	 5.89524701785123061981153e-01	 6.35601676961144446131868e-01	 7.51590608159374701235933e-02	-1.25819774374037379738311e-01	-3.53070446386339609201599e-01
-4.71679204909127403055891e-01	 6.42640787969866900120053e-01	 5.87930009536016262572389e-01	 1.00367068191619501771328e-01	 1.37689487169228835100609e-02	-9.27723927393896835580378e-02
-2.11312742155268268318125e-01	 3.64561533182744645920081e-01	 6.59931961909719144721009e-01	 2.78492883491286535857512e-01	-4.18921841840457997996339e-01	-3.65893185847951996070293e-01
-1.00563474271560815420656e-01	-4.00092970110816459339276e-01	 7.84521147531115570217253e-01	-3.35719532483462063110480e-02	-3.48216104656909608561222e-01	-3.03245181988864465072453e-01
 4.59806699564407894698093e-01	-6.82733809763340304677115e-01	 5.23491957803972618457067e-01	 8.38993283954714980099610e-02	-1.80807582349348766603825e-01	-9.31559714460513249578710e-02
 6.79649398004196658718001e-01	-7.90734385228003822110310e-02	 4.54062901467764012952699e-01	 2.41586613841828140580859e-01	-3.80626859169442333108435e-01	-3.49871506005611787593068e-01
 8.13654361367431522289451e-01	 3.62352252475052372115982e-01	-1.52103934952322633611388e-01	 6.61651409888744795884108e-02	-3.92288651960791934225625e-01	-1.58945292433402829423983e-01
 3.29249200515621454066206e-01	 6.82799483925732086930793e-01	-6.88347853438982804075152e-02	 4.34390989948659989039470e-01	-4.75499041678032474678162e-01	-7.64639147044764988514487e-02
-1.73199358226632765811459e-01	 6.96424625413023190567685e-01	-3.99538437636289212040452e-01	 4.60998209579177531391991e-01	-1.98287581707895205207492e-01	-2.71157603589856244230560e-01
-6.35403551652503617575007e-01	 6.04123153863018291787057e-01	 1.24946436055306253631869e-01	 1.92492947988407908654906e-01	-3.05382171639210719948920e-01	-2.92188507389858520557624e-01
-8.88636316426581696070741e-01	 1.80588293865974712504308e-02	-8.60236790555213154396696e-02	 2.13501120047099257615031e-01	-3.93644524640556381367418e-01	-4.53934181339033446245246e-02
-7.54986945317840607572180e-01	-3.57830954569187342784176e-01	 1.85402032402263966526235e-01	 1.70442561726868418991998e-01	-1.81451258181854757633999e-01	-4.53434207784387144357652e-01
-6.17651526179005871952654e-01	-6.43516567774702785698082e-01	-1.82670719320003283048237e-01	-9.62266427548985614492949e-02	-3.14595332247147863036218e-01	 2.50588582468857845597654e-01
 2.59077579244688972759381e-02	-6.76962758448797718990875e-01	-1.18540760882396498110403e-01	 1.38246704970681949520284e-01	-7.84997306032589464708238e-02	-7.08324742347822500221355e-01
 8.99336470175315150221707e-01	-2.14057869560623781346465e-01	-1.77183667651548054644550e-01	 2.21468575591817068426437e-01	-2.28809460338330467044088e-01	-1.12147183176087933409448e-01
 4.89630471871775829750817e-01	 6.17287475173946553752558e-01	-4.69734855956029095924720e-01	 2.84905011384163076026965e-01	-9.24317210105217307303249e-02	-2.62398267043035260392969e-01
 1.12808448002522251907287e-01	 1.32561123907080108397238e-01	-5.60236144983932260466020e-01	 5.86477442856311426133686e-01	-5.14156391092645770335423e-01	-2.18001557014175312287918e-01
-5.57552801212179538481450e-01	 1.94695735275267817199207e-01	-7.18993690656879347322672e-01	-2.33952011848835961238535e-01	 2.67642681156831929722983e-01	-8.89402535230173207914106e-02
-6.03020405162633221785029e-01	 2.08759427943575687214306e-01	-3.54676175166882878819763e-01	 3.06733972501837870439090e-01	-3.24848419620470230118059e-01	-5.17086527918181215746074e-01
-2.24969585827277496203891e-01	-3.73937633816730174984855e-01	-7.88651527218674597285997e-01	 3.59583612218546733174662e-01	-2.40754541108797542880993e-01	-1.80271141133118775745636e-02
 4.91685715852504201528461e-01	-5.13392210820586614161698e-01	-4.54709804225274683009417e-01	-6.43326807708942318558831e-03	-2.51089935902338967643743e-01	-4.74157195228735284242561e-01
 2.07340091416860022865976e-01	-2.01031520165272856170979e-02	-9.00091910590015809034981e-01	 1.50637194986906336469090e-01	-1.75013240391853841515513e-01	-3.05154556634311735496823e-01
-1.42265253306913003195078e-01	-5.83107889498643339187822e-01	-6.84186293199649853136179e-01	-8.12944909389740621996623e-02	-8.66787925899200756285623e-02	-3.96878943459850808128664e-01
 4.36663875443190352410028e-01	-2.05662478316491703633773e-01	 6.77986031881209760818763e-01	-1.82697347945888793896430e-01	-1.81202564446166614064992e-01	-4.91070112266359826147522e-01
 7.43378270726709033944246e-01	 3.67206464882561700591168e-01	 4.15092276899077516905123e-01	-2.16168206813659030673946e-01	-2.46961644931264351354727e-01	-1.80354685867515823760598e-01
-9.12037463017573157841866e-02	 7.70111937298990523181885e-01	 4.82917460403482601272174e-01	-3.93098640838960622367892e-01	-4.54815002080238700576942e-02	-9.38354881532613704919754e-02
-3.67296892343043690498661e-01	 1.53749002936813927711057e-01	 8.93735796917865199517905e-01	-1.50692814061227559063738e-01	-9.34161317542774871647282e-02	-1.06092716041406756599663e-01
-7.97665688545828643896130e-01	 1.84392938730997962837321e-01	 4.34993184322893411408728e-01	-2.27441086918080792589336e-01	-7.84491628657959377823872e-02	-2.87447219298887501892636e-01
-3.84355792178127264602239e-01	-3.51759546696848723890128e-01	 6.58292428118502193079564e-01	-5.27697323167012344313775e-01	-1.29291059885834974663155e-01	 2.50646455500630688587038e-03
 2.74141001706703968388013e-01	-5.22560510327396365859443e-01	 5.72128964940833872887538e-01	-5.06327840129345618791490e-01	-2.59994250162682682958604e-01	-2.19266937234547515389593e-02
 4.54951380426529272682501e-01	-3.42221252660766667164083e-02	 3.60545992366038903220726e-01	-4.12730705289905241972548e-01	-6.60898831576839929091705e-01	-2.33924719322952417988049e-01
 7.01169784587488131855082e-01	-1.47697126952212858669311e-02	 4.10409776278491868900522e-03	-8.61111812942888105171235e-02	-3.13740614153410812825484e-01	-6.34253605931201835943511e-01
 4.47249532414037309635546e-01	 8.32243757216651669494922e-01	 8.18941137443823241603980e-02	-1.62925702309262121492139e-01	-1.07901287933798425977550e-01	-2.49888107065181247490315e-01
-8.35413327693308171983944e-02	 7.62496078898324936012898e-01	-1.26876374701098026953616e-01	-1.31957990482459541770055e-01	-5.95574949880205761765239e-01	-1.52972313669930332080682e-01
-5.26988053938213685256642e-01	 5.53569203429713607711449e-01	-2.91364512297791408701464e-02	-5.38296056987007220939745e-01	-2.68377150224208993467556e-01	-2.30666112595922095929168e-01
-8.98522427271452706065702e-01	 1.81030258717741920904132e-01	-2.43143455081409859408481e-01	-1.57869925980075681559711e-01	 4.15066316119752365398909e-02	-2.72251794067829733236863e-01
-8.11862520867447590156019e-01	-2.80622322633576226635910e-01	-5.84937246149503445313833e-02	-3.07797858078281139082577e-01	-3.69981168678951366501906e-01	-1.64569914676226503047474e-01
-2.74061641667686130274806e-02	-7.97306398257157211695301e-01	 3.74885750401759143546343e-01	-1.99917651358050368903818e-01	-1.08654618507439140739912e-01	-4.13810572801200204917649e-01
 3.70531517546896727033356e-01	-7.61858457148975265482704e-01	-1.82744442929778545814390e-02	-2.92568697123068044430028e-01	-4.40277478479031203484340e-01	-5.00342869302283638210938e-02
 7.78049808749133875451776e-01	-3.73284611725123949277361e-01	 2.37989689008459820440677e-01	-3.25750772464774629444406e-01	-2.50172259145535758051437e-01	-1.73084593979181217138219e-01
 6.12440635070841454812296e-01	 5.58249664448478899458905e-01	-3.71750014039019360811977e-01	-4.14630579332019522098562e-01	-5.55672194400214231047030e-02	 8.33513801160642130161360e-03
 1.20494644564446251600032e-01	 7.75657612551086117491650e-01	-5.09356602836274041656850e-01	-1.96024951138804109929126e-01	-9.08080194986914668309197e-02	-2.78783575548635642604722e-01
-2.68180197623925031802372e-01	 3.78604225925949222641975e-01	-8.06573337499880027579024e-01	 1.91611846445138012118292e-02	-3.02852701610954178068624e-01	-2.05160335049627190473487e-01
-3.89395196516030273059528e-01	-3.96159135185870647788420e-01	-5.21026950957000800634944e-01	-2.32047660537470723518538e-01	-5.95530588158597051773313e-01	-1.07039426016952543552208e-01
-1.46603739907106206397103e-01	-7.33075502886181729067516e-01	-3.96297884182822190979323e-01	-4.75171498221523325167226e-01	-2.41225597467238650484234e-01	 8.82586597033838647641257e-03
 5.64133357720066133667025e-02	-1.51707780337859671204725e-01	-5.79225993114577786258224e-01	-2.27856447114668986264618e-01	-3.51420858832550420114416e-01	-6.80356048931835655224631e-01
 5.90233707039883315204065e-01	 1.27767525732854408948569e-01	-6.03722905517974806066661e-01	-2.75117932254865471541905e-01	-2.54156977066420430855231e-01	-3.61293008727352205067263e-01
 2.58912831621805228365929e-01	 3.09061773777173920407790e-01	-8.62147409126269193002656e-01	-2.77082158515838394841069e-01	 1.10403524802799524184849e-01	-7.19954838268958841052125e-02
-1.05727037616221958282736e-01	-2.38464286063372776780511e-01	 7.08966252017201870039287e-01	-3.74381800466116576586728e-01	 1.22060802973036619523128e-01	-5.23701116236343300336387e-01
 2.91250485799892600002892e-01	 2.90194889971834679709417e-01	 2.39385218568140517581000e-01	-7.82757310987817755965068e-01	-1.96670650326790208417549e-01	-3.49666190647313523953699e-01
-3.29837148710989680466810e-01	 1.94054497758767929838086e-01	 4.18286161900579434025360e-01	-6.09149410755815079454578e-01	-1.51103911275702856853442e-01	-5.33564988886365276776758e-01
-6.64549456761634016466189e-01	-3.93202454816054224051580e-03	 1.20287732372445457795784e-01	-7.16834304403026645324815e-01	 2.62489184986264383059318e-02	-1.71315482225472215382922e-01
 1.81131212021869214545688e-01	-3.71938538903225590637192e-01	-1.70962737822334051585038e-02	-7.89798586121698176221173e-01	-4.52445994903776627094061e-01	-8.46993438483700095131823e-03
 3.36943092448765579849379e-01	-1.06734886843299930925255e-01	-1.38157048105464391740682e-01	-5.59765617718991248530358e-01	-4.81183926805392681025353e-01	-5.57776055639011669740057e-01
 8.46378007462123826964984e-02	 7.06536962549384139897768e-01	-9.17488923620091573196689e-02	-6.33580363791963141473218e-01	-2.82716154149732168399112e-01	-6.22222049328657392242015e-02
-6.10954314970164835685296e-01	 1.06641682583196104050494e-01	-4.99810257287701065198604e-01	-5.25075714561811013325610e-01	-2.99496576704917416567042e-01	 1.22220204795554579502159e-02
-3.59889558001493137240345e-01	-2.00573156176954620066866e-01	-1.44417951481630890686603e-01	-7.01655483928001588722623e-01	-4.33516352401447591091710e-01	-3.59355707380389688410105e-01
 5.25711928105523362830809e-01	-4.67242836755496715461788e-01	-3.44740010190274226431484e-01	-5.63790914829118361417670e-01	-1.09563698592592739800011e-01	-2.37909700998333556443143e-01
 4.02135339748647457902564e-01	 1.43473831034475668433359e-01	-3.26529941154925174018331e-01	-7.13261407806668135123118e-01	-4.49025983678594531323114e-01	 2.67293093440909637625857e-02
-1.22075126552832438631135e-01	 2.67749909045562839438048e-01	-5.09452448101621713227871e-01	-4.90335068803010698523792e-01	-5.33533656777084197564420e-01	-3.58858203465500236184482e-01
-1.92770201541173968884380e-01	 2.03541046652188722942967e-01	-1.76007341416383189525163e-01	-9.17129834305731472809953e-01	-2.20649547856873684548162e-01	 2.48747170826541588728453e-02
-5.95735881375067041765270e-02	 1.56064202132484064478035e-01	 1.12041027886483166020604e-01	 7.58169209513265052180486e-01	-6.01109489902798554972208e-01	-1.52933290601302479538859e-01
 1.37927924494593234783224e-01	-1.68370983924558820232775e-01	 4.43587558200526976825984e-01	 4.48623450760546216287139e-01	-6.00907786389489828593469e-01	-4.39890906146929439035631e-01
 3.38804075436810958610323e-01	 4.34627872353279320893904e-01	 2.48596020005204310088232e-01	 1.35421633003788899340947e-01	-6.50227472663504779681887e-01	-4.39744977216181220924796e-01
 4.47770094940895622276367e-03	 4.31499500904024502201395e-01	 3.91148242560348191609876e-01	 3.29140951152587235561953e-01	-7.40353179772340164177535e-01	 6.58375784115113327210622e-02
-3.23055269922031151885733e-01	-1.08418190052796375999478e-01	 5.74840380483981339132527e-01	 2.65305213171735276844743e-01	-6.94827127238963782041026e-01	-1.63625402386009324851024e-02
 3.08017126247049188858540e-01	-4.45934210772326478089411e-01	 1.95893722057991298557411e-01	-7.34290263474004778476711e-02	-5.45711954960617751098084e-01	-6.03904313250345547992026e-01
 5.06942458912580606877896e-01	-5.23761478117357515138508e-01	 9.75646781784926808711589e-02	 2.86418563207560705752286e-01	-5.98750219884203405129597e-01	-1.36480664574323812265888e-01
 2.39173048165380125462676e-01	 4.36920673071710341517360e-01	-5.23001391981211094517334e-01	 5.25641403749549998569712e-02	-5.79389263561192802143296e-01	-3.74047075748789370486236e-01
-2.15991906338725087044494e-01	 4.75594741773167517528975e-01	-1.28450894809780863381476e-01	 3.32637375872123219888721e-01	-6.88292407250147064701196e-01	-3.55335677790944326481792e-01
-4.75720952004027586301760e-01	-3.93537422469507958133761e-01	 2.15075294188233588632553e-02	 8.73432106437533190002043e-02	-7.79318158927371440469756e-01	-5.82208711651539256859422e-02
-2.62114792272914905180148e-02	-3.83266740978973174946987e-01	-1.37474704344744208528439e-01	 6.05713619822376259094199e-01	-6.16723848024551046798081e-01	-2.93739638661287216780948e-01
 5.60833520522840078825766e-01	 4.29386716482188859900226e-02	-5.86751277832118223187763e-01	 1.99672104452161713883385e-01	-5.46010932497558498788237e-01	 3.67162497296716142103357e-02
-1.85521835569059739823317e-01	-7.28283244968434551047665e-02	-5.49840290911866147460785e-01	 1.42269109349531713837322e-01	-6.83586559551091044184545e-01	-4.12822303532666690095709e-01
 7.09920620717808814603700e-02	 2.52419111896510728332288e-01	 7.66782382938998585686363e-01	-3.90005237249826886003490e-01	-2.80809665421265897133907e-01	-3.35158683328161843828497e-01
 1.82630236414103364062100e-01	 5.64438842794318995643721e-01	 4.30118018156049164435473e-01	-3.13454419405875039927878e-01	-6.03557601086572081960924e-01	-2.27602520943817540621801e-02
-4.46900402729836387916151e-01	 4.07738401442782338879312e-01	 4.33087219270705536811050e-01	-1.75181335642807189945103e-01	-6.29047031549747170942055e-01	-1.41690572283464460978664e-01
-5.29516489125579359331653e-01	-1.84306971775151873238485e-01	 4.63641471391462223206048e-01	-2.64248482559517106071922e-01	-5.58061479788391934242497e-01	-2.99031667464395356503815e-01
-1.08782791015225893671570e-01	 6.30389843728407783807199e-02	 2.53636453834378661209570e-01	-2.16758186253548645883171e-01	-9.23848902757816392572465e-01	 1.39212189407933228935121e-01
 4.51201590862185253349992e-01	 4.73973856446390728880402e-01	-6.28314304342034724015775e-02	-3.86353235633016545147456e-01	-5.44530648147205864617604e-01	-3.49336041230566607396213e-01
-1.17986284336959790230992e-01	 2.56535128320113436917183e-01	 1.20831575801062587882662e-01	-6.03404416731067483326001e-01	-6.49626227996245919626972e-01	-3.45770977244162391883719e-01
-5.15295682523680298459112e-01	 1.45500952945717715314444e-01	-1.53134258816068569153401e-01	-1.97276478415913614217203e-01	-7.64999930276164197273658e-01	-2.56333432822320961275153e-01
 7.60897128107019832948810e-03	-3.21109822419999579867778e-01	-8.02337716866768774215402e-02	-3.71145811016777349422568e-01	-8.34618298558467919256998e-01	-2.36761926961319257856076e-01
 3.95628940291819719554667e-01	-1.28232539867834560709525e-01	-2.74247330278009959769747e-01	 1.24073759947489745125715e-01	-7.07013474502563354917584e-01	-4.86374555381247519747490e-01
 1.81708390247524942395785e-01	 2.24926619139960176640969e-01	-2.33699440691995441454765e-01	-2.55430092694419852428211e-01	-8.88498989142914474825830e-01	-8.42594942680562897230345e-02
-1.23554190746405830741983e-02	-2.90100446761745733859073e-01	 3.98637365553861700018246e-01	-5.82352377556651590317927e-01	-4.25510627632699645062075e-01	-4.86398745185617820130375e-01
-2.23380872952001867381977e-02	-1.76508992419857242694992e-02	 2.42242526116895513788041e-02	 2.25225665971147626098769e-01	-9.43869262479745008143084e-01	-2.38719198916093805484806e-01
-1.60907617279745090987930e-02	-1.03262693631556851103781e-01	-9.04124136266400320327552e-03	 4.18276938164688291688087e-02	 4.83785951299154859395202e-01	-8.67869665791562439061124e-01
 2.37078958034334819071631e-01	 2.28691447516082946300742e-01	-6.25264623507698208415562e-02	 4.97570129844733977098059e-01	 1.96209442684086604602456e-01	-7.75570790762613260227454e-01
-1.63461921119312847405780e-01	-7.24305884943084454796747e-02	 3.87278166274298396576370e-01	 4.47417057114299132614121e-01	 2.39082682947937052997389e-01	-7.48803765908775953441534e-01
 4.86004293240363594019726e-01	 3.66613975576707107340013e-01	 4.01674859130957073727330e-01	 2.99542914638513346758941e-01	 4.92190399919328003264241e-01	-3.68882067771013122392532e-01
-1.73786378027379367905425e-01	 4.73845176181192095921091e-01	 5.55651415857440489354246e-01	-5.55045859213143047417027e-02	 8.81038051546098738286972e-02	-6.52439658770482600047558e-01
-7.06614980652437552066658e-01	 1.70129214485660013034263e-01	 1.56152514798758801362055e-01	 2.71596902400956796697074e-01	 1.23120373545304667706191e-01	-5.98702102754233633774561e-01
-3.40299312775426243682375e-01	-5.34165717878087864534109e-01	 3.15148328360437102180214e-01	 9.38855367142981123151912e-02	 2.59370518160250140837775e-01	-6.50735994859000688173012e-01
 5.53188022677948199046227e-01	-1.48934849655099649234913e-01	 1.81054447092335313307387e-01	 1.47707917931488325047340e-01	 2.49070571480454666657423e-01	-7.45095249424332251031444e-01
 8.73225508023872248886121e-02	 7.60173064520118790809988e-01	 1.76447565860715187280316e-02	 2.36545959891937690455777e-01	-1.20791160393783000848167e-01	-5.86221674022719296814898e-01
-3.31879820207054532232860e-01	 2.63191611890664700634801e-01	-2.60412609112082749085459e-01	 5.13195057497848550198682e-01	 2.72388615776556208825099e-01	-6.44365197958639002173697e-01
-3.81724276944865881233682e-01	-4.45455759707501508515293e-01	 3.03958173944811034863922e-03	 6.06696825581311327546530e-01	 2.52400868461316162799646e-03	-5.36431817370018659829611e-01
 1.54460838085858614965318e-01	-3.65885235893606552970425e-01	-1.07291766457387319211314e-01	 5.65150165380000180093134e-01	 2.93208926832400462725303e-01	-6.52220925990647959480384e-01
 5.40006292268443655046894e-01	 3.71358629606207760187608e-02	-2.01376405207536829378157e-01	 2.50176131007139701534214e-01	 6.30219947909158362264748e-01	-4.54638753462597466903361e-01
 3.04596520844241658299012e-02	-9.26535545234864893471283e-02	-6.07045446814494349396796e-01	 2.11140064360011758815006e-01	 4.10146742166072997282100e-01	-6.39674039682287531860538e-01
 1.88349002135323712048276e-01	 6.10387941440292333683537e-02	 6.64450001205822204930485e-01	-1.58645769934334505447959e-03	 3.70015111376195915404708e-01	-6.18378052171067116304926e-01
 9.72498069053815278328656e-02	 1.23988066476346719957391e-01	 3.10411141174145588372824e-01	-5.57873349431044385227096e-01	 3.25405342269575292846184e-01	-6.79487341368694153231900e-01
-5.57136083202072751596745e-01	 5.94078243909233472130893e-01	 1.16905529273649388954937e-01	-1.62397980338097713826073e-01	 2.33109572836167122655837e-01	-4.92229971829701684615799e-01
-4.61932346181309738675225e-01	 3.34934206280920673814983e-02	 2.00626121924683181729776e-01	-3.01169438660591592960003e-01	 3.02230092992814947105984e-01	-7.50466386744896851723752e-01
 8.95170268590523982021878e-02	-4.93096703051731422018378e-01	 1.89098482651389232511718e-01	-3.84360628932888803710455e-01	 3.96405175574011614525460e-01	-6.38916231524306987843431e-01
 3.50640607814482141435519e-01	 4.27484386434346330663203e-01	 1.33578628945713956399644e-01	-8.08837792759058565872365e-02	 3.48421474890572069327277e-01	-7.40624941168233630328643e-01
-9.39813120342575247789796e-02	 6.13304603873403242353390e-01	-2.83455558080155045619364e-01	-5.24688070702399294437113e-03	 3.71407274274468512942349e-01	-6.29846830037535054813702e-01
-5.16716881377536130237615e-01	 1.21555096763324224640179e-01	-3.54050098191917683720931e-01	-3.23311087514729089686938e-02	 4.88067313315948436702740e-01	-5.94660868058490721388409e-01
-2.05517908787064357278851e-01	-3.46052106908975809496098e-01	-3.74678833719686132930349e-01	-3.50806760308555676264319e-01	 2.16594800286380145815102e-01	-7.26393426074895987021307e-01
 3.28222070866991566528981e-01	-5.16576415279753176079680e-01	-3.40873512554399293872365e-01	-3.18142325348924684402796e-02	 4.23236248578116869278887e-01	-5.73657790245253651484347e-01
 4.39221919458274268066589e-01	 3.07536284280816640812617e-01	-5.25925380247343920991909e-01	-3.88658627029134576269520e-02	 2.90895700800191447932264e-01	-5.91419622351295082296474e-01
 3.27777555994386640692007e-02	 1.58945427890960500061368e-01	-2.97157492562698299920498e-01	-4.22312078944842850258823e-01	 5.00293198656971194182574e-01	-6.75809601632837098073026e-01
 7.38345359851074189982967e-02	-7.90757015677058944236322e-02	 2.92512149123082765278525e-01	 8.28928908609625536563215e-01	-1.09905015474894812710360e-01	-4.51142870250159977452142e-01
 2.36725736524794061477195e-01	 1.39175058677603685763913e-01	 4.57908108381041123458033e-01	 2.59003705804008554913764e-01	-1.93852470190542025552105e-01	-7.81184800907308796169559e-01
 6.42369532332364934212876e-01	 4.29873016664377216589088e-01	 1.51963970043527851760956e-01	 2.80435289413841104533276e-01	-7.18608594383887133716371e-02	-5.43755083301046382437960e-01
-1.59796926288450158448740e-01	 6.03813023822216021763154e-01	 2.80316454789399371883007e-01	-1.58021134638215543510853e-01	-4.25894167879691198930203e-01	-5.70035909885907687844053e-01
-4.88787041131074351252295e-01	 5.50798500364228955927803e-03	 1.82156498231481694949352e-01	 3.31002559583901567741293e-01	-6.15946284765654827886294e-01	-4.88797893313653641911287e-01
-7.72938554570734986937097e-02	-1.85455358620944948944143e-01	 2.49619020566191306131909e-02	 3.72250859716102500129864e-01	-3.75354737273639826877769e-01	-8.24346402891365181986316e-01
 5.03151464317000862713769e-01	-3.32229561193699507448684e-01	 5.96397512873617606510290e-03	 4.84600786805129246648249e-01	-2.19309122464581646161363e-01	-5.94552049745880828446332e-01
 2.66655017520940285091768e-01	 2.53915934935519060910991e-01	-1.19712252073654906725508e-01	 4.95025386910645182059199e-01	-4.33650081973723289241462e-01	-6.45746272957367528633199e-01
-3.50703393766168436407327e-01	 5.77632600446261079696342e-01	-3.48071765888568862568064e-01	-1.47831775257692726865955e-01	-2.36237024712306481477597e-01	-5.86968132587307844794111e-01
-3.10216302437343049991370e-01	-3.50440259552760924322001e-01	-6.53248498456188708694015e-02	-1.47742178765001924700684e-01	-5.47337087044191705764717e-01	-6.74747727627958093776783e-01
 2.44779106350444496109642e-02	-3.18567653358620028747339e-01	-5.43787766405261829838480e-01	 4.61386763223677498491071e-01	-1.90551170430007882350409e-01	-5.94157263190675521968842e-01
 6.17395622786156672567870e-01	 5.63569456119011880090852e-02	-4.77642697953435890756424e-01	 3.40285263101554491527168e-01	-1.27006530233884834535374e-01	-5.05548488012187657858476e-01
-4.25844278987115409940145e-01	-2.07799367659152689480351e-01	-2.30671527565199568909904e-01	 1.38148671140798512402270e-01	 2.83287771620589811163993e-03	-8.38554493572727821515400e-01
-3.54094139662909923593759e-01	-6.21581648359791141822406e-02	 5.52019782064672948074247e-01	 2.88060196158166359481356e-02	-2.12553325412004667782639e-01	-7.21123540109508187612164e-01
 3.31157088391237086621999e-01	 2.60551892215745817260597e-01	 3.41769597657720802796888e-01	-3.18921877814509591164693e-01	-2.33613626223831416517385e-01	-7.41184690803669665726261e-01
-6.14773335840480106284645e-01	 1.65286972147164007429510e-01	 5.86378795948213349387146e-02	-1.99849690992676048972854e-01	-3.36778951152808425639762e-01	-6.61767028889442610051219e-01
-4.78867029889990636348784e-01	-4.22810316391719509532265e-01	 2.07365114414818280108577e-01	-4.51604192786504488044130e-01	-5.88942224181830328855192e-02	-5.84382269566941503491364e-01
 5.63811118253687640344829e-02	-2.49148553888751705942539e-01	 2.51366738255602129026300e-01	-1.94904008178484966506971e-01	-9.22662652857609982826048e-02	-9.08328296988152539270800e-01
 3.62010327278989851862434e-01	 4.60126144037292184041377e-01	-2.48584226080960590810065e-01	-1.70953772847703189263768e-01	-1.68801361609947825348499e-01	-7.33293423486277684553158e-01
-3.35942933044018829380484e-02	 6.52072458162512136325972e-01	 5.95166768817324415286052e-02	-4.83668744835006159110691e-01	 3.49661972641834087327517e-02	-5.78768181792022939902154e-01
-5.59528464741492315148719e-01	-8.94055755559892001427258e-02	-5.14095618660202147154337e-01	-2.46725476092673257078047e-01	-2.38894553852070756772008e-01	-5.44698234497394850883722e-01
 5.44601759670619647857315e-02	-6.06039211283316170408852e-01	-1.75641226918987369831626e-01	-4.81533907967480800937921e-01	-2.15926326172024063421162e-01	-5.66040316735958448646215e-01
 2.79859834423758502275348e-01	-1.21334554122127652453500e-01	-2.87891657399959810526013e-01	 4.02674164721337352057517e-02	-3.13178418016882287311375e-02	-9.06351212614259993394228e-01
-1.14982310406154236009924e-02	 1.91115061480015252515230e-01	-9.81696770157379355881133e-02	-7.78332380641429816270360e-02	-6.23968691415726528504138e-01	-7.47201845325912272777202e-01
-1.24984249036146050082507e-01	 1.07638724157770732103856e-01	-1.36801407757127624353899e-01	-5.03191316236849650600504e-01	-1.71530774273780661776101e-01	-8.19422912866787145347303e-01
-1.97871463649381996996457e-02	 3.32227487905564569659056e-02	 4.53766353687608370304218e-01	-1.12618794095392896204011e-01	-7.12508801871545860429080e-01	-5.21774883004785916540413e-01
-1.72837592029631864631867e-01	 3.01642632396604437605703e-01	 2.04181024404257518978234e-02	 4.22075217505297195508263e-02	-1.94270864490430966373125e-03	-9.36449006185482324404745e-01
