-2.09750446047252320225240e-01	 1.34666834872828961033875e-01	 8.61574038447753126623851e-02	-3.96801034212079031804343e-02	 3.93945460157409166335185e-01	 3.44810134318010941267829e-01	 2.08728372597797751097914e-01	 7.81803937882868948960891e-01
-1.10124537127724686502717e-01	-2.01256538911511850820091e-01	-4.15941383712556178586794e-01	-4.11216254603187503224859e-01	-5.95595819742964355247850e-02	 1.19214115220845393028348e-01	 7.00385758335933195084522e-01	-3.11388486589552870853481e-01
-1.00345418626593477218201e-01	-2.11890157215833853376896e-02	 9.90339477487178626580189e-02	 4.92266130007960822645430e-01	-1.80106064295079859594040e-01	 2.75280003771370518350636e-01	-3.16476588309876849525182e-01	 7.27305610588290130102962e-01
-4.11944269219848210883406e-02	-9.76812826626401731200389e-02	 1.31399702051425600057843e-02	-1.01723080679805469306309e-01	-6.77189086074861390507351e-02	-4.26861712083262789807492e-01	 8.24774886079508107172842e-01	 3.33452781837038636503223e-01
-1.86151160534310494698573e-01	 3.86927546037870023765137e-02	-1.32810064831864527157279e-01	 6.70881036873478664439574e-01	 4.54980250224660376368035e-01	 2.02894820186263785677383e-01	 1.12686673269941167729868e-01	 4.85035168549936501758424e-01
-3.01559371309568835517467e-01	 8.68583034470718912123388e-02	 4.59015702731360164534635e-01	 2.35536172249340397533146e-01	 7.58747010415385281234535e-01	 2.37944005545861030082033e-02	-1.31901721533252996865215e-01	 2.04165651984769325189006e-01
 3.07396127114788308976046e-01	 4.87347042789357198788736e-01	-2.88906061418645505878278e-02	-7.58001005659054566399035e-02	 4.48871899371967253422611e-01	 2.25420041428705447694725e-01	 6.14601051233023443209902e-01	 1.77159615177945289898886e-01
-2.62223229682802427831234e-01	 7.23551912227809124189548e-01	 1.76069534157707791033332e-01	 1.48575019471391955860895e-01	 3.93962468000433996273557e-01	 5.46248814003037971853693e-02	 7.44864467078107661546227e-02	 4.36918821124266110178525e-01
-4.95962061446170721090709e-01	 2.66092221996131694794485e-01	-3.29171730056935341046653e-01	 2.29939255745967130462049e-01	 1.07075522998951469522133e-01	 1.77088435000769713056901e-02	 5.48453729077183593787481e-01	 4.57613603485804654180669e-01
-2.51385866486998725555235e-02	-9.67357486619369322244921e-02	-7.16791697795490095890258e-02	-4.42404558107267309452482e-01	 3.93870855690571231022545e-01	-4.84520926806161322808464e-01	 1.59878867645521699492051e-01	 6.11305584943087398919204e-01
-1.22463330809244985708517e-01	-5.98348859834909263533120e-01	-7.49681929993440271386973e-02	 1.35755212351203972259706e-02	 5.43867331676647247640233e-01	 3.63788155244783195652047e-01	 1.11499983665666019261309e-01	 4.24983655078704225527275e-01
 6.09706210142932136797356e-01	-5.19559614420606719065177e-01	-8.49571465136522846473000e-02	 6.19387704843761335848917e-02	-1.37769710192218203248515e-01	 1.05055983473497691060849e-01	 5.14078930921599175363212e-01	 2.30146945267298591586425e-01
 1.40350115517285212174414e-01	 8.68419401159321036054450e-02	-3.58637991804026223796598e-01	 1.39688560994111921065297e-01	 5.56801478663006443881045e-01	-1.22238387116165705958970e-01	 4.49556244048393172096922e-01	 5.45486290189207800871429e-01
-1.67796241493525982724222e-01	-1.32785897519777956743425e-01	 2.10279727790353060390416e-01	-1.08176588374058316177617e-01	 5.81740195548692717864014e-01	-4.92972818006608068386321e-02	 6.37316398459465527359669e-01	 3.88932538769088842478538e-01
-4.33591664401585044630316e-02	-6.91700451813398786704568e-01	-1.95898512355874687695945e-01	 1.89394449884539795014859e-01	-2.36993222445076645588102e-01	 1.99129022866616295361908e-01	-2.29692902895173356458969e-01	 5.44836670923787957931950e-01
-3.45720460217947334058408e-01	-4.11864878113269328174795e-01	 4.26117550775649001071343e-01	 3.42581979235949518614035e-01	 2.44631023160508831448823e-01	 3.52420153439025218844449e-01	 1.95459955910871369111348e-01	 4.35496509262647546467662e-01
 1.50526217515907667632291e-01	 4.24972086393588022179557e-01	 6.33283299973698698970281e-01	-1.10851423226237671970651e-01	-5.39629853955762128769891e-01	-6.38691778604868892754709e-02	-1.19478426701708582285955e-02	 2.96618282417674905548921e-01
-5.59515049660758378990977e-01	-5.28242942911968660357758e-02	 1.82691372039157431950152e-02	-5.71041777457558241692936e-01	 1.54783725406880123820486e-01	 1.02697100649464329036320e-01	 1.76152833293443555895408e-01	 5.40551120015255293083101e-01
 1.30934302044933670305937e-01	-1.74693902167465747732322e-01	 5.21282384755546224219813e-01	-1.18797808215583236557400e-01	-6.27131545235276921523848e-01	 1.76688327499596786740454e-01	 4.57331024795437357521877e-01	 1.81178361997282766360229e-01
 7.22555209150247262916977e-02	 7.67870599613428517216107e-01	-2.81504992580900337273420e-01	 1.04650347550806870067230e-02	-9.89427563927062769799647e-02	 7.66839377963741547494791e-02	 3.19623326535460661190768e-01	 4.56037430395879017641647e-01
-3.37219658088776630400218e-01	 2.72036937828990132981488e-01	-6.39757737293409678436262e-01	-1.71737022897967300805178e-01	-4.81094498619413002415968e-01	 4.27421172727997511486819e-02	 2.37405724687876046319346e-01	 2.89577201949796081414945e-01
-2.73908767763250848847889e-01	-2.00133938453399690127199e-01	-5.61347523237642476168219e-01	 4.55927381431603495620664e-01	-3.86229647887396110306213e-01	 1.86398742289285934692344e-01	 2.69839910411302119630506e-01	 3.24358081990267499428171e-01
 1.52689716249490708976921e-01	-6.50928282854785655864305e-01	-5.69207681428977374515910e-01	 1.30977674779455960374364e-01	-3.03793082602556163696050e-01	-2.11754341815072189003644e-01	 2.58912161999546308610576e-01	 8.75216504472342005094276e-02
 1.60725121550614954979430e-02	 1.07661815676109939854399e-01	-3.17052225800609543959752e-01	 1.49919981372739846703368e-01	-2.04509127622318376271693e-01	-2.22366517625041865136026e-01	 3.14943908359455349010858e-01	 8.21396357579071922927483e-01
-9.83764534611328983482181e-02	 2.77627193210229772368791e-01	-2.49293342094128400621145e-01	-4.77377971499165831836820e-01	 8.76512578391481500528215e-02	-4.32132405413784420611378e-02	 6.14921064970180397679655e-01	 4.85314613015689177988321e-01
 7.04988530621290243605159e-02	-1.64398024408007714658453e-01	 1.63671716279309542585452e-01	 4.08144302259158320289600e-01	-4.84824041466436261860196e-01	-4.28992249653299018152808e-01	-7.35576830080022781022109e-02	 5.91720850515921492629445e-01
 6.25005912593991352910194e-02	-1.29867737373580427462372e-02	-4.97427417440273023085950e-01	-6.04738587526865364885076e-02	-3.03041118126188002701582e-01	-5.99417089887120502211815e-01	-2.47288690601177474359673e-01	 4.82231721440244398557695e-01
 1.48265901914744840928151e-01	 9.24504710606932449123985e-03	 1.69024018576645757017118e-01	 1.46792522607046171945200e-01	 4.22183203595301315136368e-02	 8.51828935164581579897458e-01	-1.62137229880273403548330e-01	 4.17290288903805983711237e-01
-3.59168605470546298263912e-01	 6.78264487060641352300649e-02	 2.57513620656053598967361e-01	-2.13229635515445187232686e-01	 6.07813232396068547913615e-01	 3.93193620842771207612998e-01	-3.87934684612553148941316e-01	-2.82994478642569879944801e-01
 7.67842159611161444165983e-03	 8.90898211674604617593687e-02	 1.60533726814803962001932e-01	 2.13667808117527197042662e-01	 3.38573025271386607304436e-01	-2.64876001028643281998143e-01	-2.01193278093987820698274e-01	 8.33852092053977034247225e-01
 3.89237802045259650984832e-01	 2.38206302673123787583265e-01	 8.44871367169732490065570e-02	 3.54367604439689787287904e-01	 5.77434497349812558830706e-01	 2.06443766841330977879210e-01	-3.65129328979871270455249e-01	 3.86869695117437406572947e-01
 4.33543261807929236617554e-01	 5.74759282524687331594748e-01	 1.72285074106442920305327e-01	 3.73373184251109491160747e-01	 4.81995439850397763836831e-02	-4.57080022284015313749350e-02	 3.95889372375409498427956e-02	 5.53735157232496444379422e-01
-7.30220205417589779406384e-02	 4.00774346115829349646020e-01	 1.11772023327610894871675e-01	-1.44554248474116825429192e-01	 6.78810643411330016938621e-02	 2.29539445012871157203449e-01	-5.16129885311384151158620e-01	 6.90631984371068097239288e-01
-4.50420500931047851356226e-01	-1.97107188470398930757455e-01	-4.08070569507859470803623e-01	 1.52242667496427369622225e-01	 1.29311968001209115497474e-01	 4.55299923889345981020682e-01	-8.65687486487989321659597e-02	 5.80566064358582045734636e-01
-7.02517802592507845105274e-01	-3.37169843331187268908877e-01	-1.03071919191845259855533e-01	 3.60385845968793805393915e-01	 2.30276945840537705656459e-01	-2.07756658925251247449495e-01	-8.45500867293737939922593e-02	 3.85933202780882389504313e-01
 1.71604938906943726983911e-01	-2.24425976676903782269790e-01	-1.81914881436935321756820e-01	-1.71529793333749895622997e-02	 3.68744610901824976245678e-01	 3.56344020955669360528617e-01	-5.67425401902309500812294e-01	 5.49429013688889744670973e-01
 6.74232983653229034359811e-01	-1.53802185970278587623383e-01	-1.91409342769224805058670e-01	-1.38522567294129983483941e-01	 4.95966946695178378945457e-01	-1.54970751950447765965535e-01	-6.78741457240785578397535e-02	 4.37404489418806663447725e-01
 9.85011068096173503239044e-02	 4.27291433150135513407974e-01	-3.22173968850772984851005e-01	-1.86202897712140880148723e-01	 6.08186601049855557477031e-01	 1.53659313655218759953058e-01	-2.09600507266969882103069e-01	 4.81474276339023898874103e-01
-4.17013170006033828673964e-01	-2.23778079554373371395926e-01	 1.79624325086475217227999e-01	-2.11449996504105258710027e-01	 4.89384782225651571163638e-01	-4.01531565190101011331159e-02	-3.83188889822529077378022e-01	 5.57766906182328936480985e-01
-2.97808931393523435016135e-01	 3.65025857980765366939124e-01	-2.95030710360345838072504e-02	 5.80282856652917011786030e-01	-3.29395993313094451182543e-02	-4.45468403675554958098814e-01	 7.26219681306633085826618e-02	 4.85454706774279265424354e-01
-3.97242969158872472057453e-01	 6.24636632346707576513012e-02	 3.23850120166328414583745e-01	-9.48265061315826524035444e-02	-3.27253648327621327052128e-01	-5.22660347780799505734706e-01	-2.37227810293465707358607e-01	 5.36544056131053714864265e-01
 1.70549738037469172935445e-01	 4.47045062786617541927825e-01	 3.61284228369212367937280e-01	 5.37916176000951762325997e-01	-3.53039822307585737792834e-01	-4.33917362996251720907992e-01	-1.74178121592255708005581e-01	 8.90167430073494359010766e-02
-3.41528416475163243415381e-01	 5.00994023986774256185228e-02	 7.76679659986707515706428e-01	-7.05060813991880974693771e-02	-3.51977983806694094681689e-01	 3.62716546084604463118239e-01	-8.88591312032435826084864e-02	-9.64274327230631167484631e-02
 5.90693031396986728553955e-02	-2.73798247887991508253691e-01	 7.37086009016671428462075e-01	 1.86871394561997444805357e-01	-1.83890686154431881593752e-01	-1.09834600927112890911275e-01	 3.18026764772737988162810e-02	 5.44461017741492692145755e-01
 2.32000691760945211561395e-02	 7.76152823972523359108422e-02	-9.27717494536571818386506e-01	 1.43155877939311532154321e-01	-3.05918079500935469194900e-01	-8.74658634297650894318110e-02	-1.00738178164933980807128e-01	 2.99990083133581872387730e-02
-6.88172880501535133568325e-01	 9.47912619778897430622422e-02	-6.10701941652913138369740e-01	-1.20325695241903282001195e-02	 3.62345314571618851151591e-02	-7.83993686440542514315410e-02	-3.30682304677485272570436e-01	 1.65894153080652279053098e-01
-8.12927140315225366107299e-02	-6.02018212898676186028979e-01	-5.50284387258872409454113e-01	-2.67411941264445951471629e-01	-6.64920593397658049594767e-02	 2.45387264716698305644371e-01	-4.38167745399215879942290e-01	 4.05413904094864725735636e-03
 5.25342228806785938033386e-01	-1.17207165575188204664769e-01	-6.26823279881603023788728e-01	-8.42672633121853559279302e-02	-1.05616996811137550671411e-01	 2.04806734618411229176260e-01	-3.53247086975378932205416e-01	 3.63848009593899401892259e-01
 3.87525985107319170808182e-01	 4.98689789063417376890897e-01	-2.06578989952299063581620e-01	-5.01351408739811654768914e-01	-1.49168432811352141831307e-01	 3.79713792875560661801981e-03	-4.94905122761139404374831e-01	 1.99768042680297075452955e-01
 3.14894950290976749496252e-01	-4.98059107329212602532920e-02	 1.21049126317160221644187e-02	-5.20337578575782000456229e-01	-2.18986810137111159724199e-01	 4.58224210412924382040956e-01	-3.59151229568402730052412e-01	 4.90457501957414720994421e-01
 3.16431257899032092328895e-01	-3.56805854927281562716246e-01	 2.87369036636100194659349e-01	 7.30025221499717574813459e-02	-6.20093746304014148407191e-01	 3.03845689102804961123638e-01	-2.29467381265741704465810e-01	 3.93899445797995406692849e-01
 6.26067975488409523415756e-03	 5.02852302720588673068391e-01	-3.31727252602365463296508e-01	-1.55656282908888544264103e-02	 2.79823364852403444480444e-01	-5.60265820736567055071475e-01	-1.28210059448928798131462e-01	 4.77680208808745343507240e-01
 2.65238196417453588049629e-02	-2.57357336118174129246938e-01	 4.82544042471893863677224e-01	-1.54168255911320023487932e-01	 2.24010365949462893209176e-02	-3.29688404472056717509076e-01	-7.48881266044507110102302e-01	 8.01728343370233659248569e-02
-3.34741703563668169252310e-01	 3.79381769660132872612479e-01	-8.21328538412136911761596e-03	-8.43119987685427701995522e-02	 2.05558384031158225546676e-01	-8.15726721468945509263548e-02	 8.17835732382398372664056e-01	-1.38122620535347545578375e-01
-3.27127059771212091998649e-01	-2.45174006439500685727850e-01	 3.31146833173695087637611e-01	-4.86503213204277015768717e-02	-3.12763554775120689033230e-01	 6.95544343984749735554374e-01	 2.36047123187908269859037e-01	 2.89017809894588195707144e-01
-2.72575125776534366028869e-01	 5.27017511462908108677006e-02	-2.96862479730643502584542e-01	 1.22720793236055242952931e-02	 8.26647245435442767913514e-01	 3.24904903961024893455090e-01	 1.96609181391976167718738e-01	 8.41626711774177693747845e-02
-1.42194433056205826737539e-01	 2.71320273618807117355090e-01	-3.62645860188900825971103e-01	 4.31990968277263465147087e-01	 4.75210626984343020851043e-01	 2.06153713696935775301355e-01	 3.31855418259736245634173e-01	-4.57804896705713615379096e-01
 2.24950301565468108178081e-01	 4.39739836377179560411577e-01	 6.38356352081558497957303e-01	-2.21346274053877828391634e-01	 2.61171319647290588183974e-02	 3.24600467936939918178751e-01	 4.28516354202742200119047e-01	-9.92945046919207208180325e-02
 4.18574545648541018749711e-01	 2.11905911543029262800175e-01	-4.40421131647912078577178e-01	 3.16761201899237010426447e-01	 6.75224091210657406669782e-01	 1.64927571799915323458308e-01	 4.05162642284201054976300e-02	 2.85053889546734856574872e-02
-1.23469959794277425735309e-01	 7.36244093766376450638234e-01	-2.43803678143475782702509e-01	-2.96470280580756306854084e-01	 3.72920647547811678901297e-01	 3.17785857203640886847751e-01	 2.04217262827115331180750e-01	-1.16630149772157146181861e-01
-6.72627784682542806393712e-01	-8.36785439291128640970641e-02	 4.57339546349351144804984e-01	 4.15638330907341757569640e-01	 2.25138655839712154005383e-01	 2.63210078295694760441847e-01	-8.01158774195049466770868e-02	-1.79637324351182764425872e-01
-5.87866427342091824037595e-01	-3.35743403443788945850201e-01	-4.11343539459966323068585e-01	 2.54173163526932754940901e-01	 3.04605161689634307276009e-01	 2.33222239037401718464437e-01	 3.98555771999440255903835e-01	 4.31080668973622266326728e-02
-9.47550340252007600172490e-02	-7.37973295039231591552209e-01	 2.94413876393826268174081e-01	 8.82843501513664447033491e-02	 4.67519239379351192464895e-01	-2.09161191103414967340512e-01	 2.93220278722161054041351e-01	 6.03528568784111318912267e-02
 3.57179153734652421459117e-01	-3.71945200241020401676906e-01	 4.62876823601729159296525e-01	 1.87760679588572870768459e-01	 2.21456528762449089686726e-01	 5.83151851972727675033070e-01	 2.95394800012493352614484e-01	 9.05738873115174286665408e-02
 2.90985738580425701282905e-01	-1.79416554690009694139619e-01	-3.02838365581762636313812e-01	 1.80888494051879039625774e-01	 4.30840815299967039297968e-01	 5.81486912876163719587908e-01	 4.36740280230812794037831e-01	 2.10267369191467240474580e-01
-1.42753673900626709691863e-01	 2.56460648746766495253979e-01	 4.77087780763687296925468e-01	-6.74383912339296398563704e-01	-2.30291718081037433130120e-01	 3.38133410720285132455842e-01	 1.66906891897666581625614e-01	 1.90306392512698374641644e-01
 2.29460460879909705633750e-01	 9.92046738351673590416979e-02	-5.38741372466683188235947e-01	-4.16061915503116552805807e-01	 5.10842983445076503912219e-01	 1.61858481998790326716886e-01	 4.31163691666033022098503e-01	-3.31012794545523167388801e-02
-2.29722544712376131048615e-01	 1.79228811632959506017215e-01	 1.18966543737021340776394e-01	-5.56632363718953082631913e-01	 4.06697729345274039403080e-01	 4.41747327264838229865518e-01	 4.75173321447308172338353e-01	 6.91269053837165747822269e-02
-6.27963392845333645553296e-01	 1.08873685648866208586227e-01	-4.80953648064089134273047e-01	-3.99977957282323270948865e-01	 2.74213340694625218318947e-01	 1.78948207752552657101575e-01	 3.05515394156820441207145e-01	-4.42113852074169921824165e-02
-1.34667293898911355487513e-01	-4.35277800173225037916325e-01	 2.38205359743485028944932e-01	-7.45115813749789079878383e-01	-7.85289783943270008892412e-02	 8.65640595661211209588259e-02	 3.31083438549381325888277e-01	-2.39128014213858403058666e-01
 4.68669543526741005923242e-01	-4.64181389218531054163819e-02	 2.02453830340603241344510e-01	-3.62597851462471532091314e-01	 4.42413463584465926903277e-01	 4.46006715243337681364721e-01	 1.72727898285724018601073e-01	 4.25726285770008539000031e-01
 2.39814256363911654235110e-01	-4.90742337169965625598422e-01	-4.98530105305454718234159e-01	-4.43096767221703047301418e-01	-2.73755381711864087534991e-01	 3.55762195053088148277709e-01	 2.17325393783365405919739e-01	 8.97496223228667344695708e-02
 6.62563311321064107861645e-02	-1.22886766877135622522133e-01	 5.44026342373213206426996e-02	-4.92310436145117491513190e-01	 8.32715317266033094867339e-01	 6.51541022557885346477846e-02	-2.34148191879666560388795e-02	 1.92280052408482088344144e-01
 1.79224104378966686557106e-01	 9.55542434927521000531669e-02	 6.89071172045323532273642e-01	 3.55356298706226980677059e-01	-2.38077497165243651133792e-01	 4.94739341688853029310735e-01	 3.91184636446902274375947e-03	 2.37039478511101020519192e-01
 1.70049380728384436078926e-01	 8.73215613947549984530383e-02	 2.55943983330842950163486e-01	 2.18805104853013659971239e-01	-4.00758061534369214307105e-01	 6.68443469708218551694756e-01	 4.56544096565007107013656e-01	-1.84983643406038122947166e-01
 6.10392737947018648725361e-01	 4.77701592469094660220463e-01	-2.70939805304394099039200e-01	-1.61209888796694039703183e-01	 1.27062979041495993648425e-01	 4.87874424874660039819219e-01	 2.50506395571746427741733e-02	 2.12204849232773801182006e-01
-1.47260865613146801900157e-01	 7.93046493386155293414674e-01	-7.10407341197796526888197e-02	 1.42156562415694711493108e-02	-2.86962253291585200898339e-01	 1.24426468276354673658801e-01	 4.28629569982230118618816e-01	-2.50180009023646177102052e-01
-3.98229618148064845595258e-01	 2.89339178269297170320584e-01	-1.39509400835443025945537e-01	 2.18676233912660000768824e-01	-5.59130650808253637507050e-01	 4.41216519888273317473448e-01	 4.26692335115789356247973e-01	 3.23788821033152221517959e-02
-8.86056199627616281055964e-01	-7.19417577868241009397821e-02	 9.52311369460248774432287e-02	 5.38593887580970306916406e-02	-6.29848828953029349353443e-02	 2.76079681347239924704695e-01	 2.85701988053957467439403e-01	 1.89595040764433730995364e-01
-1.01765202550613779314270e-02	-8.14085390084667070986768e-01	 3.67237035399643640953826e-01	 3.23585539279221123809549e-02	-1.87945476846067049958577e-01	 2.65140869489007613424292e-01	 2.58274139126010604528005e-01	 1.70066416506035433808819e-01
 2.88216211431646773810655e-01	 1.31790172321603255012334e-01	 6.68191858928751936108625e-02	 4.70906378843231887554310e-02	-1.11302705132950693900362e-01	 4.50913212684905306826266e-01	 6.25230840717094560332612e-01	 5.35028795898081721560402e-01
 2.12784240047997818753855e-03	-9.06047666598342321675474e-02	-3.34047104184958809636186e-01	 1.60657120958455530701503e-02	-4.66221645313676713584528e-01	 6.03122818794199599956585e-01	 2.56155348056231746411981e-02	 5.46044651006766801337733e-01
 3.68372608568182435817562e-01	-2.32163312240969921251832e-01	 5.68514051025027611352414e-01	-4.18849463467557248108619e-01	-2.08347894685930595803924e-01	 5.11709042749546760830981e-01	 4.97668455053763905682196e-02	 6.34585682374999293653417e-02
 4.20023387515094548394501e-01	 2.06293461489376800388484e-01	-5.80841367210343587079713e-02	-6.33912430936566129169307e-01	-1.14368301966054158880226e-01	 3.77817035232276221545789e-01	 4.50877006059390017522759e-01	 1.29184865418347089027762e-01
-1.11354433448449807730896e-01	 4.89217247750127814942545e-01	 2.94202659730719573438762e-01	-2.05810823960161842771655e-01	-2.92748175750586425714062e-01	 4.45129573041236237251894e-01	 8.88604227485445823282728e-04	-5.79232900986064724868640e-01
-6.03218385291936831649195e-01	 1.89374813673151343174084e-01	 1.24019958942882674302055e-02	-4.10094963331830819619483e-01	-4.47299703553108607412270e-01	-8.56300530363067295691604e-03	 4.29351082317016408129717e-01	 2.17808102224016864045808e-01
-3.91038991035087268866022e-01	-5.37416618157465109106852e-01	-2.03149448431172829909741e-01	-3.31835632050278217519690e-01	-4.65561210479338627443724e-01	 2.05552878232061447816292e-01	 1.89026238683077774105357e-01	 3.34898724332018782323672e-01
 9.11722152641197686184782e-02	-4.03010242488616443612415e-01	 1.89509543918453315924921e-01	-4.47675206094029665138123e-01	-1.20713162322522868374897e-01	 3.31642236607071705378758e-01	 4.21883170057014034171061e-01	 5.38887524803263184836055e-01
-2.30748857556635267318512e-01	 3.21052236362047827000765e-01	-2.96794460847299879091565e-01	-5.59577284978823086269983e-01	-2.64185971939386921025772e-01	 4.76657786420509932412415e-01	 3.18757517938107859389874e-01	-2.09436166987468752598289e-01
-5.05858829421106270807229e-01	-1.44337832817095640391969e-01	 1.55466763464886803536302e-01	-5.19370510977518184958512e-01	-4.78695205012445584857872e-02	 5.80681292832740059139951e-01	 4.50284567810470409687795e-02	-2.96391591884913208065910e-01
-2.20909603479451738250461e-01	-7.86725561490942554287997e-02	-4.47512909821201274040980e-02	 5.10277659372556646744101e-02	-8.67276727556616222614139e-01	 1.50207111961520867193798e-02	 7.53432805356857443479512e-02	 4.27003408897838832025684e-01
-5.05844839410320545880495e-01	 1.69071381117232077961887e-01	-2.22156807351053420251930e-01	-6.47207103775855052685273e-02	 6.42377677885587639039500e-01	-2.92004153311595127107125e-01	 1.18260152950356300927126e-01	 3.87417705780367271906073e-01
 4.96192674321809135129513e-01	-2.93995078007155796750993e-01	-1.08826661054894954783201e-01	 6.16521973633763376021477e-01	 3.87846060018431637583802e-01	 1.20234275684885719148731e-02	 1.40798558014601032928326e-01	 3.24073718320389225766576e-01
-6.68750110384131422891496e-03	-6.90286014217656451741334e-02	 5.81309298618961078908285e-01	 3.79103174555625810349113e-01	 5.07170720582136413945307e-01	-4.07060870175643407797850e-01	 2.94476548313802877210321e-01	-6.25578336018167285859093e-02
 6.65218198409439853691083e-01	-7.24104626446566146391604e-02	 3.17450565084862079689998e-01	 1.55185156773903903948408e-01	 3.15379871153123436666732e-01	-5.63294541560998340834487e-01	 1.01800341209441147505288e-01	-1.59895621425980780094811e-02
-1.09363659075932290187794e-01	 2.95225159181639829064636e-01	 2.11105379314918996380701e-02	 2.10425624854691739606949e-01	 3.26883301063779274642229e-01	-7.16707480801053842256465e-01	 4.61960653765969175843509e-01	 1.49087712015532419806974e-01
-6.39791406320763478277058e-01	 1.02934915498351653440068e-01	 1.13431299742002902886107e-01	 7.72512883051256760147396e-02	 3.93426496010366666400415e-01	-6.06537209932353160724006e-01	-1.25339681458753404719175e-01	-1.51179058469700505762390e-01
-5.81765838901854515086143e-01	 1.33096175544535882256936e-02	 4.36890386712710354633060e-01	 1.99040280245125877911505e-01	 2.26864293624440910290829e-01	-3.06975817120284100170124e-01	 3.01508884421142875353894e-01	 4.40762920629754362256136e-01
-2.20658646974186051226141e-01	-3.53053259732641178114676e-01	 2.69813714992181319374254e-01	 9.62478931106670598794040e-02	 1.92787972744315944106930e-01	-7.74153031376436873145508e-01	 1.09292081790689901699132e-01	 3.10121237607521804680033e-01
 4.68869932106908138269574e-01	-6.84150530459512573600023e-01	-2.02444514387750573725100e-01	 1.94215653558533568601163e-01	 3.71893330687916745525001e-01	-1.95814960791423908759157e-01	 6.78419228050796407902823e-02	-2.28352495443735509228489e-01
-2.14316592881136164239209e-01	-8.71563637111505973287251e-02	-6.00635040660354668773380e-01	 5.56873433168378548230315e-02	 2.31704059401720674493674e-01	-3.51408084039672552467692e-01	 6.34133478341425305124801e-01	-5.75234993776748484983763e-02
 1.59187046380478147700188e-01	-2.21518902749928414674940e-01	 4.46478343765806418019793e-01	-4.64298433116987541158238e-01	 3.98942841024008121308952e-01	-5.58930955135748974704768e-01	 1.97738669790574916884651e-01	 3.62339599912129151776385e-03
 6.44592288798825907569778e-01	 4.09976441066970231918987e-01	 2.57521855456713966159299e-01	-4.49019041446383937454812e-01	 1.72625994160651247133487e-01	-2.68271034103591876629480e-01	 1.86450322600468731959467e-01	 1.09323780464597647421598e-01
-2.13769716063171466569059e-01	 3.60455143422084622883972e-01	 5.22167470169381142675036e-01	-4.14871682309020883838713e-01	 4.01719569765860096133281e-01	-3.06641544501152496504659e-01	 3.18800670026668120371482e-01	 1.50185557339759856443351e-01
-8.81733243481645834194182e-01	-2.77583206999155590599671e-02	-7.08659344442076483128190e-02	-2.50794778257436623558618e-01	-5.16617725758637610922186e-02	-2.51491186077844153246019e-01	 6.91994456964127313547408e-02	-2.88358531693095443415586e-01
-2.21091062284757763900522e-02	-6.64232262101544734811398e-01	-1.23062068916206648894196e-01	-3.08641333161032260790080e-01	-5.18962129731647750507939e-02	-5.06960826344522663688963e-01	 3.65736771988769970853639e-01	-2.33317511795072096703052e-01
 1.58653637187039842082470e-01	-5.59758107228806589539261e-01	-3.70007583041930043776802e-01	-2.48631342957123246950601e-01	 4.26904321145197440667829e-01	-1.10583359015635998567895e-01	 4.73540443753876327814822e-01	 2.09905211977961136948778e-01
-2.28144635853293975547018e-01	 7.59119603485083026261915e-03	-1.69311068907137068917379e-01	-7.57780432170911399936131e-01	 4.32851313187472441779136e-01	-2.59467764713658843866995e-01	 2.97020416938063303025075e-01	-4.57172736155058434537324e-02
 2.10121001536671320186755e-01	 9.81502774003312206119176e-02	 3.14565552826347053297362e-03	-6.89070853132189076184488e-01	-1.11093033394730464347155e-01	-6.53343304389289891709325e-01	-1.01002059636860180846796e-01	 1.48278793036604461530459e-01
 1.43976963867353729975562e-01	-1.98348843562354326675035e-01	 9.84022682307091195452742e-02	 3.02247997608817708936613e-01	-3.55635410249850736352784e-01	 4.46370779418102034408200e-03	 8.33170136204289257797484e-01	-1.34990985284209330519190e-01
 3.39993706566515563327613e-01	 3.90228665056226095564362e-02	 4.60768959125563870582454e-01	 1.16892009795962467655350e-01	-3.32334237850152702797857e-01	-6.05402861345379905699815e-01	 3.85493909967889958334553e-01	 1.77046589750000094021232e-01
 6.66634674967179874371936e-01	 5.63323665082058444575352e-01	-4.44721610858974866764548e-02	 2.32834361781418391901255e-01	-1.37567052556918756334170e-01	-2.85621289303900793843383e-01	 2.42603435008823031804326e-01	-1.50712984912408642923509e-01
-4.50257059717364793716143e-01	 6.83931384018768295796065e-01	 3.51225142694328168468942e-02	 2.27497698393978070585675e-01	-5.33439330048554732899291e-02	-4.40154434048003639912139e-01	 1.41016947465556069518655e-01	-2.45051765699889290139879e-01
-3.92104949215059117584303e-01	 1.98928424039112927701467e-01	 5.34969848769239031405220e-01	 2.08577329723934501437554e-01	-5.56227431594606858134000e-01	-1.81435142939115001681216e-01	 3.36572171317298496351356e-01	 1.46271856782192510859630e-01
-6.42501602343480970880307e-01	-6.18788565688014602361733e-02	-2.09282857324740723115042e-02	 2.32429344489683165075888e-01	-1.98499534547806444351181e-01	-3.20799378867771101120354e-01	 6.21554970775832216212109e-01	-1.60130065385700251501255e-02
-2.66032769352060272094462e-01	-5.50266867146275706623726e-01	 1.42718496949826301190001e-01	 1.50494408995347772606266e-01	-4.49978060947358649013239e-01	-3.32191491809540329072092e-01	 4.39840296079789971894769e-01	 2.77713657246578704551609e-01
 6.74860724526852306937030e-01	-3.20606515392516777662735e-01	 6.91106421489776495681312e-02	 1.72579045296817945587264e-01	-3.85032984734494987399955e-01	-3.49544999586939630908944e-01	 2.48058126429680336766381e-01	-2.74316818455530131437570e-01
-1.57151300937920124223268e-01	-6.89375719147027749000856e-02	-5.01700407024904704300639e-01	 2.35808336026751802494417e-01	-5.19697068591770228174198e-01	-2.63654570885219152742707e-01	 5.04168412623532957717032e-01	-2.63548185166361415010527e-01
-4.20121232968542132613088e-02	 2.13927527069866452169578e-01	 2.48799607913428838523728e-01	-6.49042936697536321233315e-01	-1.43016119777810590818490e-01	-1.80993266624778575968335e-01	 6.28491229519111294088418e-01	-1.45253631351405898541884e-01
 3.30339073017738682480626e-01	 1.57757272956696920074293e-01	-4.82601289628699983702553e-02	-3.64865287869087007166513e-01	-4.85888266038066340968271e-01	-5.33312654409102471220194e-01	 4.02547274100591656598169e-01	-2.19040907173898985460525e-01
 7.52268844029461980493778e-03	 6.95054080136755070284948e-01	 1.15301519235072869040692e-02	-5.72166336829517230277986e-01	-3.02996420594201731901762e-01	-2.33289574470075256051871e-01	 1.38322861858861695383283e-01	 1.54828624218646959675993e-01
-5.49001182441043567017402e-01	 3.03793722915261313333168e-02	-3.00379941089174817836494e-01	-1.76334433673487195326501e-01	-2.15539615180724737630857e-02	-6.38217581587711801915930e-01	 2.25220193407327351486913e-01	 3.43281901192881488960040e-01
-2.77603954021873822188837e-01	-5.91368983348410481859503e-01	 5.71156172387017657676722e-01	-3.09765367516425749183639e-01	 2.28426651822658585005987e-03	-2.99915139310553302554041e-01	-1.17543166195855322553321e-01	 2.17426101229757029464906e-01
 2.08585976745624540606983e-01	-5.36692116270329644400761e-01	 1.15604396861763603077122e-01	-4.47664896972175208045286e-01	-5.81758704906973678205873e-01	-2.18370280034499791854685e-01	 2.56154028246199705343145e-01	 5.42362421202714148349422e-02
 1.64874836637146582329905e-01	-1.09256781958550069910885e-01	-4.70815459811825376412742e-01	-7.93861159429377960528029e-01	-8.07203369529498199197448e-02	-6.63276694538200012329909e-03	 4.91990308438171042304532e-02	-3.16253371777185599000859e-01
 3.80986531247205426065072e-02	-4.06893930271725046132758e-01	 5.51339845560308572380848e-01	-8.78068611551650890501008e-02	-1.48604754930944299440299e-01	-3.75654494876381417345357e-01	 5.63883860187814667241923e-01	-2.00338392427655997973801e-01
-3.95073970772528912376309e-02	-1.89513492615263928753322e-01	 1.80891305561450173311488e-02	-4.95386339041589518483732e-01	-6.39654064200024685682422e-01	 5.13226994837623462508702e-01	 1.69851272396933927755214e-01	-1.24017076756042052276818e-01
 1.90133915978100004329221e-01	 5.65329120390783423921732e-01	 2.40857354886732266674443e-01	-1.05731255890246178541503e-01	 7.86030721401970861039743e-02	-7.52179918039808548257952e-01	-3.09633248338571469282510e-02	-4.63564043130740219278429e-02
-3.24651775235661466112447e-01	 1.00489345923885919908969e-01	 2.40010448942443277431380e-01	 1.32786827530344125891659e-01	-5.95568919229698887085611e-02	 8.27882286447636950299511e-01	-2.46434532581070592227590e-01	-2.44130449938663562914343e-01
 3.95799997012466278634157e-02	-4.21035976466254902028652e-01	 1.06103292321420555194278e-02	-4.34505693623176814099907e-01	 3.42211751187416202135694e-01	 2.80366706829023870639617e-01	-6.48282333283023426417913e-01	-1.27553897124287218822758e-01
-1.06637283647051401419548e-02	 2.79610743693608290727504e-02	 1.06095725019170916691991e-01	 8.90993459657190789435788e-01	 3.05457938053445565707023e-01	-6.97868515020245439028912e-02	-5.77042456009166371266872e-02	-3.04095837977835847798502e-01
-6.15454173811161506235656e-02	-4.76929568699822448163417e-01	 5.27102275498329220226879e-01	 3.11596374694038044661504e-03	 2.16057674215825779029387e-01	 5.26329204540335604534107e-01	-3.91597498197661708640993e-01	-1.17694007066269562544747e-01
 3.28996713921311634276634e-01	-2.02844152796722021481202e-01	-3.37590219505980726477645e-01	 2.20384566773471152201225e-01	 2.31579182903903474377572e-01	 7.28042765483624676470242e-01	-3.23112449803945267490235e-01	-1.43414829821700935338913e-03
-3.23110746693891281999811e-01	 5.36512838760040300378762e-01	 5.21324821962196094382591e-01	 4.25473415997208226357884e-01	-1.18291894566317959403001e-01	 3.14542975758889342685620e-01	 1.66595147660728082339432e-01	-1.19423709366542785126342e-01
-4.72026245899013208173756e-01	 2.64907513004102590503663e-02	 3.85232558004438119247936e-01	 7.86941556659023766506778e-02	-1.39565186455679699634169e-02	 2.52589431667463948372188e-01	-7.21147869079597825248129e-01	 1.94530498674554463978126e-01
-7.54249914770120488682892e-01	 5.15678857186620681618550e-02	-2.41108396982887829285147e-01	 3.08895113596577786108099e-01	 4.04825894969807253964689e-01	 7.86615180987508960663845e-02	-1.60795166282386381428893e-01	-2.81018938445057209207789e-01
-3.64825801716583353329071e-01	-4.90529302599043370847198e-01	 3.92867057583903417361526e-02	 4.04613436880506202597552e-02	 4.80519359950568436534724e-01	 5.14268574494464614232925e-01	 7.29731778479333764719783e-02	-3.49866353663882412305952e-01
 3.17195804920668233961578e-01	-3.67984702868570656697500e-01	 3.94734486336178302945399e-01	 4.80009884241124729076233e-01	 1.94502331255778648788635e-01	 3.02978151550938101799204e-01	-3.73936987225466144213470e-01	 3.29079760129334708551596e-01
 6.34046266821814974434801e-02	 3.26801276497409032284480e-02	-8.12856804786140196839028e-01	-9.22743705070072917084900e-02	 9.88920232803300186530393e-02	 5.52836673554331969882014e-01	 8.09062357113331381830434e-02	 6.08874302333273081933029e-02
-3.19808231499956463483869e-01	-3.40392260399342949650503e-01	 3.92827381840770373244709e-01	-3.55002443080023100119291e-01	 5.75393854331574194915788e-01	-2.59028846841247495369487e-01	-2.72236209961674802126907e-01	-1.70965296173487962816395e-01
 1.57352020485043347930443e-01	 5.20039765626604588710791e-01	 2.38606484926596057460912e-02	-7.51218653391933499641198e-01	 2.79239780340250765000576e-02	 8.44166112579147476235875e-02	-1.81813635712834154034567e-02	-3.62854947987477249871091e-01
 6.72320037802621450762075e-02	 5.75414528434266880907444e-01	 1.96286680667274754386042e-01	-5.91553686348597063116017e-01	 3.53523047947730928441956e-01	 1.61590544381825185205059e-01	 2.05212702012057129907774e-02	 3.52707501054246030935957e-01
-2.86629756298408699954905e-01	 8.90345945821480883042298e-02	 6.80523862889879233017965e-02	-8.35368027362694554049938e-01	 3.04590279601843316736876e-01	 1.28838007310511870606717e-01	-3.09403296222613755084296e-01	 4.83785601620294949953838e-02
-1.04941063890979222050781e-01	-4.63177461509284460472458e-01	 4.81808931228076331443333e-01	-4.38880822221483446465840e-01	 4.25259190512258133942680e-01	 3.56107362087732748356927e-01	 1.91303260940041436333203e-01	 7.37768245438907288580310e-02
 4.87691670109650754483255e-01	-1.06538912447584191434125e-01	 1.85422491605494871302895e-01	-8.02783759477666669646112e-01	 1.66252842862735172868582e-01	 1.45891828839556456781645e-02	-2.06075631899401312541187e-01	 4.05340854832016844744302e-02
 2.28689666942049785181013e-01	 1.38052399832270994428640e-01	-3.78650377912265412305715e-01	-6.56385255040436765838763e-01	 2.19341854511630601765049e-01	 5.08505688466700300764956e-01	-2.17844385944375079633417e-01	 1.67271807489655852108079e-02
 2.40795324439968788654554e-01	 2.33188767701910520946385e-01	 4.08258257709262994961108e-01	-4.64335582436416594021011e-01	 1.73874638169873418913625e-01	 5.97973297515657198353267e-01	-2.09965726064575169962367e-01	-2.71050201584260297416051e-01
-3.45108560169758049607225e-01	-5.09958850024584166293895e-04	-3.05537731391935962754758e-01	 5.68705439244970967216375e-01	-4.79204851649671470514846e-01	-1.27004624880970556910498e-01	-3.52350460725129155381552e-01	 3.06923977475906994971666e-01
-1.29129016543092195457021e-01	 1.47435870293772780525998e-01	 1.93574106479820678972104e-01	 9.88352948076690329681782e-02	-7.46934728138984649348231e-01	 5.51683894599509061507092e-01	-2.17330814239818037592045e-01	 6.96399350909270714593546e-02
 5.06361057715808970947080e-01	 5.11297209718372780429263e-01	 4.02474464083439620321059e-02	 3.20651464148002773857371e-01	-6.87942712864176991738319e-02	 4.46058812375542332318012e-02	-5.97648677232148095583852e-01	-1.17601642677042497742157e-01
-4.67253750683933377629842e-01	 6.73027170605150604210110e-01	-3.84396508816955695397866e-01	 3.54779008069444790063329e-01	-1.00725802206534778560076e-01	 8.26032621311509479555824e-02	-7.99534189626467245437524e-02	 1.78095491781642023543242e-01
-5.74409662710203661184494e-01	 2.49421394642953847542444e-01	 1.31843554841717308656612e-01	 3.99958214690212754405252e-01	-1.31082370335813158668259e-01	 5.11326909957048991728357e-01	-1.25878642386673927910934e-01	 3.68795311195572739215720e-01
-6.67535549862605326332243e-01	-1.61224453090717534387011e-01	 1.17476524222420219967233e-01	-1.04957472185798816877167e-01	-9.71288807650738938992419e-02	 2.58728933309674447027504e-01	-5.05221087333477258951575e-01	-4.14684377795397351995632e-01
-1.75135657891486967718819e-01	-5.06076066685722247839863e-01	 2.28653838434070444396440e-01	 3.89458682503427133791973e-01	-3.23459192071200718476831e-01	 4.60323743873059798570324e-01	-4.38829531133239469919971e-01	-1.25983074895831426848192e-02
 6.13086028822711903707443e-01	-6.09102382977995238100277e-01	 2.80629869062691307546320e-02	 3.07588906625851754572665e-01	-1.54410246805219641963447e-01	 2.70584015838443658896750e-01	-2.02125460402592715958292e-01	-1.40742338728856025698022e-01
 3.73457326357068686295548e-01	 2.05631290097321228760308e-01	-1.33752793986076506937977e-01	 2.10497114147877167900091e-01	-3.58153892951290797608266e-01	 5.08019691968560005435052e-01	-5.54287530511486714601688e-01	 2.49907318850323911796352e-01
-1.52123944781481751364893e-01	-2.07045794140970601526774e-01	 5.76861793364351393975653e-01	-6.28564585833720546048653e-01	-4.35453457159823906219565e-02	 1.54851294808218409304601e-01	-3.83236061735796329497106e-01	-1.82708449976278469728541e-01
 2.70355470013201815149273e-01	 2.81696311095572915483842e-01	 2.02440760646889150731198e-01	-5.10703124508012695770276e-01	-5.87602052698024346355510e-01	 3.16213750957748174208461e-01	-2.95339045599150251675269e-01	-1.15163816845534922039818e-01
-2.07253325765699020211130e-01	 4.51576834577350427757381e-01	 9.71020819667503670702402e-02	-3.78337586301890294038230e-01	-8.00799823096924323628798e-02	 5.66924566525500384095437e-01	-5.21274164633858561046509e-01	 3.18316743129471863005264e-02
-3.32928657993365240130856e-01	 3.68083438566679077563748e-01	-1.18695714679502656307974e-01	-5.30717143216221876045324e-01	 3.31195927186501287708964e-03	-3.23692397639568141265443e-01	-3.10778247473288471436348e-01	 5.06510489216523196454034e-01
-5.16786396781612866746514e-01	-2.17985053258221150862539e-01	-4.11259845370163468203373e-01	-6.70930474386030484268417e-01	-1.88538474335406547321980e-01	 2.22698378477283881471394e-02	-1.72846203378486579227413e-01	 1.46103654604964813823464e-02
 5.62258457037228653874195e-01	-3.62535104866275770252315e-01	-1.29981256074772982822552e-01	-4.78935668370167155760697e-01	-4.18148179702519717793052e-01	-2.08273854982894655873960e-02	-3.61763616653916819654313e-01	-2.15159290109838505916651e-03
-3.67489374060246565267818e-01	-3.13071281920080046745625e-01	-7.71256747892939187316586e-01	-1.09339259365536553558762e-01	-2.11526677414574287849902e-01	 1.92707283006727486673881e-01	 1.27882531132939319951092e-01	-2.48821851190521498020658e-01
-2.12879272290687482360738e-01	-1.89196484411869758623936e-01	-7.78246253682974252485760e-03	-4.72819403731750187436234e-01	 1.64366620560769810532875e-01	 7.21236289911430628052358e-01	-2.08166546649427630644169e-01	 3.23630757906398724976782e-01
-3.30003601085723463626209e-01	-3.51727306409770956729943e-01	-2.05905633080451483385431e-01	 2.25446525220498322772400e-02	-7.20884679792469840187152e-01	 2.90624611745166017140463e-01	-1.56661491153333193304675e-01	-3.09515629302745010065223e-01
-6.67390057159448265439172e-03	-3.30004409900125528221082e-01	-1.82155678549058702708763e-01	 2.18554996087282599193102e-01	 8.15816655346786379077173e-01	-8.60635647668161335444026e-02	-2.95079273704277555978592e-01	 2.23763359073413325983637e-01
-1.16076253001377929785498e-02	 2.53811959155496244533445e-02	 2.02327549051816379943602e-01	 2.12329361093219426415146e-01	 5.64754185280850862227453e-01	-1.20309376037171025797257e-01	-7.32457525737259196318973e-01	-2.08050956444279899759664e-01
-2.00140838738576104516298e-01	 1.65593705117828227102450e-01	 4.63846800763977717974029e-01	-1.48632179411355924703031e-01	 4.10601822117762693675758e-01	-5.78203369716508874809335e-01	-3.41214277628977602496718e-01	 2.75566351035470946673200e-01
 4.09322538963313220516937e-01	 4.64428512813159388716855e-01	 1.38559722947065699916180e-01	-1.31918651873593972823073e-01	 3.73625135340084624235857e-01	-3.09763360078083749282740e-01	-5.40852967144103580210412e-01	 2.28229873097559543548840e-01
-2.14256929789055056145841e-01	 5.07041456338924612090580e-01	 7.50873379110396782509795e-02	-2.86080498219101753143434e-01	 7.14388732301819207037852e-01	-2.05572914031176418037106e-01	-2.33729962309756095217850e-01	-4.77659995271158613339146e-02
-4.91397689128371617517388e-01	 2.62942745653704124109140e-01	-6.21367879465279659978449e-02	 3.53360331885546330443759e-01	 3.40159168620409513295044e-01	-1.47500074862230740047053e-01	-5.29455277619851338855028e-01	 3.77991396701574444705329e-01
-4.76544517731753936029548e-01	-4.10211511643522763748138e-01	-4.57393836539318310308033e-01	 1.83541455352239812892634e-01	 5.66650618803228797726312e-02	-3.78983121762475227978229e-01	 1.26818985921876070666059e-01	-4.45884581241588195954506e-01
 2.06711397409096886423896e-01	-4.33047377166488112187892e-01	 3.43280303009497189670185e-01	 4.01401854900556742666851e-01	 6.90675263187499194339480e-02	-4.70798963627698630052265e-01	 1.95932991583029912684502e-04	-5.14153212597237785352888e-01
-1.25118770791449694657071e-02	-5.25367436517096608739052e-01	-1.30662824652156533966618e-01	 1.59041308429096250876000e-01	 2.33058819282484036561343e-01	-7.33947276598060027730241e-01	-2.22557753454813295190817e-01	-1.97328726627887723887866e-01
 3.88933762074746558479177e-01	-3.63692886147519087169933e-02	-3.53218955399024370223060e-01	 2.15011541693839153266410e-01	 2.61722796012585912084347e-01	-3.29624593026250356508910e-01	-6.48106763693295451211895e-01	 2.81461611279297141408051e-01
-7.32124837625570346055781e-01	 1.29579034903763934405418e-01	 5.26778501907392171510480e-01	-3.42983617661748507732256e-01	 8.52982240243193856610304e-02	-6.74956389926738564710718e-02	-1.47791136900024461242609e-01	 1.35629920511923740544802e-01
-1.96330733477074498294357e-01	 3.36132826387710748061721e-01	 5.14429723815575598577787e-02	-5.77395962861205647165264e-01	 1.79209545547859228076248e-01	-5.75245228877791725530244e-01	-2.52754252195816653259186e-01	-2.92452803398932703604629e-01
-3.65761789522153879516964e-01	 5.49010144507373953892682e-01	-4.48745998927832678848659e-01	-5.07573031350871728406560e-01	 2.28182800536729964158145e-02	 7.98603720435530350929554e-02	-3.01572567664792123842687e-01	-8.92101695414504458625515e-02
-6.65725525825040742589067e-01	-1.74733369818069000922733e-01	-1.29392498891035497877999e-03	-2.68785011547670427134449e-01	-4.20410018154987741301198e-02	-3.28127744446223001961727e-01	-5.72375484653699473369670e-01	 1.30314078751542189449353e-01
-5.09218028398964017711137e-01	-5.42890351520297964604822e-01	-2.44826219535249023362411e-01	-2.35787007274963378300470e-01	 4.35142461050397277855240e-01	-3.66744203265364554500394e-01	-9.29867324496596973915086e-03	 8.05911772229060269223666e-02
 2.48705044116528412034839e-01	-1.81429428959435173895898e-01	-7.60615486715420646701702e-02	-4.87950687771524171942872e-01	 1.58249328384446913409178e-01	-2.41163354614823299826298e-01	-5.40266977075084420256701e-01	 5.35029821967317187336732e-01
 4.10734351610553688471938e-02	 2.46826005546286142422474e-01	-6.92645744607074731469254e-01	-5.56564807806314454374785e-01	 2.30739186644820376548282e-02	-1.67443302995566145607853e-01	 7.39340721662143677758716e-04	 3.45394225536652388353076e-01
-6.58291927210797461755831e-02	 3.75720712068294104835076e-01	 4.96698971001294176108587e-01	-5.31948063913388780044045e-01	-1.14737221573713049638243e-01	-1.87536543401211064363565e-01	-4.83280511627989461942434e-01	 2.07188839875359048781078e-01
-9.06722345204135776741694e-02	-2.24288050227551383208890e-01	-2.28350334198496804360978e-02	 7.36856909855211766879890e-02	-6.25942272900419149905815e-01	-7.30572442466491001056283e-01	 6.91262396609759466326040e-02	-7.21397040473239076208145e-02
 2.96401606723660948627952e-01	-3.99260706379407082078359e-01	 3.10108317206983730152103e-01	-1.98958404667147203959132e-01	-2.11765885897275657479000e-01	-7.08443511307091933204561e-01	-2.12079093288807585260258e-01	-1.58967983352696823340366e-01
 6.68866630920276650229539e-01	 1.79097254873867267610521e-01	-2.34461607962845791641726e-01	 1.72640906420530843012884e-01	-6.09695241560291090188173e-01	-6.13288966192901338625454e-02	-2.41595823696667433289065e-01	 4.36624780596018904899047e-02
-1.50903724515850656828775e-01	 7.49762987553609594471027e-01	 1.30960709623746368590602e-01	 6.26511985693603418168252e-02	-9.63952986522003257841007e-02	-3.30823101214926917901238e-01	-4.38201654876785140491080e-01	 2.88532459245291361682462e-01
-7.83376536015583435634824e-01	 2.50191854595213702960876e-01	 2.52081399817490281467514e-01	 3.34907467741373698899565e-01	-2.29924601731067351773063e-01	-2.47220450302843230971916e-01	-1.65170520147547045253233e-01	 8.21743291825761945634810e-02
-6.78136053156258133967071e-01	-2.91614478138169819221304e-01	-3.38590749544576463669898e-01	 3.72102101645442467914293e-02	-5.01463065574153210590680e-01	-2.62687046037163474121456e-01	-4.44584898502655041785392e-03	 1.36289171500350969612469e-01
-3.25210516827933449057753e-01	-9.13327226109235001949571e-01	-2.10007829344109969715859e-01	 9.97369936429148423728819e-02	-2.05914329731536997758479e-02	-6.06062515071065233129843e-02	 4.32079130785241738443858e-02	-7.52947004347185016442934e-03
 6.53291932242266004671194e-01	-5.05221354468242345170381e-01	-1.62812823562644232167074e-01	 1.29543295162909299911291e-01	-1.61016770821912652555952e-01	-3.76589513275430942673694e-01	-2.06638480641227889611500e-01	 2.53428549578927020391461e-01
-1.24359498683655408934889e-01	 2.81791447006788486895346e-01	-2.59764062672525108954602e-01	 2.03504097236648029412009e-01	-1.33062813584553990553516e-01	-2.70609313559910469315639e-01	-8.38541655209375513813086e-01	 4.63658189515613675113492e-02
 2.29635474106874709621096e-01	 8.10688336152073224516457e-03	 6.78963409612114321411980e-01	-5.78294476709096505473440e-01	-2.49204573908527682313263e-01	-2.74544100421386771948562e-01	 1.18248637116057403462221e-01	-1.80524562482206642199944e-02
 3.33923887442166444916580e-01	 4.06922332341008718969988e-02	-1.49519422280381841794394e-01	-2.02363134563153357348142e-01	-2.96413425092742266464541e-01	-5.93846508339776146812028e-01	-6.18582411560107958692356e-01	-1.93207077141535031594710e-02
-2.32439572958823365000924e-01	 5.53548272831591692266784e-01	 6.25917992679599244354449e-01	-2.62235238247932989086308e-01	-2.41688232336688374468636e-01	-2.28060021889597536182137e-01	 5.55085140949127670007002e-02	-2.55948687157271592695906e-01
-4.49820225526935679738472e-01	-1.95321477123368336670239e-01	 1.73778477278568183050922e-01	-6.83666539060400979543886e-01	-8.94708521241104198784555e-02	-4.90595877752831199813954e-01	 7.41622473936055653931376e-02	 8.78806116205497617199782e-02
-1.23616991531142930704767e-01	-6.82836616070340629569557e-01	 1.60837930062831507838084e-01	-4.22206629874272709734839e-01	-4.14229243386289636141839e-01	 2.00769354612558764694441e-01	-3.19840938647851735776584e-01	-1.15451824865702903227804e-02
-3.90005165925941046922709e-02	-4.01052441111461543954420e-01	-2.91970129799420316518699e-02	-6.61378995314064632715656e-01	 4.44561279136446996229637e-02	-3.93786616745174344877967e-01	-4.24757110549217276052048e-01	-2.48793907432740518670400e-01
-9.27443123176659445228154e-02	-6.62507653756139042178219e-02	-4.32988263900341563417129e-02	-5.28923824617422599914107e-01	-3.20479139764370757337275e-01	 2.35271561447610647044293e-02	-7.75854003326728158818071e-01	-1.28174656898580423269873e-02
-1.83681901024694921309433e-01	-2.64932912999121528141444e-01	-4.74113445114010267911198e-01	-3.09396885452357439660886e-01	-4.41078885804751852361960e-01	-3.83335646851050315664367e-01	-2.61342559377445604607004e-01	-4.07142216294050007796557e-01
-5.58243719692361861639540e-01	 2.90322755799841458745902e-01	-1.77758922830271448578543e-01	-2.93841247856619809664114e-02	-5.87455523209542085361079e-01	 2.12600075388470859116818e-02	-4.74930660348889477351264e-01	-2.23578541958549710522153e-02
-1.88065887922944013910254e-01	-5.81515971986610535893192e-01	-1.51354008791037997205819e-01	-2.89668463690208766170286e-01	-2.80273960790167919743254e-01	-5.57267142633766088266611e-01	-2.22540287237756234661745e-01	 2.84658041323945787404170e-01
-3.78513002658883823681180e-01	-4.95349365420375165047773e-01	-1.82225945636384056847135e-01	 1.30026123000561572018441e-01	 3.60121810730015312618235e-01	 4.05832068858388156362693e-02	-6.47847708849978998202346e-01	-1.01007207482362221240280e-01
 3.27224082600729937464479e-01	 1.42279149143980265801446e-01	 2.89611511881701977344505e-01	-7.23371013927431721901584e-02	 2.37244928434916818593692e-01	-4.03187485708727866295931e-01	 6.99053527216941805733086e-01	-2.75776033799176423233490e-01
-3.73600398452609061550334e-01	 4.24978114938342945577920e-03	-3.27863408761172259175964e-01	 8.91814799428650578638766e-02	 1.00541860221870522212884e-02	 6.54560900346702223551176e-01	 2.18168975169944434622238e-01	-5.18467134754924563466716e-01
 1.85536618098608774296565e-01	-1.17032611834052724386623e-01	-1.25900223816703266122019e-02	-2.87424181051320004609551e-01	 9.14803672493575970037227e-02	 8.46526577209504749177427e-01	 3.53636645212935640802954e-01	-1.38107140451394633240412e-01
 1.02878217185258011290294e-01	-1.64684409794882885558209e-01	 2.16348848244101915616611e-01	 5.09793004469296984204618e-01	 7.12951986916505853209003e-01	 2.97326863115505046764042e-01	 2.11843455100488686770888e-01	-1.18397370788793920848292e-01
-8.04705346361084677964115e-02	 3.34597429162401205360311e-01	 4.04964798791308977499170e-01	-7.21767837861767014295822e-03	 7.15501958136584459424512e-01	 9.96127365863803404533172e-02	 3.93741610086487947572920e-01	-2.01549659912921175219935e-01
 6.01351761276721741289464e-01	 4.01622982570348840969388e-01	-3.04434767572870745855340e-01	-1.86008643930642370012407e-01	 4.04150828000069406442663e-01	-5.96598599483517469388438e-02	 1.82898849380112332729809e-01	-3.86582612115250245921061e-01
 3.32566268352264216012770e-01	 4.40746161358824606324447e-01	-6.55844634396412079491157e-02	 7.27489087346445684190144e-02	-2.65315027165047723906044e-03	 1.69841712836397568109348e-01	-1.71437057387847452405438e-01	-7.92025796021565087201566e-01
-6.41579239925955335799301e-01	 3.24425040787996277202865e-01	-5.08549239521735030322702e-01	 1.84214982620793721324048e-01	-1.24939580601289318417813e-01	 3.26532782393666124592935e-03	 2.89913769731986237232491e-01	-3.01490344652679043147003e-01
-5.18960285685669986399660e-01	-9.03470589151947889305916e-02	-6.20496406193161015307780e-02	-1.02394765348106875357814e-01	 2.10754452443359358015940e-01	 9.18296754188149683129083e-02	 4.46124682779196202186967e-01	-6.75503829639535480211521e-01
-1.43140962644083998001054e-02	-4.21013116594816938498269e-01	 4.74308474324917683784264e-01	-6.59488549434279480720988e-02	 3.63531676299814143771272e-01	 1.05041606036855566380650e-02	 3.55751648431522016213790e-01	-5.78273663236867574433120e-01
 4.72078499888836433662220e-01	 2.50995906806701536695403e-02	-2.17325978514894463389240e-01	 4.33164199334656829787349e-01	 4.57105250199573931446650e-01	-3.06922475470013833565019e-01	 3.16020333029793432100263e-01	-3.72336715045347155239597e-01
 8.98562254255530143409736e-03	-2.13464139476631786784822e-01	-1.58592365456960898706384e-01	-7.51405836639288879363896e-03	 6.16019247658875279682889e-01	 8.03582443302235105431208e-02	 6.31163990150203413342922e-01	-3.80577425644621658573641e-01
-3.86153103323541191382873e-01	 1.61308649628246175700141e-01	 4.06836617741226702626989e-01	-5.74673387908189226003230e-01	 2.74704501866872619064708e-01	 6.73528025938986262682873e-03	 1.27740689398341517035718e-01	-4.87107947963950127512334e-01
-4.20993139956195139284034e-01	-3.04947989943471664542329e-01	 6.52462580076754172786480e-02	 3.73632343377048592447665e-01	-3.97494394386846972011540e-02	 1.04093289822293946778053e-01	-5.88804612494241291775765e-02	-7.55003945485828831252206e-01
 1.88377153417688125713880e-01	 3.31112170334226796342136e-01	-1.71277138458893786465698e-02	-2.05904239152056189876561e-01	 4.36542032656215481245532e-02	 3.29358961222021184855890e-01	 6.26410803035679752959197e-01	-5.56251162232154761078107e-01
 2.60841892917470452584183e-01	 1.78055152492763490990058e-01	 5.60741605356697148110356e-01	 3.87615956434433583943644e-01	-5.05596624853566489754542e-01	-5.18513477800739697176624e-02	 3.04558102808126118787868e-01	-2.90703361854330877278585e-01
-5.81363207205746412853387e-01	-5.24748642993397962364099e-01	 5.05400477642902745678555e-01	-8.42676821596884256804216e-02	-1.11865492640857738804172e-01	 1.51815846277097238337106e-01	 1.54694548417586591471107e-01	-2.54229532098577182264165e-01
 9.95238267338437870845880e-02	-2.78079701222233265089923e-02	 6.04582960236717092961101e-01	-2.81637677377458317540260e-01	-2.55827946884536805427501e-01	 1.25335428670218074209686e-01	 2.55811503163985431985594e-01	-6.30781225421817803855618e-01
 3.48673939043003644489005e-01	 4.68398887933153318385848e-01	-5.67477821946677063458253e-01	-3.48244631844511820517596e-01	-2.59258782980163859921419e-01	 1.32803889859205492829375e-01	 3.30395846803497095223179e-01	-1.47343675487837583171213e-01
-2.05468973705133950424795e-01	 3.43453875216459481034548e-01	-4.71809247883553717350935e-01	-5.44059381339447867276249e-02	-6.11293673430918449440696e-01	 1.06311276102245208519115e-01	-2.22825490161891037873762e-04	-4.78827601226499033337802e-01
-3.47352341513119458604741e-02	 2.01319460632812495537447e-02	-5.28003209443782761667308e-01	 5.65099004620703948553739e-01	-1.99135082650082284594362e-01	 7.39281253432658713720116e-02	 4.95579453060993185831151e-02	-5.93875201745388769936085e-01
 3.18580451318493662604681e-01	-3.05890345891542125844609e-01	-7.07068638405487615017364e-01	-1.27073472064883341570152e-01	 2.17655059434813166058253e-03	-2.40942496523747391734549e-02	 1.81263177507711176206229e-01	-5.05373382609185406444396e-01
 1.02144268921131556315807e-01	 3.95258218525570359513921e-01	-4.69254926491951163125549e-01	 1.65642157036714421369794e-01	 2.22261687362529623823715e-02	-3.34305133825837430538996e-01	 3.76338441320698102732223e-01	-5.76034227537845389122140e-01
-2.52050539894245140271067e-01	-2.73582254186337858747891e-01	 3.92310448945779044471749e-01	-3.25957860092307205590600e-01	-9.90165937152463482284759e-02	-4.39750121485098677265313e-01	-4.02858449205616073185432e-02	-6.29809380802837992519017e-01
-3.34840560428577960205843e-01	-2.53955276788206951721349e-01	 3.18863629240193069414033e-01	 5.93181527360360116851723e-01	-5.07446168589058888009902e-01	 2.75490727421272174613165e-01	 1.90018779481350374993553e-01	-1.86087765074713987201172e-02
 3.53266840244557511763190e-01	-1.50498271456745852381331e-01	-5.72501407930645966892769e-01	 1.51289601585915117754055e-01	-2.89855332714496316537378e-01	-5.80592352217506713074613e-01	-4.85843147359826671438654e-02	-2.80075659861237113990029e-01
 5.87195907080863901961187e-02	-5.02459380603329397452228e-01	-3.16540679560251114743608e-01	 9.07327255055478815171099e-02	 2.26863757762734603862231e-02	 4.16816280240469405615755e-01	-2.82012050403266989473394e-01	-6.17960250764273744117361e-01
-3.06996289410859324320313e-01	-3.53535390634295898504291e-01	 1.21652624643664039605362e-01	 3.07330472172282875842342e-01	 6.58700785122554921535709e-01	-1.94744056793967112994892e-01	-1.02894340495868846785399e-01	-4.34874014359293570297638e-01
 7.66131170665417804421793e-02	-1.59149492346587262403546e-01	-2.96113569657162012394025e-01	 1.58268403106837790561556e-01	 3.44235129596560829323693e-01	-2.52237251046402766174737e-01	-9.65524970673954929800686e-02	-8.15245911285864655049238e-01
 7.21587021583734999907733e-02	 2.24920627796776906315301e-01	 5.09771558799848256704479e-01	 4.83523278948492729600872e-01	 3.23458068076069915619541e-01	 4.19539995362208262275061e-01	-3.82713481155406820555243e-01	-1.53080015932449020610306e-01
 2.95654445605885163317339e-01	 6.89232306606797906489703e-02	-1.52796120750259389886594e-01	-4.03636912258518942842045e-01	 3.20772018612570875006895e-01	-1.50681070167401509607430e-01	-4.95921842544571001010212e-01	-5.91633906119716113103379e-01
-3.60188912408508199458623e-01	 5.84748794426380946731570e-01	-2.40659058896719124653885e-01	 1.51234644758993508339984e-01	 5.54909977899871887513372e-03	 3.88400007969281924058436e-01	-2.68778579497832736944218e-01	-4.73726514874002468946657e-01
-3.23441613706354047508285e-01	 3.61770885543756803848225e-01	 2.74306438915823624924428e-01	 2.37678050194008061435369e-01	 3.92369147010569296885052e-01	 8.69922392836008639971368e-02	-7.90993465891900865427644e-02	-6.81905101219367759668444e-01
-4.92482256494066295005041e-01	-3.78052070129569206535791e-02	-2.77230445757676857709839e-01	-4.08924603619509274832211e-01	 4.58179559562425731122914e-01	-6.35709016834201667833781e-02	-2.98131615274222883105182e-01	-4.57278595052478253890627e-01
 3.17420871390637571174409e-01	-4.75598671793174332389498e-01	-3.54750737931959270188287e-01	 4.56571939493619557981496e-02	 6.18478505947804499398579e-02	-2.11601405281051896389855e-01	-5.97261590332012759496649e-01	-3.73892377223102090333384e-01
 6.17369272050291462150540e-01	-2.36365129380400801339945e-01	 1.35178727483513061446985e-01	-2.57120259991049752990033e-02	 1.98796883161392212713281e-01	 6.05667615276441959060172e-02	 5.97847023233520277751829e-02	-7.05187611141543491122263e-01
 2.66980384664847122944131e-02	-1.99031233650150025937808e-02	-1.52559898100780050311798e-01	 4.13332092838692266578704e-01	 4.65428690969929337306610e-01	 3.94474286509300942071832e-01	-3.28655105420525506243479e-01	-5.69671073102228642248690e-01
 5.73258405399775516908534e-02	-5.39078348989043942829369e-01	-1.30360095585629692793717e-01	-4.29730455163080449221269e-01	 5.39360612665434113743856e-01	-1.14084666271025148009954e-01	 3.58799645205093746189173e-03	-4.47781428545585613587576e-01
 1.86085004685208298125243e-02	 6.45726811896105923338496e-01	 6.73033682874812997504188e-03	 6.59993895935397034691050e-01	-1.83065769217212404029738e-01	 2.39603822607166484781605e-02	 5.68159266301486373662577e-02	-3.31267479096545691685805e-01
 2.71545450348900929693485e-01	 1.22035453676664712441280e-01	 3.12937823071742227121206e-01	 2.27529579462017156332720e-01	 2.41455135751596841608979e-02	-5.69501976157358313912482e-01	-5.63115341750616060778611e-01	-3.45913617849662513581421e-01
 3.17482001998916130158790e-01	 3.42244549647001961023562e-01	 6.92762934184890655231470e-01	 1.41323443597490244760806e-01	-6.16933335820448805475458e-02	 1.00361223244337313675878e-01	-2.28925763704583506985557e-01	-4.64645671588229558501837e-01
-3.77492658189837015925150e-01	 2.70467962921635170225887e-02	 6.70600040911534911458602e-01	 1.96100412981443372739676e-02	 1.15782267480031481055036e-01	-1.33371867835240687227838e-01	-4.78576619199700015183652e-01	-3.82687373969328503697795e-01
 2.00334416979623480825623e-01	-4.48808434959267199548805e-01	 7.64736727900426127568778e-01	-1.41744785717011489989403e-02	-3.45950393691560831310738e-01	 2.18345088337178932016980e-03	-1.70571761007764194362224e-01	-1.56948282035267866474371e-01
 3.86043705922536894981079e-01	 2.00596385155975442948773e-01	-6.20152617311868659122354e-01	 3.07498686909657426014064e-01	 9.07142019949848527060610e-02	 5.24422749305706523137438e-02	-4.71127150597538846277246e-01	-3.14080539824403370818828e-01
-3.78394320102750869594388e-01	 3.20653067321203188999590e-01	-1.05987207649653275565171e-01	-1.52318336596512560188188e-01	-9.17720136423846172268881e-02	-2.08162051259957292526082e-01	-8.67675043437824144998416e-02	-8.12578022838300939589828e-01
-3.43347650315219965477809e-01	-3.66461597189211910063911e-02	-5.67977728001845205696441e-01	 1.73338664685348142757704e-01	-1.19943613699641432601695e-01	 6.41763470605636321408838e-02	-5.33418407241631253867808e-01	-4.74430381242885557124822e-01
 1.00533025100236553250888e-01	 5.38481441764885465639523e-02	-6.78538896575390126919558e-01	-3.39846172370247001648380e-01	-2.45858344038564075040298e-02	-1.32879484329445102241962e-01	-6.24432728916559320886392e-01	-5.39015736441290777003488e-02
-3.99624224639154201899061e-01	 2.22540595808275010192290e-01	 2.06005430405487265088649e-02	 6.45212965679140437735839e-01	-1.26447554418377683393970e-01	 2.06989315407198642970954e-01	-5.21553885576409470559156e-01	-2.07846079043690040721870e-01
-1.42395645242969937083188e-01	 3.68565638469590325931868e-02	-2.72931654944812807084276e-01	-4.84821067642092484728522e-01	-1.68829243529206279861299e-01	 3.21535697120903962709093e-01	-4.40594076912460497208457e-01	-5.85500008038162045309605e-01
-3.59461495862757884900418e-01	 4.48985184040789631065849e-01	-1.14142571894618516381570e-01	 7.28318091171923920335018e-02	-6.41429433328870479691375e-01	-4.34822628515759090905846e-01	 1.56992357829021267345837e-01	 1.60367396123091726645171e-01
-1.86407617410739911978368e-01	 1.67130961895049945376002e-01	 4.20978638449279629618616e-01	 4.08099512814194542720259e-01	-2.74783203374413531605569e-01	-2.91509645353136059853227e-01	-1.07386866322657134609209e-01	-6.49257725489869486068528e-01
 4.76033817370361822529645e-02	 4.85673070521678518218778e-01	 1.80533992725912972865387e-01	-2.76841938105906570921633e-01	-5.40340687008594861007182e-02	-9.55595384733115560393912e-02	-6.60338188919036950252917e-01	-4.52243049338486469146403e-01
 2.36191597190065466493891e-01	 1.97325548263784372737817e-01	 3.53690378417765460827837e-01	 3.53399738562388099349931e-01	 2.16125943276872345411022e-01	-1.37337404965935192674431e-02	 3.98001443001392118947734e-01	-6.70808251888272866203522e-01
