-1.50446816962183010923937e-01	 7.17678889500237421339435e-02	 1.04665374981725123326726e-01	 9.80438822498140183370197e-01
 4.43524467613357134543328e-02	 1.11435393768357621224752e-01	 5.70247764837903514667516e-01	 8.12669982329450535374349e-01
 5.09747973230116779852494e-01	 1.63084424645942110965180e-01	 2.32971517271835432127958e-01	 8.11963512952244115261635e-01
 1.71674003186776752416520e-01	 2.16593480030465301844345e-01	 2.88398570453810065838951e-01	 9.16756001124791164436090e-01
-5.11769039596428609861789e-01	 1.64101518036139565337450e-01	 2.11045507745768884388937e-01	 8.16469800757575026040058e-01
-4.44915806364839794273536e-01	-1.51253215473101471078010e-01	 9.46407798648142284392293e-02	 8.77619229986645099650389e-01
-3.74173338778068909071806e-01	-4.75745115014398367581094e-01	 3.84192319925887385001495e-02	 7.95100534964421457040373e-01
 9.05825519595619688129062e-02	-1.55666039748171808332344e-01	 2.57645818834623951953944e-01	 9.49305808149644825277846e-01
 4.55631201398837726301849e-01	-2.24358191530880463071540e-01	 1.51463365820089596036624e-01	 8.48010883785871305562409e-01
 3.11531391195926821158224e-01	 2.72067813809381442435864e-01	-2.56110523035869619423721e-01	 8.73690275199860311161615e-01
 2.15153580717170195280019e-02	 3.42522996921392486324720e-01	-3.92235437153747035221585e-02	 9.38443711452872308953488e-01
-3.85495682813163598190442e-01	 1.21948454171858428063402e-01	-1.68094554132982604288671e-01	 8.99036080437454310221312e-01
-3.63023264267677558958525e-01	-2.09227668314852982556218e-01	-2.97582195716001196572620e-01	 8.57836073620603545286656e-01
-1.28977440770429135907804e-01	-2.65428514226802358955126e-01	-1.80513076412089253086624e-02	 9.55294024842668676456015e-01
 2.53094542611068173965094e-01	 4.04100218963538843075511e-02	 1.16589056087009011047906e-03	 9.66596515268925760011598e-01
 5.61245328487490424684836e-01	-2.02901639893004852310820e-02	-1.21453071183914962372086e-01	 8.18438233464353293022953e-01
-4.72347777328663911977635e-02	 2.80038224798224190392748e-02	-2.43008832651540801483847e-01	 9.68468568902667414910468e-01
-2.17338753163784537125736e-01	-1.23130044702408937562499e-02	 7.10540816177033240919059e-01	 6.69136760939497921008012e-01
 3.91321876627285514249621e-01	 2.17547083224539056223179e-01	 6.20045433519809896516506e-01	 6.44270219569883506594010e-01
-2.06377683748095175353399e-01	 2.70915998355617304582665e-01	 3.68841391397794371442842e-01	 8.64851895689365823827188e-01
-4.66086306508088021871572e-01	 1.92893104247792934735628e-01	 5.40770893181080958278528e-01	 6.73143852610595061491949e-01
-2.48114353771633155965048e-01	-8.24646991902201198509914e-02	 4.07555278829327016776318e-01	 8.74950018880107927010670e-01
 2.90796123018909821733580e-02	-2.55601433057113469615729e-01	 5.67630616588530312327521e-01	 7.82059950821448635061017e-01
 3.47848869895498236104459e-01	-6.26542555381084942389691e-02	 4.69268241022381571436739e-01	 8.09236013745773918870441e-01
 6.71593254501144487633724e-01	 1.32611106649146714975274e-01	 4.63942681361254938288141e-01	 5.62257933081587557566650e-01
 4.73947953953905432022964e-01	 4.86302701948694016120811e-01	 3.50794550111751923804349e-01	 6.44845875099003817965126e-01
 1.77487746566853926699636e-01	 4.47556711442437027415053e-01	 4.92128766502644032776459e-01	 7.25258827620896662224936e-01
-2.29848144848595302425220e-02	 5.35213499893360866721537e-01	 2.34478030695525002657931e-01	 8.11195575034864613250818e-01
-6.49047309594415033906500e-01	 4.05564133953904670804036e-01	 2.59984225343344421688130e-01	 5.88781390442235430526807e-01
-7.70774596412477919216144e-01	 3.54830462429141513247544e-02	 1.70781046720570872654577e-01	 6.12765296859679620133932e-01
-6.75233819574741489510927e-01	-3.35101728559641820481829e-01	 1.07729012381364577799481e-01	 6.48197948400163870275037e-01
-4.84398555005999376099624e-01	-4.91853296517349769523264e-01	 3.70420263965471896483450e-01	 6.21471803589564220082764e-01
-1.74849790609270000496522e-01	-4.15439801202985348194119e-01	 3.19641395071686207352002e-01	 8.33466676512591431169596e-01
 2.26811400052194411802731e-01	-4.55497910367650304941378e-01	 2.95376596480530273503007e-01	 8.08598113223525705173245e-01
 6.11523366587790606629937e-01	-2.13063835653380134749213e-01	 3.99166525031635299747279e-01	 6.49083245314476808829340e-01
 7.55397043139248491883109e-01	-2.48628047472591977296030e-02	 1.25222477011265542756746e-01	 6.42710260854565285093543e-01
 6.14908820289394086877621e-01	 3.04029608246787486081075e-01	-9.89012074833618554103865e-02	 7.20882577954234937678279e-01
 3.31159258062076411466279e-01	 4.46043914731257540307041e-01	 7.14564627425109538672032e-02	 8.28415563508628105537923e-01
 1.89174829543424655176054e-01	 7.27475824992356412401762e-01	 1.72772819145130596130144e-01	 6.36507156977477062120840e-01
-3.25115884888509010242075e-01	 4.05415987123298460215182e-01	 3.38323176868128017158455e-02	 8.53693688074324441572571e-01
-6.47649632483778603386781e-01	 2.97771185033861296442836e-01	-8.07438014858219005320805e-02	 6.96679778254525539082920e-01
-6.65652554878238378321953e-01	-8.21425749455080012051411e-02	-1.43734199627240155638930e-01	 7.27667337059258234610581e-01
-5.77202008603336369496617e-01	-4.19054438769909887163578e-01	-2.39145035413385109723805e-01	 6.58817782583804301133057e-01
-4.91517370528461949863441e-01	-6.78917905490215911612495e-01	 3.83799123583037429807696e-02	 5.44066295961194379415815e-01
 6.77783422869577580061051e-03	-5.81501907927758243666005e-01	 3.60705622774120729379099e-02	 8.12716744368255583630400e-01
 3.76606551123743915621134e-01	-5.67814649854175956811275e-01	-3.03172375694237272725218e-02	 7.31324069183982072850370e-01
 6.75613463539471048591167e-01	-3.60610575114571729749002e-01	-1.28160389769272891474783e-02	 6.42916954314225352895562e-01
 5.19511167409190788291085e-01	 9.87171995233410426440201e-02	-4.72396347766475432905509e-01	 7.05127472214991724008826e-01
 5.06121383737582974937652e-01	 4.68729352520690090155853e-01	-3.75833118924671250038472e-01	 6.18775731366739134564625e-01
 2.04572072970879287323598e-01	 5.90024170511543655237574e-01	-2.47822119085231024060434e-01	 7.40679378992467829512236e-01
-1.07947598140164524593843e-01	 6.49744207774060278381967e-01	-8.04392302109667445275676e-02	 7.48137227226994494522216e-01
-3.97710528132509510967907e-01	 4.32556396382467678307648e-01	-3.13772686107523623988413e-01	 7.45833762452494108963208e-01
-6.09298144232696570199437e-01	 1.28558127975795938313652e-01	-4.06789523876085412634751e-01	 6.68394241769495467409001e-01
-5.19315393459698348976872e-01	-1.86409748806600772397246e-01	-5.41380588914075255857483e-01	 6.34405221930516405315359e-01
-2.13504339242711643764849e-01	-5.68528487329725495946775e-01	-2.45004242525343363112711e-01	 7.55754045549006714388440e-01
 1.41139129770542187669591e-01	-5.88233924511655681399702e-01	-3.16820525327132451742784e-01	 7.30537713491007933974686e-01
 2.10573005053113243567608e-01	-3.16085419923301247369096e-01	-8.83085442646861229487598e-02	 9.20842341481246107193215e-01
 4.82409429635007602765739e-01	-3.34184649334228200956431e-01	-2.89793398297517323936034e-01	 7.56056577679053209983806e-01
 2.60583235955420156049200e-01	 3.26928584495744745108681e-01	-5.70349839900338717590955e-01	 7.07046772076832863440643e-01
-5.88995439631034428673573e-02	 3.68141473579390865467076e-01	-3.57280446031143450458245e-01	 8.56360544417782088011393e-01
-2.89609966107509886334981e-01	 1.07811026483807970155482e-01	-5.09324301150949954042346e-01	 8.03175949812250822290594e-01
-1.62481616020788005583242e-01	-2.07128278348576611023191e-01	-6.37609298777614519337931e-01	 7.23983413398364250568306e-01
-3.10093521882915737486464e-02	-3.05067568852015524871746e-01	-3.66148855062666311876995e-01	 8.78582502926094965900461e-01
 2.88746379346659642894934e-01	-7.24169851559370303384355e-02	-3.47240248508374149682965e-01	 8.89272465834269776330245e-01
 6.14412373895115992983307e-02	 6.10050612527701582865625e-02	-5.58034961748325120112213e-01	 8.25288033547159183278552e-01
-1.01147227787032140122747e-01	-7.26436159065491776631873e-02	 9.05724682492456523164037e-01	 4.05160391577161882459279e-01
 3.63264234450179024360494e-01	 2.34313819499209236019155e-01	 8.33154169696279978118980e-01	 3.44949647744014542549706e-01
 5.89230686979683587756185e-02	 2.37850759990566568147230e-01	 7.94589774752867850082794e-01	 5.55501735195589652072101e-01
-5.25240086787106652543855e-01	-9.75437308867568575454499e-02	 7.00452559715908140702822e-01	 4.73259213733865979900628e-01
-3.02914537772579650631855e-01	-3.38303113064045479774222e-01	 6.20331504697634095180092e-01	 6.39517482776483237039145e-01
 2.46438909214731017086053e-03	-3.90139976653518794069697e-01	 7.74764305523350516047287e-01	 4.97518840135843298799756e-01
 1.89393548918524251556406e-01	-8.82416946170827831696926e-02	 7.73656701691620152239182e-01	 5.98162849804963814293046e-01
 8.14421045591139369790312e-01	 2.73181887388244504233370e-01	 4.41167713683524143064574e-01	 2.59732680470678878315027e-01
 5.71075795045412837325216e-01	 4.42602606673493048639045e-01	 5.82407774694195468079272e-01	 3.72527251157327210506764e-01
 2.33548341601082787288846e-01	 5.23642694073125802844970e-01	 6.91764634777938924870000e-01	 4.38993383947603177386299e-01
-1.68668261850834527715293e-01	 4.08952329954418936086569e-01	 6.11010379578967866009975e-01	 6.56487109786502931463303e-01
-4.76653567690745127993779e-01	 4.81286124505953649688195e-01	 5.73905518073909437504199e-01	 4.60214622855512289767432e-01
-7.35009632620086894583267e-01	 1.42396597566584515170973e-01	 4.78960269868482446664615e-01	 4.58346057956927954712967e-01
-5.51095300465373472142971e-01	-1.42746232809074669045657e-01	 4.16056358888385546812572e-01	 7.09094203228552877327218e-01
-5.75278677277022865155232e-01	-4.51043987063336815346304e-01	 5.93978697014197032366667e-01	 3.35861686855950247743152e-01
-2.59384181309193662112733e-01	-6.24036209719043388766124e-01	 6.04995542515957218654421e-01	 4.21045186389622516642817e-01
 2.44237511763980078005609e-02	-5.90536203993039188198111e-01	 5.06304321249629207812859e-01	 6.27954143577313494972714e-01
 3.38670505419703837812762e-01	-3.82196655450323108382804e-01	 5.82486330581898692493326e-01	 6.32406261833787231019244e-01
 5.09959292165388489159739e-01	-9.43552369552714265132920e-02	 7.05883212495440170997085e-01	 4.82459842795654791913762e-01
 7.36871029865791782320628e-01	 3.46550293101288653385694e-01	 1.93029172180150893067818e-01	 5.47415489718170222843696e-01
 6.37402368897664661773206e-01	 6.35945009001938288406564e-01	 2.36901549749862327942651e-01	 3.64924405014632913246686e-01
 3.37991573206908146875804e-01	 7.39164762052957557969535e-01	 4.12600604073425414330956e-01	 4.11288089419761970777500e-01
-1.44349626591671938852235e-02	 6.92231255089269081892667e-01	 4.70856818391814258006889e-01	 5.46718737473394167381002e-01
-3.44360122726046158359026e-01	 5.69249136564800584103807e-01	 3.25374004129781568828150e-01	 6.71939940644165178973424e-01
-5.43507133421443966447839e-01	 6.98801046831210470600126e-01	 2.44560446939987130576810e-01	 3.95559452750308016000247e-01
-8.78015863426768961019775e-01	 2.87614022309252315157124e-01	 1.61336215094112139789573e-01	 3.46896156567271352066939e-01
-9.23114436713713071291920e-01	-3.18922211371965372284087e-02	 2.68828374511778489530656e-01	 2.73082273351851811948876e-01
-7.61325802554337016658792e-01	-2.42648893680774718761839e-01	 4.02408672407694845141179e-01	 4.46734593614113606463434e-01
-4.74908957600567671608616e-01	-7.34659359593022420753528e-01	 3.53844722784714238450476e-01	 3.30954709152961212836885e-01
-2.11160091557066442735646e-01	-7.10067988783962489307555e-01	 2.57869536788100151003533e-01	 6.20256534858441010982233e-01
 1.75881697928221808480131e-01	-7.55955869734842744733783e-01	 1.99045587195198075969316e-01	 5.98311963414941194727703e-01
 5.14861620565274291649871e-01	-5.56992067910023647137052e-01	 2.69232934072915708334506e-01	 5.93456801430992109125384e-01
 6.05231310794519750118070e-01	-4.25253114089736816705312e-01	 5.56508511350296553032990e-01	 3.78355819547691873960815e-01
 9.19052314889830301858353e-01	 4.45958282328448446518721e-02	 2.02652690811559066386138e-01	 3.35090945127894723754025e-01
 8.63057592559237640728043e-01	 1.79305598462079329724617e-01	-9.94997963667013513022752e-02	 4.61606850912108346296492e-01
 7.32052368679651399574482e-01	 5.15397959759333224027955e-01	-1.33553938316471360048254e-01	 4.25003080161295510031039e-01
 4.81502126615773795581532e-01	 6.44630936940774668109100e-01	-9.75205961281152070019296e-03	 5.93726834947397752451081e-01
 3.32640177779392420820415e-01	 8.73871496649853196636570e-01	 8.59000987026871803964312e-02	 3.43977168592202398045288e-01
-1.80093129505254107014522e-01	 8.14932161919888042866944e-01	 1.60663703493563930768673e-01	 5.26914803885138227634855e-01
-4.51761661085880339427945e-01	 6.41255735491137790482696e-01	-2.80900987327532547510600e-02	 6.19607480285567890909704e-01
-7.26445415291340546026788e-01	 5.23353110966312651264332e-01	-6.95350374979144120191066e-02	 4.39935743494704101230752e-01
-8.65607483131021648858905e-01	 1.27815851934718394122825e-01	-1.54598098027441871460397e-01	 4.58787773625319972303771e-01
-8.78999242052573181993580e-01	-2.00825943573039206180297e-01	-2.40902158730641920147963e-02	 4.31797330188816386176143e-01
-7.33674648291341546801902e-01	-5.32161143207997455739644e-01	 2.12607314311123424266370e-01	 3.65135807632646303133583e-01
-2.70940400529125990924939e-01	-9.01298472106048409457912e-01	 9.61598399910872370099924e-02	 3.24045750957034306427573e-01
-1.23873565088181800120104e-01	-8.08067494977790512500349e-01	-7.87469797745496968843781e-02	 5.70509576264105588983000e-01
 2.30315662598404080618764e-01	-8.05010554826165680708527e-01	-1.51444307395821542439052e-01	 5.25335439445814400549750e-01
 5.74697122926249082119909e-01	-6.77291235107255529257486e-01	-7.38101925428479715973751e-02	 4.53378269465981309505054e-01
 7.95917628054788939273578e-01	-3.50162827596506076588412e-01	 2.39501707383017403696357e-01	 4.31902831296436362507052e-01
 9.02912845163273969362194e-01	-1.94957943504395464495715e-01	-6.33646194671073498261293e-02	 3.77789252498648198130837e-01
 7.31320392385908402133055e-01	 2.57409905867195532014335e-01	-4.26818916208732579420371e-01	 4.65549392447638765712981e-01
 6.46793533778076357165787e-01	 5.99833510435720418385586e-01	-4.08084147419988385596668e-01	 2.35213122605287844324451e-01
 3.93992925983939257239541e-01	 7.41169126207925521576669e-01	-3.15411953979761239263979e-01	 4.42666013962517534974239e-01
 1.06181774314824617366781e-01	 8.35886124828948084974911e-01	-1.35511897453087337694910e-01	 5.21206621955692006586958e-01
-2.62085705786677558570830e-01	 8.49276824585756373586776e-01	-1.69076436454398820741218e-01	 4.25973140796124805085299e-01
-4.91317094770824136507059e-01	 6.40218766151345763937286e-01	-3.69819172069161872240528e-01	 4.60392467166531205169377e-01
-7.26875502856720534516910e-01	 3.65998687527355315296518e-01	-3.88192434972632782752555e-01	 4.32439125779642496993915e-01
-9.01975894839505243361089e-01	 3.17403354720005720368547e-02	-3.88202620464890624241150e-01	 1.86361910531070873453530e-01
-7.82266052244521392644572e-01	-1.69726602916553170885550e-01	-3.80526741875962415395662e-01	 4.63089734808971087431928e-01
-4.37955124418809349506887e-01	-7.23247752986885927839467e-01	-2.86396615935867571156592e-01	 4.50649503689074415468951e-01
-1.19625622436479187027381e-01	-7.62028813432442886366402e-01	-4.27795431246602353425601e-01	 4.71161189997607587898187e-01
 2.10051517445928537242139e-01	-7.57268364999374443691238e-01	-5.00121067446829270508601e-01	 3.63733283170073973256109e-01
 4.36015077659826333356108e-01	-5.89753806378696565637654e-01	-4.10136016673109504715455e-01	 5.42097544490518279403091e-01
 7.20607380902017702339890e-01	-4.20294602721834220648844e-01	-3.13256174839021128697425e-01	 4.53814960570555259167236e-01
 7.53351973234951843849672e-01	-7.96267066097838122074037e-02	-2.97390614687737142585178e-01	 5.81101724582825163167854e-01
 5.12078061469508294401010e-01	 1.59891162657970792304596e-01	-7.29585715056747963203065e-01	 4.24164542896558582896205e-01
 4.53874548929725785129108e-01	 4.86190690731116426093195e-01	-6.46725852455029337484405e-01	 3.73312439983659871689525e-01
 1.55473644990147902289479e-01	 6.23343719794363870789766e-01	-5.57781013061445896106250e-01	 5.25500612915484777154518e-01
-1.52104583628618506008223e-01	 6.59813050313588389528263e-01	-3.98010408165231532873207e-01	 6.18949633869500415173093e-01
-4.37985591518217531881163e-01	 3.61321301047877574408318e-01	-6.08743127779114545639061e-01	 5.54118528307082636175096e-01
-6.88385421431025990024466e-01	 1.00827117919399952827852e-01	-6.15511488623551095145103e-01	 3.70276938555071544190156e-01
-6.16942777847811485436580e-01	-4.55894091683514302015823e-01	-5.14764224476388365658863e-01	 3.82831528519676722588372e-01
-3.39769203000537090009203e-01	-4.94083191817294486991585e-01	-5.10374934090525922414372e-01	 6.16405803759265125130185e-01
 6.80856107982994688821972e-06	-5.26178412900356051729034e-01	-6.11070569384767003917602e-01	 5.91378928423293093175062e-01
 3.14195373111723963432951e-01	-4.40016914351832544305410e-01	-7.07102203030073206413419e-01	 4.55711374742274355487126e-01
 6.23745506648512804126483e-01	-4.10596614878669552428647e-01	-6.17222110073689211873216e-01	 2.47767692853912119277382e-01
 5.53864098622320333298319e-01	-2.21163895369327817563843e-01	-5.71369771773942214387887e-01	 5.63788679866262465445459e-01
 1.79266185713823245073684e-01	 3.16467620487223932901344e-01	-8.08943462558109449567212e-01	 4.61868329967825119730662e-01
-9.76079044702551912315869e-02	 3.93123797491298165862617e-01	-6.36871021737946629848182e-01	 6.55989084132815758465540e-01
-3.88625829902359221090791e-01	 3.42705352500308202401413e-02	-7.50419068458749616290504e-01	 5.33541672636619557223980e-01
-2.93829428147617810473946e-01	-3.65552892134745621710579e-01	-7.69731350032835659469299e-01	 4.33069277348318848464004e-01
 2.27647799661213373623170e-01	-3.01263882099793878222016e-01	-5.60401086123462177646104e-01	 7.37134435040999624888514e-01
 2.89057387466769399875233e-01	-3.19947478490019421304424e-02	-7.35838236533062794997306e-01	 6.11526166665726012006132e-01
-5.47478640649679271223960e-02	 7.29028235962971699057888e-02	-8.02674244252078339378897e-01	 5.89408099118400197191647e-01
-5.39775025129253238631577e-02	-2.48745779879142210611054e-02	 9.95845166690272010079354e-01	 6.89933951332640654774409e-02
 2.89263351233008947360759e-01	 1.48503319811007589157370e-01	 9.45659341641127526578714e-01	 1.37375595639586088603235e-03
 7.64433812147063962427751e-03	 2.61756929796063020354779e-01	 9.33492888925413932810216e-01	 2.44981428120803090831004e-01
-3.20520815178454210325754e-01	 2.90967314262681409076094e-01	 8.97503385898328565062343e-01	 8.42146149378898006832017e-02
-4.09761004272877205067971e-01	-4.33217321020622214700069e-02	 8.92705604943616504165504e-01	 1.82471504096426234697859e-01
-3.18576611494331640717093e-01	-3.43305114538897282461249e-01	 8.23669475218114288672666e-01	 3.19717275939447320709519e-01
 1.81455343820141092037179e-02	-3.67953099010365214383000e-01	 9.15540213277905245981003e-01	 1.61453938885699255223471e-01
 2.61063698179806236154832e-01	-8.74287749443531936321961e-02	 9.19762014981500009014326e-01	 2.79713765484617737921980e-01
 6.41731465769568520940425e-01	 1.16830497117331635892334e-01	 7.25612387396400104755401e-01	 2.19130153199999039292933e-01
 5.12713178696480587070994e-01	 3.71991928324489407042819e-01	 7.73625229167578476463518e-01	 1.58494936130673981511396e-02
 2.03260062591433032785915e-01	 5.00370119558982140439696e-01	 8.36217303251581722811636e-01	 9.51615056128737452079136e-02
-1.39525781547514132752141e-01	 5.27592160924233222196733e-01	 7.58352226415060282072034e-01	 3.56484177357389242501995e-01
-3.19764817803401657503315e-01	 2.18544104557985785497465e-01	 8.12728188677216412116877e-01	 4.35272129807958652047972e-01
-6.06168982396543820634349e-01	 2.37349388804768218763641e-01	 7.17970065972475368631933e-01	 2.46461795785514858891929e-01
-7.42695525948729895482359e-01	-9.70644390490515429625873e-02	 6.32987006500468019076777e-01	 1.95727616879705912378284e-01
-5.63886104850899183560387e-01	-3.29001564100207477547855e-01	 7.57208999977104557643770e-01	 2.06146047590344619337976e-02
-2.41746581250127795525984e-01	-5.84117178255532998321087e-01	 7.71328006355094908386150e-01	 7.36126288957537067147996e-02
 6.16476408398335187777128e-02	-6.69526208779186560171581e-01	 6.95085825442206095559072e-01	 2.54538640300405016869689e-01
 3.19667041173374022466902e-01	-4.24061928771921614611529e-01	 7.81408008760700267814059e-01	 3.27698012197717492011151e-01
 5.58769093034497288385865e-01	-2.39065732539116226895715e-01	 7.80889185447887768098951e-01	 1.44349424125887582093242e-01
 9.45708640466041194905245e-01	 8.81689087880706684474674e-02	 3.12461464548669909380152e-01	-1.51408072140709094866029e-02
 7.33336575697685622010624e-01	 5.65579222942150017239271e-01	 3.70844562846240344278215e-01	 6.93680007462181974497994e-02
 4.34607491508634979915371e-01	 6.67061921585783035304473e-01	 5.90541117200447440716005e-01	 1.31931459442022641637138e-01
 7.40753275476359607232268e-02	 7.53986224217516265433403e-01	 6.16796660922817818750730e-01	 2.13493556374393100849574e-01
-2.80594362860491997047063e-01	 7.54568746513733623615394e-01	 4.93937642369751406246081e-01	 3.28509384593224484927276e-01
-5.36502471175235862155262e-01	 7.38174415889741863949780e-01	 4.03843197716862889468104e-01	 6.46088369073663237873717e-02
-7.28362472144117867323132e-01	 4.67345285422476997005958e-01	 4.37346075659163779913996e-01	 2.44550410899311065904271e-01
-8.54898076952929741878506e-01	 1.79894958412913530398924e-01	 4.80713505345131686397053e-01	 7.55089911109587813564659e-02
-8.02092767500029113492133e-01	-3.73090130782805451392647e-01	 4.58834633464475838415808e-01	 8.31969096188905354871679e-02
-5.33158185486537927744166e-01	-6.41068354147928398667489e-01	 5.51623162395043498129610e-01	 2.20363624053562350002533e-02
-2.29686269000575399301667e-01	-8.21843583236018249138510e-01	 5.07888340101079305277665e-01	 1.17757277973584095764892e-01
-3.38312036165491075712097e-02	-8.39241569519383112663036e-01	 3.92262017603208612559484e-01	 3.75046060102433798100208e-01
 3.21266976329146136670545e-01	-6.80179756601578144881159e-01	 4.99144389325417825453712e-01	 4.30113830555007237155252e-01
 4.93046735369246813540656e-01	-6.50583823366559954592958e-01	 5.66711935364729080255586e-01	 1.11728187270000001163339e-01
 7.90970495153968333745809e-01	-1.15881493709826560722931e-01	 5.04255878107864763393309e-01	 3.26593270912203581524125e-01
 9.93509366462715592938082e-01	 1.02109201511463368317045e-01	-2.51768252437386472197822e-02	 4.33471704750316988441483e-02
 8.82635797837510449603826e-01	 4.02711189368509414610031e-01	 1.07239492881526815581950e-01	 2.17433754278527513470465e-01
 7.94317579774164950201509e-01	 6.03723174368857806726396e-01	-6.43490153247092411259445e-02	-2.09073053845597219002617e-02
 5.05914335573151796587865e-01	 8.16417780104759516213164e-01	 2.70281214755456078435714e-01	 6.67889088150710880098515e-02
 3.26008589608840007589841e-02	 9.10539345166077707105501e-01	 2.91527187589976199966202e-01	 2.91319727782760717893495e-01
-3.20572299707154506620554e-01	 9.07902800018764666312165e-01	 1.93497288034178954729825e-01	 1.88426924567513420782916e-01
-5.47813184846723477683383e-01	 7.94702473455181190864494e-01	-7.94240995786975878534264e-02	 2.49079315878336177148000e-01
-7.83592894369512737995365e-01	 5.91992438092325157228402e-01	 1.10855890524475100833435e-01	 1.52440482389488651815412e-01
-9.47129664745611665743752e-01	 2.82253520321342321608427e-01	 1.51468632768504973817869e-01	-1.83194353710687436731508e-02
-9.92583163713878890987985e-01	 4.17773247369659667810327e-03	-5.44291110276500164633084e-02	 1.08621736019386294636035e-01
-9.19527861987094574658386e-01	-3.44350713489639748132731e-01	 1.22574633353797507462346e-01	 1.44452609553448796386732e-01
-7.14131513078435364860752e-01	-6.56147095950613046255739e-01	 2.40973834881446774547342e-01	 3.76667148343279439837161e-02
-4.21361094711199757334441e-01	-8.78054354524052005359636e-01	 2.26415644467354126856407e-01	 1.45373417639700318326756e-02
-3.70415061365715544972055e-02	-9.54362350871138520602699e-01	 2.94641398285183542249399e-01	-3.17313170133227823166422e-02
 8.24036351848356912741522e-02	-9.47830497743121336284844e-01	 9.89022527289859232357827e-02	 2.91625329595155746709167e-01
 4.07527767323081824279996e-01	-8.32548707119371012019826e-01	 1.81335629550701177281624e-01	 3.28483117663570134414641e-01
 6.74834766463611179787563e-01	-6.31383452134543388112320e-01	 2.78369584728302421616775e-01	 2.61655018375078762815633e-01
 9.25395713432059952019415e-01	-2.52708255386014490895263e-01	 2.54453271779703005250894e-01	 1.22616653444507089920634e-01
 9.21772423182073863401342e-01	 5.13677465839247875817319e-03	-3.11855206008518404114938e-01	 2.30337890700903880070172e-01
 8.87843567199126049160895e-01	 3.52521456227404328398478e-01	-2.53509978972549454567798e-01	 1.52299421022467240671716e-01
 7.58339056403831923702796e-01	 4.84719989500778047908369e-01	-4.22970996436998203371616e-01	-1.05185281689047366304735e-01
 6.04349931550338226315944e-01	 7.64110792302875707626697e-01	-7.24802319984397119823072e-02	 2.13640991597645685251550e-01
 2.27058596257431993814535e-01	 9.72725952190058640312031e-01	 4.58189649353683073340626e-02	 1.22163109734463315447783e-02
 3.14569357628132484361316e-01	 9.02475729968869821995270e-01	-2.48120011358677144963636e-01	 1.58177545884204823201102e-01
-2.57354499398998320947030e-02	 9.71721859028311762962460e-01	-5.76326092169316753222041e-02	 2.27536365572189480666054e-01
-3.53314896759920615831874e-01	 8.20095796712370761483157e-01	-4.17258684860084771983679e-01	 1.68839147862873462102584e-01
-7.01893587519674011510062e-01	 6.13351148994281447635046e-01	-3.30606886650848807995828e-01	 1.47800021397798519995348e-01
-9.05647711559534607239641e-01	 3.53912235051511869787788e-01	-1.62759747945382421407956e-01	 1.67504080178893038910459e-01
-9.01018500915622744251721e-01	-3.12304502977467368651787e-01	-2.53586107396504667477188e-01	 1.62251793713504510741075e-01
-7.45311476138209694219938e-01	-5.22152659014759268352179e-01	-1.57298412038150259295577e-01	 3.83568264837924111088086e-01
-5.73302313274772545881319e-01	-7.89401912357376667195297e-01	-2.92851092399160350954190e-02	 2.17511978376174974769697e-01
-1.75603442299560319472818e-01	-9.83852620143213285608397e-01	-3.13265062828682258611046e-02	 1.47004385645064482301958e-02
-1.02636832764224621844518e-02	-9.34634116127422087672016e-01	-2.33876975429696126740353e-01	 2.67685050273957503286226e-01
 3.46054607846561057549195e-01	-8.92948523172590769014789e-01	-1.94148835719984258485482e-01	 2.12592034047906941474082e-01
 5.78943647230243052526077e-01	-6.84510208157422250785373e-01	-3.85751458805126457018986e-01	 2.17866565332414441336084e-01
 8.21377503594929891939103e-01	-5.16410189495209448473645e-01	-3.93950386536404753567986e-02	 2.38971847093252615090719e-01
 9.63560213640767826426270e-01	-2.54699325617427418944061e-01	-7.97629472905606179411464e-02	 1.78280806064138389044338e-02
 7.43376932766649289874294e-01	-5.62618545226013372362317e-02	-5.90009598849743022164205e-01	 3.10022600500820588731443e-01
 7.33505505619815534323891e-01	 2.91997235433720137010027e-01	-5.92133719545148151652825e-01	 1.61508346230500698936794e-01
 5.26833174345039623176490e-01	 7.55398176813513511085318e-01	-3.85046459910133642701169e-01	-5.96625895098641112479498e-02
 2.91002056486690252601335e-01	 7.46004057632982164882662e-01	-5.71920079769166922467605e-01	 1.78053844306920394657823e-01
 5.28434499196393358405599e-04	 8.46186700619280585122794e-01	-4.21207609635346147403112e-01	 3.26422943490977446323598e-01
-2.22963921330217584859668e-01	 6.42629698201645727095865e-01	-6.39065361466703230064468e-01	 3.59039864844763911833070e-01
-5.32067433614864526703059e-01	 4.92860590403865594932853e-01	-6.44628538198658507241134e-01	 2.41757589856255589166878e-01
-7.89953666619486516431436e-01	 3.23508708983870851838560e-01	-5.14009251545976431074791e-01	 8.43196841263265800536786e-02
-7.69429478643493758305283e-01	-2.91517065372966011072009e-01	-5.57784693868874636990540e-01	 1.08960145357561447032602e-01
-6.25463432903446303612327e-01	-6.64808798812666523758708e-01	-3.87480214373868814270452e-01	 1.29165934327424541949725e-01
-3.38743742985860463168279e-01	-8.82673187290761718237775e-01	-2.92871707283861248960477e-01	 1.42712592641762975320674e-01
-6.49867393582624769399203e-02	-8.37594786456922535400338e-01	-5.33310292673253583117798e-01	 9.89536716677659883290019e-02
 3.52810103840494881932699e-01	-5.82468228133342424968077e-01	-7.16710450549944422249382e-01	 1.50272831595600370180321e-01
 5.93578070158464310424051e-01	-5.59669616561315641511953e-01	-5.70741723374703524562790e-01	-9.32141626810898960009411e-02
 8.49497891348664158073234e-01	-3.27505685461404627556448e-01	-3.84115288645631991482077e-01	 1.53456194444250321184953e-01
 5.76820451657934385458759e-01	 9.42676347276197729163627e-02	-8.08752132259203948549953e-01	 6.56640552980703728902512e-02
 4.91909826053729293260375e-01	 5.23999495630962153214227e-01	-6.95288696186266319543279e-01	 4.78336344941853938705911e-03
 1.21163194184336325820439e-01	 5.26958155392334481881278e-01	-8.32832050925301881072471e-01	-1.18428703413119104648210e-01
 8.42180132806034653647487e-02	 5.66282751563654151993887e-01	-7.84904060184279717127254e-01	 2.36974234520965248984581e-01
-2.44491446508446175212015e-01	 5.00910523541834740157697e-01	-8.29757808619950854023273e-01	 2.85404804351590858646492e-02
-4.56087257956099501043923e-01	 1.89888958033611748854597e-01	-8.43881336947374549595224e-01	 2.09262719801945717978953e-01
-7.25275875815666437596008e-01	 1.43665459267116879527038e-02	-6.88148545824111668167689e-01	 1.48352687240309363131407e-02
-5.54304479090312884892455e-01	-1.92724997801589831292191e-01	-7.54853260928031288834461e-01	 2.92916667585017331809638e-01
-3.47146732685544689989143e-01	-6.58699575895905775624328e-01	-6.14069529651501078149067e-01	 2.61768270525457813491244e-01
-7.04591137368266139107131e-03	-5.99858570096310161900988e-01	-7.55393450057803006458812e-01	 2.63630018443829605701012e-01
 1.47348044953545587176791e-01	-3.33905927100392685424879e-01	-9.19702401480023468138825e-01	 1.44716544346086939398788e-01
 4.41650324744856492831246e-01	-3.32067318933174426831556e-01	-8.30767764893310167728657e-01	-6.70910363869139381165496e-02
 3.25962814580955051457778e-01	 3.18245118371028201664785e-01	-8.80964784582813575930516e-01	 1.27942707757922102818071e-01
-2.85819175251741455778820e-02	 2.50677225352099297683850e-01	-9.59523061342811955931609e-01	 1.25137913646006598833438e-01
-1.98101156338782308230506e-01	 3.45472662712757727643265e-01	-8.34817738324150515616395e-01	 3.80110398377556779614395e-01
-2.01080128564552290670875e-01	-4.63807725632379638791569e-02	-9.34635878922794316459033e-01	 2.89605558757279779591443e-01
-2.22415755463616499065793e-01	-3.65431330557005384918057e-01	-8.95799649228535055378586e-01	 1.20557715683896157776722e-01
 3.65936097048042419110914e-02	-2.62548240189995285565061e-01	-8.40263953360064652642336e-01	 4.72954350847546556302348e-01
 4.53938556168985707373054e-01	-1.73992881968437762552071e-01	-8.26686354483508023527349e-01	 2.83294785617917321829395e-01
 1.70076528243157887310133e-01	 1.59558642749353593592865e-02	-9.34655606482963197123581e-01	 3.11830534434905048968290e-01
 1.76113930528542309006390e-02	-5.26037706982667233046591e-02	 9.61266083396511095138237e-01	-2.69981849491023606635309e-01
 3.00744124701833148716190e-01	 1.02875872794318243275136e-01	 8.80386734522454750262455e-01	-3.51978300369531982294546e-01
-1.77165549351841478120662e-02	 3.06935252610530062700178e-01	 9.42167776755874375460564e-01	-1.33404478294514405867233e-01
-3.74975950968844673472091e-01	 3.71231554238559691150101e-01	 8.10096821389357124587605e-01	-2.55584250898786502492754e-01
-3.10220221971960641305088e-01	 5.41521543380950876045432e-02	 9.26780934610017093078227e-01	-2.04714575210447030650940e-01
-2.61358136391509399132360e-01	-2.75531871149737095372245e-01	 9.22386606033994915776475e-01	-7.05482921959828118696478e-02
 1.84058109325929801503019e-02	-4.72379985407101132821595e-01	 8.59884549251933583136065e-01	-1.92657565303051198091211e-01
 2.73357156919156518704028e-01	-2.16794479210009688463501e-01	 9.35469237546235121705251e-01	-5.63322656192866907942651e-02
 5.69525603294730342618379e-01	 6.41732437038125547168477e-03	 8.11892150510554189146717e-01	-1.28181672165120580375586e-01
 7.70594164904534029147953e-01	 2.95536736488296480906968e-01	 5.60053045821229167344768e-01	-7.19948350042929896552835e-02
 2.63153857346942576800330e-01	 4.44989582561701901841644e-01	 8.05931909788301759078877e-01	-2.88458100180889687180752e-01
-1.32949048762771804277349e-01	 5.91170197831941246491283e-01	 7.95469139339085473672242e-01	 8.43777148023268537546659e-03
-4.46273891225492991274848e-01	 5.56995749485935442990581e-01	 6.88539167027889531524920e-01	 1.28487993733259114881307e-01
-6.56806650267428238088030e-01	 3.75804467962165156258436e-01	 6.45806073300919214474902e-01	-1.01540837655606439038358e-01
-6.10867524881631429600759e-01	 5.88241691258995849644897e-02	 7.85971181511609939818186e-01	-7.50325662954483413313866e-02
-4.98989890274136482783973e-01	-2.06197372735977851876399e-01	 7.73068320000709907624525e-01	-3.32952106904679800969404e-01
-3.55612098493119810349583e-01	-5.27458748904682028779689e-01	 7.27400946228898837020438e-01	-2.57323079094219253626363e-01
 9.64354723725940540801638e-03	-7.58322785715691449759390e-01	 6.41505727587568519432182e-01	-1.15429442229531276087329e-01
 2.82531073799715315431058e-01	-5.66942311420371325425549e-01	 7.73738410520077413146112e-01	-9.02662421788395438748687e-03
 5.19811309180003178198604e-01	-3.68512568278542396171815e-01	 7.48190313247742544433549e-01	-1.84948492915104789613423e-01
 8.05290889659891262475355e-01	-7.83026958633569469814262e-02	 5.87486354986984982140541e-01	-1.53314564023776193218973e-02
 8.94753105334614717847330e-01	 3.85525628680968679429242e-01	 1.81453188226120970538702e-01	-1.33647336699178664876086e-01
 5.57350344958366883396650e-01	 5.80052101195691727220094e-01	 5.64486967572903730605560e-01	-1.85080026781930112589336e-01
 1.98847178091640319763655e-01	 7.08464408453795990716628e-01	 6.58442440688106866986118e-01	-1.58087108961779021498728e-01
-1.74996534679488918717638e-01	 8.32308089674959727943815e-01	 5.25733147193096050919792e-01	-1.56241689133227671520965e-02
-4.38235025575712366929793e-01	 6.47208790846397152840552e-01	 5.84179024911850031109850e-01	-2.18645169767912261882259e-01
-7.68397325028938871227524e-01	 5.25793620002725670126154e-01	 3.46559418156486054307663e-01	-1.14031529586508126317135e-01
-8.37219153996445974996732e-01	 1.87521647550475067944831e-01	 4.31183917971260655122023e-01	-2.79249259201137578489949e-01
-7.85196960337081084624344e-01	-1.30127512853795479497165e-01	 5.75107324156680643767459e-01	-1.89166935739934760629666e-01
-6.62787663044722585858892e-01	-4.52400304966002031470396e-01	 5.34796647320198936803592e-01	-2.64648868876212139955584e-01
-3.04864699553595686065677e-01	-7.84726911957684070131336e-01	 4.81174185687965993984960e-01	-2.44402519714866234279427e-01
 2.22158017130982404774286e-02	-8.52281468856829205194003e-01	 3.68400742615481890940288e-01	-3.70679981706392713824982e-01
 2.26518680315584586271171e-01	-8.58545186855850683826930e-01	 4.42043513254369468956639e-01	 1.27228070740982440733902e-01
 5.86354500341415341146956e-01	-6.01275017826232716089407e-01	 4.86264027787760511056803e-01	-2.41255151545116230948906e-01
 7.49763336343627240232479e-01	-4.17999308739302910531421e-01	 5.11284963309856621549443e-01	 4.14632808829275140150017e-02
 9.05901342886455629432874e-01	 1.26852313366215663226200e-01	 1.53562070713235021557352e-01	-3.73724414493379342161461e-01
 9.09900668181757188435199e-01	 3.00532013854641455452565e-01	-1.81453949986819684792039e-01	-2.20988114442940836168461e-01
 6.78278538917812201525237e-01	 6.58478977497515383099369e-01	 2.09549170208533530601613e-01	-2.49865574063855011566204e-01
 1.97921865660423884625274e-01	 8.94998127701931434074822e-01	 3.99731287703176396686189e-01	-4.49267567213358469391249e-03
-9.08712621119357188970156e-02	 9.74101323858920120635219e-01	 1.91402073085017054854262e-01	-7.89573998890622102964088e-02
-3.47736540114698733372478e-01	 8.55971654874448040217771e-01	 3.01616193134738475034595e-01	-2.35413459172294337040654e-01
-5.96305983206883660763253e-01	 7.94676868924695689599957e-01	 8.78843933800234067277302e-02	-7.20012624051768190813760e-02
-8.41979580459920384782890e-01	 3.69446973716693438660741e-01	 1.42889747583598375468839e-01	-3.66281093882292796415356e-01
-9.60195560285535321121131e-01	 5.90443697718176299660264e-02	 4.73602894234352155694578e-03	-2.72975856873924394019326e-01
-9.54783324267957200781609e-01	-8.25504280842164622766788e-02	 2.76310898638761848200573e-01	-7.22946596670973606890698e-02
-8.57494281668895852455137e-01	-4.12364900687419155822511e-01	 2.31319113590135738700582e-01	-2.02855153432376505984180e-01
-5.87844672433613713025125e-01	-7.10324167057966637806032e-01	 2.70424878782679123379040e-01	-2.77035383516612720988803e-01
-2.91823788123370952973801e-01	-8.98151080106186272544733e-01	 1.32701794680154083749812e-01	-3.00921497533964021897646e-01
 2.98540225015514922024540e-02	-9.56758511169609637825317e-01	 1.93865434361761498904819e-02	-2.88697160669422192569300e-01
 2.68091906037956295705271e-01	-9.60105699187290939633499e-01	 7.93248044559154846799842e-02	-5.59925915186791980926451e-03
 5.41481768488632719815712e-01	-7.96616907747431879371902e-01	 2.65760049914140206173130e-01	-3.96307021761700198347889e-02
 8.15477496408806068473041e-01	-5.42120926221287047219732e-01	 1.92762884510792709136240e-01	-6.27998770610147249993105e-02
 9.25408723936047006297656e-01	-1.96216057105452895692466e-01	 2.34250699115455707222111e-01	-2.24152989185884110590052e-01
 9.51052182153971692457617e-01	-5.48797682097531130951396e-02	-1.46239962695484948529412e-01	-2.66649266213570879102690e-01
 8.92746088745863808355807e-01	 7.28170136796001399304146e-02	-4.38194199735792377925492e-01	-7.54184782772475137413437e-02
 6.57654604715183221941288e-01	 6.43045271068423796023694e-01	-2.13130923041088826686007e-01	-3.29482032737913099751381e-01
 5.20936547476745892559791e-01	 8.43251657129159282177966e-01	-2.01777235096296178595843e-02	-1.30937449669313504818646e-01
 1.99019525579063549791670e-01	 9.17417520502177175067970e-01	 1.35916793602699648157994e-01	-3.16643248357963813521820e-01
-5.27970960023455074261456e-02	 9.54483061468864524279354e-01	-1.17899865841026657564683e-01	-2.68838564304697491547103e-01
-3.00098621558640255013728e-01	 9.46600359133964674995809e-01	-1.17146471092151746584697e-01	 1.28561944878271498110545e-02
-5.70598841727861016970280e-01	 7.68960808599167711108180e-01	-2.62877318065075249453599e-01	-1.18371247793755546284800e-01
-8.24625904685957977768851e-01	 5.41018575402969159604538e-01	-8.64712339460627504861279e-02	-1.40761301818547929221026e-01
-9.26049379456525101339537e-01	 2.19057221039874544521453e-01	-2.71523435472657281852804e-01	-1.43949660324705769331999e-01
-9.45476069420660980568982e-01	-2.70902323704601877274456e-01	-9.76292888071985942577413e-02	-1.52169166164848823630251e-01
-8.01777308721372317101839e-01	-5.89551727834419225793283e-01	-9.52289436050007126466355e-02	 2.26573548067645243186963e-02
-5.45763741424173054461733e-01	-8.20898426495368371824668e-01	-1.03985218486567693174649e-01	-1.32116563156999572425931e-01
-2.46266581701508141533097e-01	-8.99927899700505795621552e-01	-2.46568476398886821110423e-01	-2.62081156369592116472944e-01
 9.99989643011616607948255e-02	-9.56104729119630070144353e-01	-2.63230857794442996144824e-01	-8.10769362924838449258047e-02
 3.52102267593887241492467e-01	-8.69550914740791491830407e-01	 9.48595083229589602913379e-02	-3.33026836019894745266612e-01
 6.14748770186599458043020e-01	-7.82351962844715531630868e-01	-3.87516992088424300222371e-02	 9.22369860495872717631727e-02
 7.65215253619357160808079e-01	-5.92975204493548013751081e-01	-2.46884748869408837679273e-01	-4.32890662845317603091289e-02
 8.60253755889013316249248e-01	-4.14949774699829798674244e-01	-5.83819243678848007195192e-02	-2.90468089232722714854162e-01
 7.28560492347144150748761e-01	-1.76270790226326301564086e-01	-6.61254050795143544227983e-01	-2.95177541640193087657540e-02
 6.93060050222359169680431e-01	 2.41058704616234686923804e-01	-6.49286854668564505921324e-01	-1.99962616679034255184888e-01
 5.00148200224573513672510e-01	 5.40261163406844935330753e-01	-5.86604662104094565222567e-01	-3.37438325511704884096531e-01
 2.82152455516942068936004e-01	 8.94352716741732001182186e-01	-2.49474486839154546702346e-01	-2.41424295212358225315441e-01
 2.36858678952217016622228e-02	 9.37227547890350565218398e-01	-3.47776788079301124589904e-01	-9.73698160292632737544682e-03
-4.62128958486980323527860e-01	 6.48828709703233141858902e-01	-6.01028091930619678961989e-01	-6.49874134184078994236344e-02
-7.20395879930166516125212e-01	 4.87132903425114560658216e-01	-4.42988424481845166624794e-01	-2.17927892559332231359193e-01
-7.47961894497515489277362e-01	 1.53429979254924686582484e-01	-5.71573308855818917884051e-01	-3.00526535349428858268084e-01
-8.93421632968480872172279e-01	-1.18314590689377427401574e-01	-4.04038782610174895815192e-01	-1.56691115002817960011328e-01
-7.48329222030255869491100e-01	-5.01692699856301604910414e-01	-4.08057356615907695918111e-01	-1.47638084782095030389470e-01
-4.07934254191663236976950e-01	-7.58704431585830230133638e-01	-4.94264263816024895792367e-01	-1.16876290425033821374079e-01
-3.84982071582306989432354e-02	-8.07356094110605160274474e-01	-5.30667076761311085064676e-01	-2.55120518558728581748341e-01
 3.10159012195565075842296e-01	-8.14274172001440255108662e-01	-4.90275036901773819675299e-01	 1.97319070594943052343595e-02
 3.51566479966695488723616e-01	-7.23292023000820960554336e-01	-5.02301006820909945460585e-01	-3.17715845015490938596514e-01
 8.48634930472668802536873e-01	-2.93380660284718597363707e-01	-3.95523646912655235663436e-01	-1.93151721932434627948538e-01
 5.35096142673657237942564e-01	-4.14027564705478703932506e-02	-7.95054801181692361033981e-01	-2.82569978890811035476816e-01
 3.89157279609439021861306e-01	 3.03782151109195819316255e-01	-8.29137664901867688094228e-01	-2.62304687406704373220379e-01
 2.39407416913864495855435e-01	 7.50804649249201982996738e-01	-5.90562534252533577472377e-01	-1.73817031759372436772182e-01
-7.81138496533600040772072e-02	 7.66887986653764341937745e-01	-6.36196706778067389009834e-01	 3.21681939687297954733047e-02
-4.29236938374097098947146e-01	 4.13236973896474346634733e-01	-7.16924402787689762917012e-01	-3.61953387644915858256667e-01
-5.73919680520253772115780e-01	 3.22968299737634467749814e-01	-7.48808945151023364061871e-01	-7.47853016168498752058724e-02
-6.60947525655886547468754e-01	-2.23404714498670220468313e-01	-6.67103727295215498394043e-01	-2.61172967395095378950742e-01
-5.26255895940682338896011e-01	-4.60103105682029389633669e-01	-7.14731627657681611864859e-01	 2.27720125422071102694321e-02
-2.12534995189299191764576e-01	-6.22504680193099901863718e-01	-7.50469715307601425990924e-01	-6.41249199898045602052932e-02
 1.44777544079008196886704e-01	-6.45953731860844704293356e-01	-7.41542860389373781337952e-01	-1.09075319073770063416084e-01
 3.16654070420834876653515e-01	-4.62888847592610286341142e-01	-7.45714426043574185598573e-01	-3.59686126019346241733388e-01
 6.21038412952913621012385e-01	-3.23080664197247680036185e-01	-6.09728792054427870539257e-01	-3.71700113261537790076972e-01
 8.97124690373357069894666e-02	 2.04913080903378203023735e-01	-9.52537317449496101495754e-01	-2.06482350432255129524250e-01
-9.66156790732402154242564e-02	 3.51747639679909185339568e-01	-8.26790637816548712457632e-01	-4.28201179068593951182464e-01
-2.77309738289680529632619e-01	 2.08963658991010686749590e-01	-9.26741491134775441373961e-01	-1.43470229943673310835095e-01
-4.50114030810491116962879e-01	-9.34889405864976208437866e-02	-8.88034957191909612994607e-01	-7.14787106138661462728656e-03
-3.21899536057815349732181e-01	-2.98823329664158920948580e-01	-8.63504247556981852085300e-01	-2.47882473735516806190304e-01
 2.75413253748935972498035e-02	-3.76912656531291467842948e-01	-9.05638154559747388105961e-01	-1.92348272019100513530176e-01
 2.91750077533851071009963e-01	-2.32365344039095512995718e-02	-9.56128491156369109127411e-01	-1.26595468691784573261883e-02
-7.85756604569092104162209e-02	-8.19821992551039435692672e-02	-9.92584953552435700352419e-01	-4.33577509837183225349655e-02
 6.78513154007887586693926e-02	-2.55503672514846916219433e-02	 7.86013834746825401644799e-01	-6.13942692210182938694629e-01
 2.73163102404950786095128e-01	 2.53176962946963568512615e-01	 6.81523026795652575593465e-01	-6.29928336292904567095263e-01
-2.63891085602168291857073e-02	 2.89409611653885956439325e-01	 8.36931321942672057367929e-01	-4.63779747275617382218371e-01
-2.74605591786095504236442e-01	 4.00810113286879168836840e-02	 7.98159840537786879899329e-01	-5.34720628406434639323663e-01
-1.40925574028730099529483e-01	-2.90153053944613992243262e-01	 8.42954976703100045121175e-01	-4.30555565662276318317225e-01
 1.01725036975624724688849e-01	-3.67154900037538534096626e-01	 6.67311325863018223181200e-01	-6.39956944337409017187213e-01
 2.69876188684672113637930e-01	-2.65725924426016446577847e-01	 8.33442154641824584082599e-01	-4.02406201163659327235678e-01
 5.61016543350671748058289e-01	 2.77028573454821736010700e-01	 6.93669605508178466202196e-01	-3.56844624410370570011253e-01
 4.04233665427909505396542e-01	 5.44774612001781233239228e-01	 5.31311646274871596240530e-01	-5.07467930401233835446817e-01
 6.84634185851496490649026e-02	 5.57103680328782879804805e-01	 5.95112703692188160786714e-01	-5.75142694975719570571471e-01
-1.11012735663083061954381e-01	 6.05709150190297695992570e-01	 7.21192681610011931958581e-01	-3.17291213065389043901376e-01
-3.05422390138195221087614e-01	 3.85956348115706282531079e-01	 6.59434741254982581537547e-01	-5.68243506762227790218844e-01
-5.90863779630774410556171e-01	 1.26616764836210399236549e-01	 6.77272021452230865712352e-01	-4.19703225792769751834044e-01
-6.23117877728007085735840e-01	-1.98096414018354177732917e-01	 5.11448522937843819136106e-01	-5.57586163380612620521504e-01
-3.15663354121561490206460e-01	-2.85562394041514122644543e-01	 6.43792130862247402589560e-01	-6.35879279591536783478034e-01
-9.45513361557374087951189e-02	-6.15777372940394029932065e-01	 6.29426476896157605089854e-01	-4.64435767343432115428215e-01
 2.65462055242396854914944e-01	-5.96112578387912872557308e-01	 6.63004062681721739735963e-01	-3.66885955007450192955076e-01
 4.66960791809652553396859e-01	-3.96950683306416640672154e-01	 5.54920597260111558846063e-01	-5.62530803309074234341836e-01
 5.35039926462249293415141e-01	-7.14452211614990811971992e-02	 6.97366688235630083347871e-01	-4.71495026064671085563873e-01
 7.99742401099912791906377e-01	 7.59210954488460237898906e-02	 4.88964281174534720619818e-01	-3.39944129062797695262077e-01
 7.27349581515247978202865e-01	 3.97194234136306167926023e-01	 3.79005401586359258470083e-01	-4.11769634877111490034451e-01
 3.92111276789736062919900e-01	 7.83533580562396414492810e-01	 3.74363206300751871768995e-01	-3.03605112792281806033401e-01
 9.45609061296774286442535e-03	 8.24526575677196116309631e-01	 4.51825718479710924935233e-01	-3.40470304832373948933366e-01
-2.85421161091944597387737e-01	 6.71714600023553654040143e-01	 4.46138308819765017076975e-01	-5.17971877923467660664869e-01
-6.08071613866794646874325e-01	 6.58774363473266788560068e-01	 2.34365501641572243629597e-01	-3.75949547253508431499114e-01
-6.09589968086888367437837e-01	 4.36076060697334511040424e-01	 4.87900976875849434755139e-01	-4.47426392670473571655521e-01
-8.52140321314079574044342e-01	-1.19592555707356093530613e-01	 2.90779026943923213366361e-01	-4.18332464553810734475547e-01
-6.81125406428033430827895e-01	-4.59892238701333277983707e-01	 2.42841219865668256350233e-01	-5.15359536085902347757326e-01
-4.32234649028652884172885e-01	-5.53496957563589297990347e-01	 4.77894599275032749829961e-01	-5.27665687846654796189227e-01
-2.03421266263740019297757e-01	-7.33789085118741635227479e-01	 2.73531738410522751170362e-01	-5.87668065385872462336181e-01
 3.03298589014861175172655e-01	-8.16012747288046624838387e-01	 4.42887571625616316417506e-01	-2.14438245340176220077311e-01
 4.60507127918665548627075e-01	-6.66764535169315220031194e-01	 2.82654550150463090840702e-01	-5.13288072193177291602240e-01
 7.36297912657745468045789e-01	-4.52395334587239350554455e-01	 2.64668733866600947024494e-01	-4.27965309777553315484511e-01
 7.42139378050844511491846e-01	-2.71938986253470627030282e-01	 5.32628639904748291122871e-01	-3.02630241805009414512995e-01
 8.07704363859023000138393e-01	 1.01415613139436602829768e-01	-1.78912962738823011488165e-01	-5.52556500078190793168176e-01
 7.75798547701430196710248e-01	 4.35887675563062015893223e-01	 1.21919076821486727091326e-02	-4.56059102599270960176625e-01
 4.63306876686661317510385e-01	 7.42408793147664280986930e-01	 3.85002683354517538649731e-02	-4.82383303203974767026097e-01
 1.40813919051876207388929e-01	 8.11975436855531529367624e-01	-1.08732257072740784442644e-01	-5.55917823438309977035487e-01
-1.11852300631691783938670e-01	 8.41163834130312260128903e-01	 1.60769403609053146420038e-01	-5.04069108216105399300488e-01
-3.80907255580221870694402e-01	 8.61059772054248662165321e-01	-4.04627819102997901556940e-02	-3.34437579940275730994159e-01
-6.25315511383371935849596e-01	 6.35426250430139338831736e-01	-1.21827909159396299831890e-01	-4.36316343995380884202007e-01
-7.96671279388917019659289e-01	 9.24018845657491316725185e-02	 3.15467844719931611585650e-02	-5.96474278334784391297774e-01
-8.42537595145993800649364e-01	-2.47582040427989341635495e-01	-4.59323699873747520738831e-02	-4.76155175767797311792151e-01
-7.56525695210482407304653e-01	-5.67975907556855119651118e-01	-6.34132660870903447358771e-02	-3.17885197210299841330539e-01
-4.78498346720832523626399e-01	-7.18183413701106387883044e-01	 1.80018313314700799387946e-02	-5.04903803252430116721428e-01
-1.69478380879262480185332e-01	-7.86882935674518391166998e-01	-9.78641620296611669527209e-02	-5.85247750742390993039521e-01
 1.22038127092567075249185e-01	-7.87643610106219083100143e-01	 8.84764592819313050453545e-02	-5.97407863312422238166732e-01
 6.49426663288824368436281e-01	-7.01137687356415795214559e-01	 2.87527831910545823845826e-02	-2.92957727047451765844954e-01
 6.23055977322742760016183e-01	-4.90871039325158131649829e-01	-3.91419712552668469518480e-02	-6.07712742963723795419639e-01
 8.17203036683198602574407e-01	-1.71103517990795012115868e-01	 7.45325051987696246547088e-02	-5.45295964257693777099689e-01
 7.71131467581447460624133e-01	-4.82204195298581266004856e-03	-4.91781361144219497649743e-01	-4.04331671339540066334450e-01
 7.12029871108557865788669e-01	 3.52512453447926310534655e-01	-3.91872654854594104634202e-01	-4.63879569705830163695026e-01
 3.78957147966968888042061e-01	 6.95545963533968358838422e-01	-3.47945213567907307705696e-01	-5.01539052289577957921551e-01
 3.18199170716416818160965e-02	 7.84816274347253428622651e-01	-4.57976816672797271134954e-01	-4.16302947128052325265202e-01
-2.53973999878035261446030e-01	 8.50920992551961630212531e-01	-4.08989056164875353083232e-01	-2.10139534018948082039202e-01
-4.63660438623066550878349e-01	 6.46432989013730363581089e-01	-4.41918976750884595627866e-01	-4.14549160363510027504930e-01
-7.89784355599451926011056e-01	 3.47922530165289456416389e-01	-2.11716317167683548694512e-01	-4.58657590909269163859108e-01
-8.23045921670365943079162e-01	 1.44065147231607678518506e-02	-3.06326240877731137413065e-01	-4.78071226183952313615322e-01
-7.44035790217811743296750e-01	-3.24496575694051214711067e-01	-3.82295818706469281433868e-01	-4.41545719305874106996868e-01
-5.35951641968959613393508e-01	-6.75623081488747501133219e-01	-3.14581598323582400933418e-01	-3.96645568772179601957362e-01
-2.29960459110630399681696e-01	-6.94738353651205731154050e-01	-4.27617236609606821140517e-01	-5.30660254933421615675115e-01
 1.17021241062299510837796e-01	-8.46265236998652636835061e-01	-2.74501210980295784480631e-01	-4.41350498989413808637039e-01
 4.52442933315429840490651e-01	-8.47408650321290313200961e-01	-2.19021478836879279761263e-01	-1.70949007782102313512951e-01
 6.42989199851639825489258e-01	-5.88692935012002593886393e-01	-3.26330419033899588043823e-01	-3.65395641400197757064916e-01
 7.51855415686586092682830e-01	-2.74433906448231068608834e-01	-2.74343643209665866145031e-01	-5.33043178668259565178289e-01
 5.21249538675861989744931e-01	 1.69448451468804467401341e-01	-6.41700492785476361845554e-01	-5.36476111568727875855700e-01
 1.74428748650155479582580e-01	 5.24748602382719475656359e-01	-6.85763423316088416292757e-01	-4.73225150624438650748260e-01
-1.56377495301182167786180e-01	 6.41456649494594355331856e-01	-6.93308564749517297620685e-01	-2.88795221268396962166491e-01
-2.16051283701571089634896e-01	 5.25659026335735024559881e-01	-5.44752236296547454053041e-01	-6.16643683088200278419322e-01
-5.83727143197598996593456e-01	 3.20860915332014273726458e-01	-4.87876756018139956516677e-01	-5.64169448165963816066437e-01
-5.82663066332331336383277e-01	-4.46755629084419139673834e-02	-5.45373464267835617036440e-01	-6.00895689519835740632914e-01
-4.71136614125849284562264e-01	-4.11279288626928751781975e-01	-4.56430659391937609825618e-01	-6.32890741553073454817024e-01
-4.83020447167489874740198e-01	-5.14453070161270842319823e-01	-6.25640403120759858168753e-01	-3.32570852906044711616573e-01
-1.47023570966298366968772e-01	-5.46218784198509998972781e-01	-7.16627089034741926454330e-01	-4.08013142717990995311794e-01
 1.23753749241039767703398e-01	-6.07735172053662120461581e-01	-5.45811467529207616777853e-01	-5.63411760714403686556295e-01
 4.39085085524901164166778e-01	-4.77479107648967004973173e-01	-4.63461732985490870717626e-01	-6.03673099853241801326931e-01
 3.64660465030629710181387e-01	-1.71440851922699838416619e-01	-7.03821446183665710982780e-01	-5.85035171103069018272436e-01
 1.84473953966166753781764e-01	 1.54781675637511606513641e-01	-8.00948852778738729085717e-01	-5.48172352848404043079711e-01
-3.06609819390157523066875e-01	 1.61280085746133255986123e-01	-7.15257606270145340765509e-01	-6.06947863714797697376468e-01
-4.90959310707391349826167e-01	 4.06856949656478825150252e-02	-8.00467573762906337009326e-01	-3.41401951970124850621602e-01
-3.34821778509408196633501e-01	-2.30526216508103148905562e-01	-7.16268087625221316905311e-01	-5.67196673816026564196591e-01
 4.24497804345053408869859e-02	-3.03182197405481579366437e-01	-7.72268593802089231559194e-01	-5.56668474358293252635121e-01
 2.16358541451986990944434e-01	-1.18140017431113381052299e-01	-9.09947447470356496346255e-01	-3.33507961920443796177693e-01
-1.30126381032778709601061e-01	-2.83058913548086855949126e-02	-9.01064935360377017303790e-01	-4.12732217954839997187122e-01
 1.53203507126964788565004e-01	 6.77696949180295465930968e-02	 3.47115781294696168490788e-01	-9.22738634842439009453585e-01
 2.60071863536337100075713e-01	 3.82939072521333967458190e-01	 3.75631721202583312990697e-01	-8.02882994314627396192918e-01
-4.88647633281467097532413e-02	 2.51414173071123681069139e-01	 5.76590838896169910476885e-01	-7.75851888561765790086611e-01
-3.98858693276868569999039e-01	 7.66485751371003692922201e-02	 5.43570882080748662978920e-01	-7.34552540585680646678668e-01
-7.15545844459648111568484e-02	-1.07249980105711795186352e-01	 5.48168739988116660022399e-01	-8.26370628538993012845992e-01
 2.01264227833792275212943e-01	-3.29546927045693660573988e-01	 3.81742482499534074857905e-01	-8.39740561438055532761382e-01
 3.32612928401479712725575e-01	-7.90559987077894127383004e-02	 5.81209311183466748040871e-01	-7.38454145849386067723685e-01
 5.49745102287344189484486e-01	 2.10944651867710358805752e-01	 4.67744663003477612051029e-01	-6.59164324422409353410046e-01
 5.26062088921460779822326e-01	 4.99545367648790206160925e-01	 2.22048714366241739526231e-01	-6.51465634326572562429192e-01
 1.93476240345915956320155e-01	 7.07756995864187610223439e-01	 2.81567662466357171435760e-01	-6.18358011737651480643763e-01
-8.99990542037133051112008e-02	 5.34879968848323228414188e-01	 3.36139248062865159116797e-01	-7.69944150623267820066076e-01
-4.13451464494601350629921e-01	 3.89233314787224782271835e-01	 3.67486083535115803933024e-01	-7.36552300637938750504929e-01
-6.85527606714068760140890e-01	 1.40713253523989889615109e-01	 3.70372400229016573991458e-01	-6.10799448153132806815790e-01
-3.86712711127867259097712e-01	-2.01582172764334238701522e-01	 3.50687051729777210518080e-01	-8.28755994503099335801721e-01
-1.32263467972588838472703e-01	-4.62832176013807994330307e-01	 4.23346434142824856738940e-01	-7.67509314982393164861207e-01
 1.67099923091186541856956e-01	-6.33129141331010170112847e-01	 4.15614975470422753911492e-01	-6.31260087654127777234692e-01
 5.28702248700649524160156e-01	-3.49561054686921834910862e-01	 2.50864243902013117626382e-01	-7.31674881621963812960985e-01
 6.93000140181530110972119e-01	-1.03774046069250211465906e-01	 3.87840411192944933826965e-01	-5.98800107311683871280650e-01
 6.95297425238185162754689e-01	 1.84500842636090234272217e-01	 1.28172229414593830121305e-01	-6.82709901151737907909478e-01
 5.46961469018989343560122e-01	 4.80035957947588520777771e-01	-1.56583165843484695134435e-01	-6.67742721907443992357400e-01
 2.69230390454266055311194e-01	 5.68495627054543151146504e-01	-1.00685407720372127604591e-02	-7.77319974889637776982454e-01
-7.97902684021034452888088e-02	 6.36771232749617666080155e-01	-1.95479318104308692760629e-02	-7.66664065006823602921315e-01
-3.85955818420475715857521e-01	 6.64908453009440680858688e-01	 1.08366488131784316495398e-01	-6.30231354023232381855735e-01
-6.34675435513464281100937e-01	 4.10400567030375640342754e-01	 9.82683627513846608136916e-02	-6.47380718757597173329543e-01
-6.50805929616880884935881e-01	-1.97105621515823142830826e-01	 1.51508830424382318069476e-01	-7.17388381733217395108682e-01
-5.98773503034679466239254e-01	-4.54277116552408877225844e-01	-1.24142650904802115396919e-01	-6.47835778316338761761983e-01
-3.98665269960472301580268e-01	-5.02299527735402095984796e-01	 1.69004776629553737921086e-01	-7.48464142387950670531893e-01
-4.67357092400077500649047e-02	-5.32838378297518899806562e-01	 8.49352175100284434439146e-02	-8.40645611968341754938194e-01
 2.98826227492728691004231e-01	-5.52950014460209193778439e-01	 8.86184167567084790650966e-02	-7.72719835051781656076741e-01
 5.99268982642994219034449e-01	-1.24023170459959836131603e-01	-5.36938095837565382284495e-02	-7.89057611612405507273138e-01
 5.58547852312550885400810e-01	 1.77135391452405477341614e-01	-2.77453645663797765497094e-01	-7.61358538587378008699602e-01
 3.75606408261565660744452e-01	 4.13167518034561698225815e-01	-4.92093626592635280392329e-01	-6.67874457350267403121791e-01
 8.69877501021591725827165e-02	 5.96410400044174449085688e-01	-3.63820417927449513140203e-01	-7.10184813657971814038206e-01
-2.15704904065197211604499e-01	 7.64772233259581879494249e-01	-2.42668176175310612574521e-01	-5.56513236023299162624767e-01
-4.25017257713100171656606e-01	 5.15314476263362908348142e-01	-2.42149372711263966007067e-01	-7.03686721840758866441945e-01
-5.85133806964689417995373e-01	 2.08520272485781060778365e-01	-1.93683331852523593630266e-01	-7.59357946473183775815130e-01
-6.11861676736762727379926e-01	-1.28989753536186496640781e-01	-2.21543656880751865800860e-01	-7.48268227388718565329384e-01
-2.75820363268390544853048e-01	-5.26798653190481691588332e-01	-1.99298496094332616701550e-01	-7.78900773948598135199006e-01
 9.66644861423476553508038e-02	-6.03929000648529390460340e-01	-2.44648792829985056718201e-01	-7.52378034940770712424296e-01
 3.95473809758609295972320e-01	-7.15202439306608761526718e-01	-1.68688472716517018357152e-01	-5.51026438365217474668611e-01
 5.54766436813548535766927e-01	-1.29278895076975347544490e-01	-4.35156955333386885609315e-01	-6.97251455428995359220323e-01
 2.79227129042292465666009e-01	 7.94184597085487858914021e-02	-5.43549750890509608680645e-01	-7.87577670437135668457529e-01
 1.20244676257756019643885e-02	 3.09169409754363966325030e-01	-5.91671435688754576709414e-01	-7.44442476246797157912738e-01
-3.39089155933106456419779e-01	 1.90862743958400721266955e-01	-4.46101659818492479736562e-01	-8.05967286187491138704786e-01
-3.16160422648740058182426e-01	-1.59405687448807675821172e-01	-4.05339842334097921749958e-01	-8.42811975577062888476121e-01
-1.24141272709222177939026e-01	-4.14063013286606051988059e-01	-5.12263860425081429816885e-01	-7.42109495115473749571322e-01
 1.86294452792768211457641e-01	-2.79555379911600510034475e-01	-4.86439576971904152902226e-01	-8.06548017402881400883530e-01
-5.88815513373102950023252e-02	-4.79643188639662446104417e-02	-6.67948684726659802635140e-01	-7.40322187699350875433879e-01
-1.95669743783445232443441e-01	 1.39399360098760749515634e-01	 2.86702204676630933999348e-01	-9.27406607484191014556529e-01
 4.00680277145598451316033e-01	 2.35539318317592782925374e-01	 4.94228654782620513419289e-02	-8.84044074354286779637846e-01
 4.60598794206050765609461e-02	 3.57658557298395574086669e-01	 1.05776566470724558977068e-01	-9.26698528047095848592107e-01
-3.20037942193607871654848e-01	 3.83157009719991448193355e-01	 4.21080209589735632302876e-02	-8.65444010915688344276475e-01
-5.09052386140281587501022e-01	 8.85672258868053369207374e-02	 1.45410586421417298286229e-01	-8.43728200322936383592776e-01
-8.97649924309785185450039e-02	-2.04106682021140073413079e-01	 1.90594076558514652353082e-01	-9.56010777381193888047051e-01
 2.55247286779181570270936e-01	-2.28202388036106318391916e-01	 6.68070978956811362126089e-02	-9.37181574913443005137026e-01
 4.63891953747621765824505e-01	-1.80971869408508151400028e-02	 2.65101080071826589179551e-01	-8.45102457940925200219340e-01
 2.22818826442096468154475e-01	 3.15904730467977401531243e-01	-2.54704999248126173760909e-01	-8.86386673641325617545306e-01
-1.21958618312920250015274e-01	 3.79825557546292658095410e-01	-2.58204953849536511523155e-01	-8.79880016287112876050003e-01
-2.80514929292907666535939e-01	 7.07965626388186025641502e-02	-1.16552243185161483185475e-01	-9.50113043679976954081212e-01
-3.59281076711547409097136e-01	-2.45596056969322074081674e-01	-3.37367509398553283572753e-02	-8.99700792682842531711174e-01
-1.42239309459706569221948e-02	-2.92885985502461143603625e-01	-1.93238885688615330549212e-01	-9.36308823168146120430322e-01
 3.88938329321960762907651e-01	-3.87001160518378295449793e-01	-2.07147509108114108444809e-01	-8.09967275395725105902045e-01
 3.16804465877835228493353e-01	-4.38727031651230531261731e-02	-2.27351240546895372318659e-01	-9.19794286641655634007009e-01
-1.72088268568129157398694e-02	 3.05859273158736524877988e-02	-3.74414455143262048242292e-01	-9.26597093190030807186020e-01
 5.39000030114241204803882e-02	 5.31586032154828455609241e-02	-1.75767473725335320045016e-02	-9.96975431257636102166941e-01
