 1.32640710463875016733581e-01	-8.79226395560153278774251e-02	-3.05319825055097304744578e-01	 9.38858805044436084408233e-01
-1.60254738068703328490727e-01	-1.06022942628685255123111e-02	 4.30403382985110327663136e-01	 8.88233605645422308327852e-01
 4.53901486951512500578332e-01	-2.04072710757939229653246e-01	 7.76542268293478610274860e-02	 8.63885171722867717392091e-01
 1.75365195453338812425770e-01	 1.16008042188961990603957e-01	 1.65030753086955778163869e-01	 9.63615085449915920179365e-01
-2.61737651224618284029333e-01	 4.09094867439663889552293e-01	 1.76347804855218920350168e-01	 8.56175357674284986941871e-01
-5.59755131273050765550181e-01	 8.85098398260191765452021e-02	 2.39942015806125480414934e-01	 7.88205576178166444911710e-01
-4.31668572510145898135647e-01	-3.36114840768562128658914e-01	 2.59984581892283850290681e-01	 7.95673975005134370697135e-01
 1.65518008013936401834343e-01	-5.45162911574314956730802e-01	-1.95674845586618517678801e-01	 7.98193299690975299753859e-01
 3.62598365139960368552785e-04	-3.38046164084147893191812e-01	 1.24051857032427492733007e-01	 9.32917893620454297121114e-01
 4.65380250012898344369461e-01	 1.91026281699720190676572e-01	-2.08858819780317506165090e-01	 8.38634709511766218703599e-01
 1.75494058836667063405734e-02	 3.72461971703601901761971e-01	-1.53829524610390372396651e-01	 9.15041297071305326227275e-01
-2.56673060660691287893087e-01	-1.18410182300045015851842e-02	-5.03851974723852139015356e-02	 9.65111424703914089207046e-01
-2.30661482236690501546050e-01	-2.87625465284112258324001e-01	-4.20165877625908457115855e-01	 8.29172785136681134154912e-01
 1.62394507411643407301938e-01	-4.05331389217302051619640e-01	-6.12632061594192700582084e-01	 6.58799245585899972965649e-01
 3.18448808405526140319353e-01	-5.84633775585478354663849e-01	 2.45125934549465046563554e-01	 7.04774418577334915703148e-01
 5.04736260590809560078185e-01	-2.68624092575283024419974e-01	-3.41059282850645684170843e-01	 7.46164170752198208091954e-01
 1.78019736907852887952686e-01	 2.76752960507872236561866e-01	-5.56421517576998536647181e-01	 7.62962559303336340654766e-01
 3.49882673801357943488277e-02	 5.32582359829357893099555e-02	 7.65746216106350852115270e-01	 6.39978213663971451374834e-01
 2.39854692602086055908117e-01	-2.01645696084343434284492e-01	 5.03182564076927074658840e-01	 8.05367026203822611307714e-01
 5.34135835352631052619365e-02	 4.14841144901880065631872e-01	 4.83874204360253967749372e-01	 7.68712929477025186386641e-01
-3.75426332416493702126559e-01	 2.54813058803957714903987e-01	 6.10635800646452286954968e-01	 6.49037204603971407124163e-01
-3.71941810796229732627438e-01	-2.22590496040404539623836e-01	 6.77962461978111052829377e-01	 5.93699975242282351750589e-01
-7.51277856684034461842714e-02	-4.82996852329874604148330e-01	 5.21046152859267586165970e-01	 6.99700480956353620953792e-01
 4.31017643270912242936532e-01	-5.97070486898895955163447e-02	 7.86856671521934947222121e-01	 4.37624768503056482682467e-01
 6.36109565545732280611446e-01	 5.27698399044887134223814e-01	 3.36915432318715679649301e-01	 4.50984491675906651320105e-01
 4.39633431779586414389627e-01	 1.82769412180312534887960e-01	 4.84867714692420403999051e-01	 7.33635527276260135387531e-01
-2.85507924425307257898510e-01	 6.68671563402756574667762e-01	 4.28270368945898760593138e-01	 5.36607916890731395653802e-01
-6.55556211626657558966258e-01	 4.34544164781245856321590e-01	 3.16425941504420993322100e-01	 5.30369725564454830291083e-01
-6.63153565511089393424982e-01	 9.11999549084386157415949e-02	 6.60373073373426988652568e-01	 3.40319439259591405289029e-01
-4.81499479259438201150800e-01	-6.21494816983547471167526e-01	 3.94368243869012202740265e-01	 4.75790008473431558222444e-01
-1.11638061734388449597333e-01	-7.61897959324372653355795e-01	 1.79248416838261481753847e-01	 6.12305844991310244118665e-01
 3.13828988374019235418899e-01	-4.89991708294431949077818e-01	 6.58299596885451143712942e-01	 4.77557465232506528352019e-01
 6.35799184375652082223951e-01	-2.27408845554307098568714e-01	 4.26970717300349800193970e-01	 6.01448768124881794072678e-01
 7.18308124207389431248316e-01	 1.49816129951072463111217e-01	 1.47525625424363426851926e-01	 6.63192849589993249637132e-01
 3.65278171454918199057005e-01	 4.94245724983422507481379e-01	 1.53294851675424947945459e-01	 7.73817620143126494447472e-01
 1.30753501714149619923611e-03	 7.36467082805450368176992e-01	 6.62935444125285627814392e-02	 6.73215932866589872318741e-01
-3.60708917325332334424814e-01	 8.44220325491556233821200e-01	-2.86019589747456781658741e-01	 2.74543099111258293021365e-01
-5.68658350600044215639173e-01	 3.31719343046683434739208e-01	-1.57818889266067685639428e-01	 7.35991274358832825441823e-01
-8.59280798525305478108294e-01	 8.99544968937438793599171e-02	 4.82380181658847717596217e-02	 5.01216311962943361635325e-01
-7.38799272197764089753491e-01	-1.71080037009151086913050e-01	 3.92604936914574043083093e-01	 5.20354321445786749400497e-01
-3.24528046160128202934914e-01	-5.44795492618402321660653e-01	-9.29618751762029821295030e-02	 7.67618074462740884733591e-01
-1.20458416833565257197947e-01	-7.13703046184309908284149e-01	-4.03701741083653975472600e-01	 5.59591490220512799425023e-01
 1.85209275793220773387304e-01	-8.56691734413308481066451e-01	-9.12543837230754689704426e-02	 4.72704383097290348203501e-01
 6.41899378028091494030605e-01	-5.89987472349319252984401e-01	 3.29859536553974097561337e-01	 3.62039579469439209979953e-01
 7.93758812016390757904105e-01	-2.45186611106512020175074e-01	-1.36651436951992972558545e-03	 5.56622499292752204169688e-01
 6.76467720699894692337750e-01	 4.92540404562530786947150e-01	-1.24999058170276663992659e-01	 5.33076550019799366708639e-01
 2.94171396938798679343563e-01	 6.16391097903588924822316e-01	-2.86910029443233904888899e-01	 6.71720059737065389171562e-01
-1.70256789932073493432085e-01	 6.27439787171198526394278e-01	-3.75465834231625827932533e-01	 6.60573498016183036085636e-01
-7.92821628224967711595639e-01	 1.78546369723028397480391e-01	-3.86782476006648223698647e-01	 4.35837556816304705353815e-01
-6.23553934262301767788017e-01	-1.39571301683265036608361e-01	-1.80385704450226724837592e-01	 7.47770914413257825614778e-01
-5.70585784854733546467287e-01	-4.81319113992028424497960e-01	-4.00371523458942779605252e-01	 5.31475696368895134114041e-01
 4.00617177347405761800303e-01	-6.55623727465859951202276e-01	-4.75282160245246165786170e-01	 4.28684351651167028229850e-01
 7.45988613028552571826424e-01	-3.39959562894661448950728e-01	-4.30679261519429479321275e-01	 3.77417353238144237526086e-01
 7.70587245647120999691992e-01	 8.02075122841905824300213e-02	-3.20043708079489896967118e-01	 5.45283482913149764037541e-01
 1.45274480312225673372950e-01	 6.17536987945850324166486e-01	-6.51382076638473361818171e-01	 4.16226842146118047871539e-01
-2.78428799736990417734717e-01	 2.01445557647969897274720e-01	-4.37175707901486632067645e-01	 8.31128444466769256138150e-01
-5.19589377902012317100855e-01	-3.98643101218612364022853e-02	-6.05638419146199979969936e-01	 6.01364964396829404513767e-01
-2.66616029184096103854529e-01	-4.07775009374041097487407e-01	-7.31118402509730369587260e-01	 4.77599535409872544278187e-01
 4.43895543615214827060100e-01	-6.31630340469588186236294e-02	-6.83139202824094127208809e-01	 5.76444279226879796595995e-01
 5.35958719732586241768502e-01	 3.68565748543608795451121e-01	-5.82637802272809923742614e-01	 4.87278904843834126392466e-01
-5.16764391680902615555659e-02	-3.89842554419997378012397e-02	-7.32279473636170630257425e-01	 6.77920751971550550329937e-01
 1.51454322696153637073380e-01	 1.70964386063162054885112e-01	 9.48175768015896758278416e-01	 2.20896989074455291079957e-01
 3.75232853556499879044139e-01	 4.22171617476731986240424e-01	 7.01109374191288936550848e-01	 4.35220721508093488782976e-01
 1.87970298381537143095343e-01	 5.83883401453732076014091e-01	 7.89225400521241349238721e-01	 2.95060604836034391651456e-02
-7.54701023091791795005534e-02	 4.79106695811088834080493e-01	 7.68649791088366063362969e-01	 4.17059391869113116335654e-01
-2.85429506353226059012229e-01	 8.97282729369412723752220e-02	 8.99471070989085408342589e-01	 3.18481752055679745438965e-01
-1.05832796135949577798208e-01	-7.98268336682088769373777e-02	 9.87981441827556206014549e-01	-7.94969590166689499266539e-02
 1.26489180603999214896893e-02	-2.82257828488242601405744e-01	 8.95236618688799556942115e-01	 3.44560473193963490157188e-01
 3.83102569220610256195414e-01	-1.38035433121970751990659e-01	 9.13254245313044998866303e-01	-1.20550436373460904959654e-02
 7.49059173329313043865341e-01	 1.51876467854621083342082e-01	 5.38887067245014117489177e-01	 3.54181623068275885923839e-01
 4.82470282047366305633318e-01	 7.19338761972830864621642e-01	 4.87575455961806902838163e-01	 1.09746741218889318214558e-01
 1.80365200058957592110787e-01	 7.45672326581215294538652e-01	 4.44704791709233382412947e-01	 4.62254068894474012818563e-01
-1.39965302653578427261039e-01	 7.96826282686074582883862e-01	 5.69097278445595100571097e-01	 1.46989376961742052030147e-01
-5.07362015841569591323434e-01	 4.85130568433903952563213e-01	 6.79906422083831563085710e-01	 2.12036255535082734935415e-01
-8.31959095674319581981138e-01	-5.55207854566901679027602e-02	 5.51540196679932037682192e-01	-2.37679816834008329762273e-02
-7.26545474616844932924664e-01	-4.25535672845524015617258e-01	 5.06144042646199388002515e-01	 1.86733158660836923159465e-01
-4.42590347170628617412547e-01	-3.14866329454952686983660e-01	 8.18537386171538927648328e-01	 1.87001408033235477779144e-01
-1.41690313441796139626305e-01	-6.57481851087347801687599e-01	 6.63361898680303929687341e-01	 3.28012899055483309052050e-01
 2.69419596176998066283659e-01	-5.47127088932194416415200e-01	 7.90729004277311853243759e-01	 5.30346259251160204173381e-02
 6.56881232971050832425419e-01	-3.29941856315679959976706e-01	 6.53248890642851520738077e-01	 1.81414729543329156236098e-01
 9.12748743033381160216777e-01	-1.53511123155036843801469e-01	 2.88187539072178866561558e-01	 2.45503583440615735788981e-01
 8.03678890255335343084653e-01	 4.25836011797395497247010e-01	 4.15595642857004565762225e-01	-6.64786076225064564287903e-03
 3.94717934212263144022614e-01	 8.18633284708110364746858e-01	 5.26171547129345440474424e-02	 4.13846266878328261640263e-01
 1.88588628450802209268744e-01	 9.51821382244198654909439e-01	 2.25840375586476932445734e-01	 8.64089710432162094733144e-02
-1.92599714986777581504640e-01	 9.25144578646384663223046e-01	 1.32887157632575969579136e-01	 2.98921163059008676565753e-01
-5.84702841085361413320243e-01	 7.27657627513866867019487e-01	 3.23408739059350303080009e-01	 1.55060479322225636122923e-01
-8.77936224164463374641798e-01	 2.81926757662566418449757e-01	 3.35586408967872562580936e-01	 1.92683812837938867046361e-01
-9.50802463214154958137669e-01	-2.14561667147562806778893e-01	 1.49192775794291465629726e-01	 1.66371519760890734795922e-01
-7.38893508495136130953540e-01	-4.49257756872380398238676e-01	 3.92704431516415347624971e-02	 5.00661246042091057084633e-01
-4.42473124485442736997243e-01	-7.23060293658228103730323e-01	 5.30472351286512489032532e-01	-6.56020979709589710515694e-04
-2.67063059496368382372822e-01	-9.04424360810577976366176e-01	 2.53036648889041759780127e-01	 2.16023961966769373344022e-01
 2.20228726674867508750211e-01	-8.20472321787994007813438e-01	 3.93587201978463474549841e-01	 3.51302706459471147937279e-01
 5.25537245901303129436144e-01	-8.37546557560664872710277e-01	 3.72797200549246990353147e-02	 1.44694815253966879708969e-01
 8.58581546661814298815329e-01	-4.85703809987721168983654e-01	-1.23725225511783620130357e-02	 1.63635134921993524725892e-01
 9.61934019665810602361944e-01	-7.95371023416487632484717e-02	-1.93861884668184214497444e-01	 1.75426226185168593341146e-01
 9.21789792144052100297813e-01	 2.74386425797708832785560e-01	 8.46076363434272449293161e-02	 2.60494177112199687407212e-01
 7.18724044624936220237998e-01	 6.83295579714643386282091e-01	 3.29101367574317002495654e-02	 1.24337529809021615778697e-01
 7.80069112159095107150719e-02	 8.95029727437053557181912e-01	-2.61571433890816829048731e-01	 3.52728073420317755903852e-01
-7.63185697217637348810371e-02	 9.77671729458197691364774e-01	-1.84025122801561469287890e-01	-6.68447418404106846745449e-02
-4.40431125741599205358767e-01	 6.92458087616345863146705e-01	-4.04766566012599877250056e-03	 5.71406892481535200190024e-01
-7.70765812703638975023068e-01	 5.45984053221185927640136e-01	-7.15899207320773306451045e-02	 3.20462726139935427660532e-01
-9.69477071678267909859983e-01	 1.76577549684626189385739e-01	-1.34784974143465158258337e-01	 1.03766985032086797580142e-01
-8.76903642662414051223152e-01	-2.23909645047220773328434e-01	-2.87860851255871130760511e-01	 3.13114360345325581924669e-01
-7.44049067793696394801373e-01	-5.90851969582189440188813e-01	-2.97391644600949189847228e-01	 9.40379948623003419916344e-02
-4.74964457761740010965923e-01	-7.80945502175219741225476e-01	-8.27808026166675647861126e-02	 3.97089694166860240898131e-01
-1.57071649705617794046120e-01	-9.29821166180964109315710e-01	-2.69601685789054579256430e-01	 1.95130794085218162159379e-01
 2.74428685601082134049022e-01	-8.93147504026244543062774e-01	-3.43623123775657401957062e-01	 9.43375926002529979763622e-02
 5.70053914489799029574613e-01	-6.15057649307368059510281e-01	-8.84020014674240656171733e-02	 5.37519961247863942155334e-01
 6.79139858423888687077863e-01	-6.44728827207981636249201e-01	-3.46834160080295661465755e-01	 5.29136794070957164337621e-02
 8.34247466168426599075758e-01	 3.79497833348253932328475e-01	-3.55240238677995923133324e-01	 1.83893807670463399484007e-01
 5.00934996555632339187980e-01	 7.21004059455614187967853e-01	-3.92881841880286630797059e-01	 2.73607627443182122028986e-01
 1.79568758610126250063743e-01	 8.24889120994698799016476e-01	-5.35806997034568466276028e-01	-1.49619826429957126362469e-02
-2.17799523193849542401779e-01	 6.88501142211837224849091e-01	-6.62744431012596058039321e-01	 1.98240671990683070546879e-01
-5.48418929659498455286837e-01	 5.35732745766614670834826e-01	-4.68963205853389186739122e-01	 4.38520939363453543524685e-01
-5.91316657315255178595237e-01	 2.33058289157463571772411e-01	-7.30828438665558244302645e-01	 2.48833755495856845385561e-01
-6.48805052117979563774952e-01	-2.71300809201426185168771e-01	-6.73147960220630059424707e-01	 2.28734997155316088779387e-01
-4.04359137507296961810965e-01	-7.01519563571491477915743e-01	-5.55930861833334621913139e-01	 1.87895893254921897419507e-01
 5.96499738544750829349894e-02	-6.56638075990190972497373e-01	-7.07688300098550771011219e-01	 2.53861355236838226456797e-01
 4.95369669962622438674771e-01	-3.60443982361893788812779e-01	-7.59539978528217640807441e-01	 2.18604772769434158030677e-01
 7.17040741772643874796245e-01	 6.41370692044135326526089e-02	-6.61079110861981456004344e-01	 2.11455480359193342954072e-01
 4.11574189625695585625920e-01	 4.85624572758731776200847e-01	-7.67505880541923146687111e-01	 7.55657601061403144671047e-02
-7.57057755543774774098509e-02	 3.53263355615329122105805e-01	-9.28391337577595288088617e-01	 8.69664385725408967120487e-02
-2.28725519272705013484881e-01	 3.59023924624947476935688e-01	-7.41200342791408450793256e-01	 5.19045768912752114587761e-01
-2.74970438822647655907616e-01	-1.50307211141953514510483e-02	-9.14860275662281563491263e-01	 2.95289707256454148076585e-01
-3.01879460417599443378123e-01	-4.28984306636006840207642e-01	-8.51219243795886426617869e-01	 1.63418184288907364365429e-02
 1.04451020220782966885231e-01	-2.43357234173049385983489e-01	-9.10553607154033661785775e-01	 3.17426163775545056022764e-01
 3.83643043433866681723998e-01	 1.66986232308721747885638e-02	-9.21809357407189944311199e-01	 5.29781068323258164110001e-02
 1.95971861983158690545537e-01	 2.13716453198219719089579e-01	-8.71190415162830356088364e-01	 3.96166085716132654326316e-01
 1.80536818639181084744649e-01	 2.23791928985105914584608e-01	 9.24164055592397670757521e-01	-2.51484448799086379722212e-01
 5.52718849224321129298687e-01	 2.76313628505116870570646e-01	 7.84962857143817305249911e-01	 4.45641708000205916118119e-02
 3.70985917780643770225169e-02	 5.09303813580842867914100e-01	 7.06958412865551499848493e-01	-4.89329257697427133511070e-01
-1.96747451502868958561621e-01	 3.96066557056026280481120e-01	 8.96566531597922544705170e-01	-2.42935614388455865808591e-02
-5.31056149501414220814866e-01	 7.07511669532364523282908e-02	 8.39696993940654223820275e-01	-8.87839896519414528697212e-02
-2.98916650132558525676529e-01	-1.98634217024690834518807e-01	 8.21170655272449923067768e-01	-4.43702647073389522258680e-01
-1.46483633755734865555809e-01	-5.02620454402578964447912e-01	 8.48685414008184535461510e-01	-7.51551189714811801456662e-02
 1.55775979230899058736171e-01	-3.13975138191587621605549e-01	 8.59656445781315170506787e-01	-3.71677618533675813150552e-01
 8.04157488334517167594129e-01	-1.63547396943656067613837e-02	 5.86859244812799829560390e-01	-9.30563443447069288394502e-02
 4.77369226570548199628519e-01	 5.09395992907229255841628e-01	 6.44089652553864744355394e-01	-3.12702515830200034052666e-01
 1.38334305750146546731827e-01	 8.15433294014161536011898e-01	 5.13691708560612303458015e-01	-2.28151246812105384931257e-01
-3.40125693360576297763487e-01	 6.56189571422401085598608e-01	 6.36095042415369182897678e-01	-2.21614205517296825043161e-01
-7.13561167812484686834296e-01	 3.98557176009194658039547e-01	 5.49873203823542100465716e-01	-1.72110711341544403429893e-01
-6.95374380918239110016543e-01	 3.11543547983332697048908e-02	 5.46698332817422305573984e-01	-4.65408218056284850305815e-01
-5.99914219049354269230889e-01	-3.74893404187787659953557e-01	 6.68599360481444970893961e-01	-2.29200262745700794608794e-01
-2.42185507252081017037781e-01	-6.28453637030889411541068e-01	 6.18865475393105990420395e-01	-4.04224850233337984484194e-01
 4.69678409291574908146494e-02	-8.33587485967602126457621e-01	 5.48492291257137387638920e-01	-4.56303801009983606151721e-02
 5.09814676738571614933448e-01	-7.25091704227552757977548e-01	 4.62089745043289590320512e-01	-2.83563638035043280583025e-02
 5.56558537894832894288299e-01	-4.08394334109384971043255e-01	 6.67466920364664595410886e-01	-2.79185551170952783728296e-01
 9.75396733896965351107156e-01	 5.30498412828083951153779e-02	 1.67636875196940121623967e-01	-1.32984224317048066454916e-01
 8.49343163902835818213077e-01	 4.68880480002362654001757e-01	 3.92838331643194458436819e-03	-2.42387815718517668495124e-01
 5.63786786079201407417827e-01	 7.45517494705118077824579e-01	 2.41007336293682011829631e-01	-2.61273015797103158597281e-01
 1.35104671330432107856367e-01	 9.17636770214764752040537e-01	 7.69787156219491341957450e-02	-3.65737286963889463020649e-01
-2.47670077934392551810561e-01	 9.28012524737771071769998e-01	 2.43515708399378860704587e-01	-1.34730791538343303015424e-01
-5.74397844683631531026435e-01	 6.98483812475027665556127e-01	 2.52069505345444200283822e-01	-3.44453834654300294904061e-01
-7.64558165774217202148577e-01	 3.32202048744583033901279e-01	 1.74339696771280638909474e-01	-5.24116666485205717762597e-01
-9.54303484185570982667457e-01	 8.03737332640591245480621e-02	 2.02328869295768098979238e-01	-2.04714317335093987093586e-01
-7.42931580936497137912511e-01	-6.48258760930388810983516e-01	 1.45800569983923294925532e-01	 8.09656638122451949302061e-02
-5.70707019171102780674687e-01	-6.84385217007538515510134e-01	 2.77355943492089473956241e-01	-3.59143500038622054404414e-01
-1.70971656017890549783544e-01	-9.06972832292981756552308e-01	 2.62567401037225756077476e-01	-2.81473505384616351499005e-01
 9.89993819924887136219027e-02	-9.86823279322833757376543e-01	 9.66672824565249916295429e-02	 8.38711765394068858858745e-02
 3.29577747193894654564872e-01	-8.88585779196735980889343e-01	 1.86946425397852222793915e-01	-2.58543720857599079732125e-01
 8.30471496974645728705866e-01	-4.35746010454827970015401e-01	 3.26601772631158859816480e-01	-1.17361787646477103153053e-01
 9.22437773985438358437250e-01	 1.48985733181589669049671e-01	-3.10121395386256548665216e-01	-1.75318352025150614448279e-01
 6.64277313135748781469658e-01	 6.24460831442459562978797e-01	-3.90292162444725365677556e-01	-1.28282302682648619018835e-01
 4.58494780111965205549041e-01	 7.41759139061389349834030e-01	-1.62161017534003581985758e-01	-4.61822174241692251506208e-01
 3.93494890941924191363199e-01	 9.07116128394295784254098e-01	-1.42037811362488414212990e-01	-4.61233189710025109908642e-02
-3.67686107663809269574529e-01	 7.93264152416243595311585e-01	-4.57792268719656669784257e-01	-1.61137051676161630053841e-01
-5.64728299321025639656568e-01	 8.21241388862668397763400e-01	-7.44684880676547561462186e-02	-3.31507684649260253584302e-02
-8.50906959739664237041268e-01	 5.08945385842075159743558e-01	 7.97114977827461795856223e-02	-1.02849488175167425030310e-01
-8.91999721919169541450856e-01	 1.99676414918472988624387e-01	-2.24012412172113234420934e-01	-3.38059557791613951582832e-01
-9.40756684025837008888971e-01	-2.37183175352367159316458e-01	-1.90115350627274332095951e-01	-1.50256967380378858578638e-01
-7.34339123871353027794839e-01	-5.63266075320742132248597e-01	-1.46060818214507448509210e-01	-3.49490510496537676310425e-01
-4.66601805800147262370814e-01	-8.79686920373314085175309e-01	-5.55439284037341218791539e-02	-7.31337744522817662096159e-02
-5.05363502345842693919131e-02	-9.52581721752120191837321e-01	-1.80969398016830790298926e-01	-2.39341215987050270896930e-01
 3.60217710177765770840352e-01	-8.23866922263066681075827e-01	-2.76020045019320758861170e-01	-3.39557698223146353644353e-01
 6.89191278627563352898733e-01	-6.74045915158849040516031e-01	-9.88076239224053472220977e-03	-2.65668696417026672929040e-01
 9.15651273606198801147116e-01	-2.92166593706939536900791e-01	-1.07996564379654991228108e-01	-2.54082995785277820921522e-01
 6.64368454225304660987206e-01	 2.30282313759818335618945e-01	-6.82157284629244187179609e-01	-2.00614187003213678694991e-01
 3.77636655553699351894892e-01	 5.85134852527197213412080e-01	-6.13083827519099733294183e-01	-3.73009358025670478831159e-01
-4.14286724419948987341300e-02	 6.13044144984751127047673e-01	-7.53741473689023777637885e-01	-2.33097259187464322938155e-01
-3.65368248723274058331612e-01	 5.52796890863660350667885e-01	-5.37622471344614827337693e-01	-5.21424700778230221231979e-01
-7.54393223024446779589880e-01	 5.09555376666473658353596e-01	-4.13807340069216267330887e-01	 2.76920023031343356251233e-03
-8.42564694234900879443728e-01	 3.54556833460852524608775e-02	-5.36506760201320154202165e-01	-3.14344843379605332067683e-02
-6.81001884414461078343095e-01	-3.81881394808131602314205e-01	-5.90305754583809738633704e-01	-2.04797826718420034053381e-01
-4.31990664934489621007430e-01	-7.36371221333276371190379e-01	-4.61418032190662519287372e-01	-2.41319061350099367535549e-01
-2.13726935259098624331209e-02	-7.85682957612551025050607e-01	-6.02131400786809822811563e-01	-1.40297092896311870191539e-01
 4.17504735745584276696007e-01	-6.32451841115603374809950e-01	-6.44783101792521962103422e-01	-9.97457565127844725250128e-02
 7.97838700973995451626308e-01	-2.52740157630116479836602e-01	-5.42333341094410781302315e-01	-7.38266014835099182445077e-02
 2.30423455555318151821709e-01	 2.54566793145678704757273e-01	-8.96949764222145673464581e-01	-2.78535274999969717502069e-01
-2.40293076435168978521872e-01	 2.29121139849456229020674e-01	-8.60614135279849423731946e-01	-3.86142526598566848683447e-01
-4.71540303003191274555661e-01	 4.59762093568923169151219e-01	-7.46854993081647156039082e-01	-9.20661678891439433369825e-02
-5.10791658890130007009134e-01	-2.04521133302480971616344e-02	-8.53703515402411849954945e-01	-9.93171689999262086168130e-02
-1.82634548474022162523056e-01	-4.82957699411346252915678e-01	-7.60326063296349996534218e-01	-3.94082173861321549690473e-01
 1.52012004496538899456226e-01	-4.02196736939235910401891e-01	-8.95499670455928598045148e-01	-1.14936832641668013055281e-01
 4.92372547466295273910220e-01	-1.85246561040779383899846e-01	-7.89183153657888158960532e-01	-3.16927335688649169931352e-01
-6.97005210258951901636237e-02	-5.43260531684376934968839e-02	-9.89401950467320157045492e-01	-1.15214138573881907934293e-01
 8.34643138748526053349863e-02	 6.27777842111560402393877e-02	 7.70493588236798032653496e-01	-6.28834070804788036745947e-01
 5.25386865073548481319676e-01	 4.66901320933739427676556e-02	 7.50291461193455688771792e-01	-3.98561660014459584466806e-01
-6.22965996339438846107761e-02	 3.92150810933764470966878e-01	 4.07258620508522739545043e-01	-8.22482395665423360320290e-01
-2.98353275593998323866884e-01	 2.42412016554767600906573e-01	 8.21247150390029378996815e-01	-4.21633555529489889579509e-01
-3.00609372702265620347362e-01	 3.09613646712420739759430e-02	 5.62994324398147893973032e-01	-7.69228697876462419458221e-01
-3.99919385734031213042172e-02	-3.56006068208495562998905e-01	 5.97953939117481736431614e-01	-7.17015628101477453526513e-01
 4.04549556046899072558887e-01	-2.46221693385610840287825e-01	 5.75171105834521800836967e-01	-6.67002798661049500772435e-01
 7.55493904991459075404237e-01	 2.77288300996364756034751e-01	 4.02739799871466408465182e-01	-4.36051386020956166511553e-01
 3.01545562481084494788064e-01	 6.48991917251745986661149e-01	 3.45429979485892768575894e-01	-6.07089692189091034713044e-01
-1.64711920696660241159037e-01	 7.43279218171020161776141e-01	 3.54259349041263382762423e-01	-5.43052760449990179481006e-01
-4.64186516918553504496003e-01	 4.15178323092380063830120e-01	 5.04748022684990305108954e-01	-5.97818761114782604160212e-01
-8.17394992893238248043986e-01	-1.21624118368394762423890e-01	 6.23789300484818079461924e-02	-5.59626543786282737436011e-01
-5.38402288108229987173559e-01	-3.34455857842311798933110e-01	 4.44030275321100287300169e-01	-6.33324063898612399370336e-01
-2.08296482393389048581867e-01	-6.28941260685444536449040e-01	 2.84621410474211133934119e-01	-6.92846388985043915020867e-01
 2.01390007661586906140272e-01	-6.73330540674261901479269e-01	 5.50727848832796684774848e-01	-4.50296440502667705274575e-01
 7.80402469585726232814693e-01	-1.82988621705127196825913e-01	 3.60360031070914965667384e-01	-4.77103550392916908595708e-01
 8.41776816188620657932518e-01	 8.02002832002524368437690e-02	-9.42522710040958645871800e-03	-5.33751694513520225093828e-01
 6.00478012618656076249124e-01	 4.47382770794089446031450e-01	 8.89755028593390145941200e-02	-6.56778632911485749090730e-01
 5.41510516000917319079377e-02	 6.70358401125866198988490e-01	 1.16992122813939451037024e-03	-7.40058044301186157554184e-01
-3.00246734689075089885790e-01	 8.23037134437349937599038e-01	-1.02630113880227205602758e-01	-4.71093232142678397522673e-01
-6.61579793335057120273746e-01	 5.83877441342210312669181e-01	-2.21196714216451012502418e-01	-4.15296670059203121283531e-01
-6.01037176113414117750722e-01	 2.39185498029575033251959e-01	-2.33291563648942212871873e-01	-7.26030066038720223176028e-01
-8.51640786464799126598280e-01	-3.66002720788902113913110e-01	 2.73413209373286003600612e-01	-2.56895301912937301658246e-01
-5.51812281000552795617864e-01	-4.19280168901065342090817e-01	 9.28869663665293776588783e-03	-7.20847464182300834423245e-01
-3.50394817181378825932114e-01	-7.72187819656736551543474e-01	-8.84394170297110870926360e-02	-5.22616410746590043245874e-01
 1.17119867235152150253263e-01	-7.94661372000613930310919e-01	 7.12275522267886429528261e-02	-5.91373719700751143690809e-01
 5.47285425437682992999555e-01	-5.81296977065380193749888e-01	 2.87089369514494929802595e-01	-5.29294040652183106487882e-01
 6.69059982983421397406687e-01	-3.32707222770079469320592e-01	-4.97037778219859630035593e-02	-6.62717268189887631635315e-01
 6.88028578443877436576770e-01	 3.78420978383969153213684e-01	-3.48589139728510022386843e-01	-5.11761516750482203796935e-01
 4.45277365273472752749129e-02	 7.94486536213800387251638e-01	-3.89268165266030918836293e-01	-4.63981378899161078788183e-01
-1.81414469248829868242012e-01	 4.64735100365600839467106e-01	-2.93902702231073398309036e-01	-8.15310541117072462569126e-01
-6.56314275563485538533826e-01	 2.27797470134234153471553e-01	-5.96878877411247676931794e-01	-4.01367026538439808369674e-01
-7.29450336416527900240681e-01	-1.52395690373705011699812e-01	-3.76687899785168200939012e-01	-5.50258108902336173784420e-01
-4.42330286622930335393988e-01	-4.78439453898311717328085e-01	-4.29437274230468235547420e-01	-6.25318506035977828005912e-01
-3.12564997992007265192882e-02	-7.16859384494602180915024e-01	-4.06936054742824626639930e-01	-5.65277543718718633591891e-01
 6.39519237611928748066248e-01	-4.99556927603021949657602e-01	-4.13004712501292003956621e-01	-4.13382544696570153330839e-01
 7.39988742263464560622310e-01	-8.09719596956784415375807e-02	-4.42190590799901250829151e-01	-5.00327577167611226016675e-01
 3.80121145237631019586644e-02	 3.89697905658824839125742e-01	-6.65204709939541061203272e-01	-6.35761995835555815403950e-01
-3.12495580708829379101843e-01	 1.18985740159775657542873e-01	-5.75737557104986197309415e-01	-7.46133480695555406647657e-01
-4.32862436452599808056618e-01	-1.60696143531016660821464e-01	-7.38292098990354417331616e-01	-4.91662116835326901131964e-01
-6.78844838434215780420544e-02	-2.94127983320333685757220e-01	-5.37360865206761073586961e-01	-7.87479350094633989698423e-01
 2.51969988491965057875177e-01	-5.06804742484292636284238e-01	-6.55876560935737096258435e-01	-4.99485750257101346338828e-01
 4.16453019478524311125511e-01	 1.54697187184046486274624e-01	-6.51434660868919546139466e-01	-6.15035401796644287664151e-01
 6.61345777310332755272171e-02	-9.46249976031663386777382e-02	-8.29759767759207567117130e-01	-5.46050414581954801640507e-01
 1.21209011993431065024041e-01	-1.55169705606413473042426e-02	 3.83253962011118110009278e-01	-9.15523893537998789682320e-01
 3.94740896217525838451934e-01	 2.68445594233996220889793e-01	 5.22152816487881143991956e-01	-7.06734054665200339684361e-01
 2.55577163749835967188062e-01	 3.08872775856695702678678e-01	 7.69336060074188587964983e-02	-9.12885065038783749535867e-01
-4.05523556537576046476801e-01	 5.15582944486738359302080e-01	 8.42667474467833493845248e-02	-7.50082653927045872599422e-01
-5.37222123145622232343044e-01	 6.77539910111338156140093e-02	 1.92409910666414524227363e-01	-8.18401010130312411838815e-01
-2.16025053676533129731752e-01	-2.40436767264763678886297e-01	 2.07392485870718179530314e-01	-9.23315598230466827445184e-01
 2.38920659411005625871738e-01	-4.53769326142561546522103e-01	 2.37491115789457668538986e-01	-8.24989870895282084717337e-01
 5.40992364003899384172769e-01	-3.09786239334085312935319e-02	 2.24352321698380569037212e-01	-8.09959025319930137065683e-01
 5.25671281649542798675157e-01	 9.07508043683804555001871e-02	-2.12956358214103053105859e-01	-8.18586333047165992660155e-01
 3.00703764056815314731352e-01	 4.80821445041152650823335e-01	-3.26883494828612175542304e-01	-7.55999447803524349254189e-01
-1.57171078101513150837576e-01	 1.76829989040327734128866e-01	 1.58027854746061111046451e-02	-9.71482722005723164926394e-01
-3.70312502159408141189090e-01	-1.23661110343467384176108e-01	-2.35357617422385950733954e-01	-8.90046837225051290509725e-01
-9.86415733111744158501111e-02	-4.97784384910062882578785e-01	-1.36948400108306833633520e-01	-8.50720683810016420345335e-01
 3.43662801918080795804400e-01	-5.67967808081392466768023e-01	-1.99242983915287941165673e-01	-7.20840260336202964808194e-01
 3.77384154058779563989390e-01	-2.30749824989812668540878e-01	-4.77043783448015290549193e-01	-7.59450424455812123092358e-01
 7.96777087511554432674998e-02	 1.02205804482827997126115e-01	-4.00586455700407517710460e-01	-9.07047919223438525726522e-01
 1.92690120066014741739835e-01	-1.69271581582128655130148e-01	-7.48032521972681746502687e-02	-9.63650415222419454153169e-01
