 4.72392144877837732996895e-02	 6.48684485406901406578939e-02	 2.41307794617096782463506e-01	 9.67125167315758593744590e-01
 3.00792749602832518163176e-02	 2.19656569230506325263175e-02	 5.46773813944909981010767e-01	 8.36451518928586601475672e-01
 5.48794086916381540497412e-01	 7.76119338777983142074746e-02	-1.07904868207872716573403e-02	 8.32276999129216377149021e-01
 1.74607153932011288643977e-01	 3.85645618538177747947060e-01	 1.91375418805139280165051e-01	 8.85531054099869985307691e-01
-2.11955417616748909015456e-01	 3.12060090714060267558239e-01	 1.65204308707094099650803e-01	 9.11263374174038132125020e-01
-2.67500544185470923164161e-01	-7.96151875276074338927401e-02	 1.86640450488859049871238e-01	 9.41950223216034054907198e-01
-3.27498832533830830371357e-01	-4.00236983007038304993586e-01	 6.67383480118859673257958e-02	 8.53288266078378709877938e-01
 2.80543376680040708326391e-02	-3.10833877462508012534670e-01	 3.17309123080532606842041e-01	 8.95494374728002195951149e-01
 3.94206694248784517142781e-01	-4.96328555392050951855509e-01	 1.70311496224627184625788e-01	 7.54488596047424575630203e-01
 2.16749774265016431629149e-01	 1.05936327790580292473877e-01	-6.54523331631157306853552e-02	 9.68252561005554679418594e-01
 7.33557602745557417456279e-03	 4.12195357199241441126247e-01	-1.45110993065684590330733e-01	 8.99435365392770247439103e-01
-1.50609998182041460168534e-01	 1.10007360918877958311235e-01	-1.14718153221304283717608e-01	 9.75732931858283913939545e-01
-3.60431653836953858061065e-01	-1.60257298755786370403342e-01	-1.91078089510638232662032e-01	 8.98830231365646548091775e-01
-1.41975844042787312238030e-02	-2.31678685374896081716756e-01	-1.46604559385445001179482e-02	 9.72578267478621638630898e-01
 2.36176036595273669549400e-01	-4.01567462249572681987075e-01	-1.67931627165756103270411e-01	 8.68771213610377235347926e-01
 3.92742361553495233916777e-01	-9.54247402799787286520328e-02	-2.93194156935564109733861e-01	 8.66420649986325064340065e-01
 3.18784241977677768042909e-02	-1.11945147121042254401146e-01	-3.37717898341966360487021e-01	 9.34022843000213209840865e-01
-1.98924936842628102828812e-01	-2.15858666358950644637016e-02	 7.38907817154483725907710e-01	 6.43411344018528841282034e-01
 2.65228520470328965608076e-01	 2.81100103067583650950922e-01	 5.79145506924940711712679e-01	 7.17793177588898378971294e-01
-5.33291681355299237998757e-02	 3.78157303448763471021010e-01	 4.90600040111951074539576e-01	 7.83239844694129661029081e-01
-3.19302733450603115628041e-01	 1.30532576266911726214914e-01	 4.47221071386452950768842e-01	 8.25227437893365944887591e-01
-2.84474677681788135075180e-01	-2.34388608734871634053931e-01	 4.77607353757842689745416e-01	 7.97513230918211912801041e-01
-1.18551456177998812240026e-03	-3.24140791219693413793834e-01	 6.33380093997548132556119e-01	 7.02681292301390425514285e-01
 3.17989847059345187574309e-01	-1.85507020054786586626960e-01	 1.30932396321697980257071e-01	 9.20503291830629510883455e-01
 3.09919457196433323353801e-01	-2.19164865312490325655048e-01	 4.94329964399672361352600e-01	 7.82019551008953039961114e-01
 3.82097661606087213304050e-01	 1.18395421278524690111844e-01	 3.29526449728306636277608e-01	 8.55217060251313387908567e-01
 1.92407575157875210258851e-01	 5.98711172252583412323190e-01	 3.99361297805176096442636e-01	 6.67109294686537457330644e-01
-8.30587752691099162616339e-02	 6.09926497448083693164733e-01	 1.71101944311938147791352e-01	 7.69295152860189901389276e-01
-3.63695992759668573768295e-01	 4.88502423822798181873850e-01	 3.95949206290572119915083e-01	 6.87251651731500934339181e-01
-7.92209876225750342371157e-01	 1.38387221217586269678135e-02	 1.12111432200917668366991e-01	 5.99702450011901366799805e-01
-5.62930307505207117024781e-01	-1.72823149553010091405980e-01	 2.53721512673644122859429e-01	 7.67376714448170460514120e-01
-5.65113968463961224841796e-01	-5.23676543190270460392810e-01	 1.05321109289637435124654e-01	 6.28742033505953923366860e-01
-2.07212446852354292836651e-01	-5.57307401429962934180651e-01	 3.22880562513761681930902e-01	 7.36355623684398219452873e-01
 1.52950845903005977488576e-01	-5.87711744062985097514229e-01	 4.01505079594869362935583e-01	 6.85561533115384813541482e-01
 5.96538269330835868586860e-01	-1.53998657641478492452691e-01	 2.95432436071342674477336e-01	 7.30168598602641716333039e-01
 7.35007284823518514116358e-01	 2.74812824199500205235580e-01	-7.51296344152818373895997e-02	 6.15302966793172423365377e-01
 4.92020435811272305315356e-01	 4.20592274155255685386123e-01	 1.58253361690743277190307e-01	 7.45636575805247669990194e-01
 3.97840425541557518585023e-01	 7.13874735907999213857522e-01	 1.56358881582465802928539e-01	 5.54669052127011674713231e-01
 2.02893470473001574783112e-01	 6.61219589672073837505195e-01	-6.04604469697551175078054e-02	 7.19699540242685786850529e-01
-4.62416794363026018022111e-01	 4.74347383634734942603473e-01	 5.22410548368996349721805e-02	 7.47285849002530366824715e-01
-5.07502268163716685478448e-01	 1.18880283855295199035851e-01	 3.91505224920560418455651e-02	 8.52511678810188744392917e-01
-6.36200771890357286153517e-01	-2.27436620062085870230817e-01	-9.23047470683262122337354e-02	 7.31437622336655657306892e-01
-4.72408213867940074415230e-01	-4.98051991540487404286353e-01	-2.77415208934755908032344e-01	 6.72172221267989367099460e-01
-2.68905475795047421705419e-01	-7.08768783310592120905369e-01	-1.97329216309001347073870e-02	 6.51879796201547234701934e-01
 4.41825000803688638928435e-02	-5.86266759147406557595161e-01	 6.97560995706332370724922e-02	 8.05899050984760334515045e-01
 5.50008895191517965805872e-01	-6.72173216944926932292503e-01	 7.17539072981652342742009e-02	 4.90433235435324577089489e-01
 5.67622916561337453877911e-01	-2.87952914859417041792966e-01	-7.70912536024339900553315e-02	 7.67427053234619460653221e-01
 5.32821151990056973701826e-01	 2.23850751181567414471729e-01	-3.75637352037833660567401e-01	 7.24492264238508654194959e-01
 3.71566168617443404187384e-01	 3.92521757123910020048640e-01	-1.60331012060658834039728e-01	 8.25929306354313164106884e-01
 1.37245196631159249722742e-01	 5.54427560553840348411825e-01	-4.02607049953954354570840e-01	 7.15319089237360095090423e-01
-1.78443381336546663673559e-01	 6.63792518288421340422190e-01	-1.61468218637592031416972e-01	 7.08142264443733293610705e-01
-3.22888624301583215814304e-01	 3.74825902137375155387389e-01	-2.45246510687762125924039e-01	 8.33728150165874759558449e-01
-6.08156280558003303760017e-01	 1.70129230840745687691751e-01	-2.54393849661137871898120e-01	 7.32451877249268856751030e-01
-5.61304095139492420507565e-01	-1.48880226086221700843026e-01	-4.38319386034342950431153e-01	 6.86038269258084421053923e-01
-1.37639465720853865216000e-01	-4.70176093012299400886178e-01	-2.35358385724753649270724e-01	 8.39402316713985352514271e-01
 4.18313561301650524426599e-02	-7.20569358960283512516298e-01	-2.40700552838222808782476e-01	 6.48916928763036193750224e-01
 2.25875228745022332832448e-01	-6.16926556316800489554453e-01	-5.29900351495215526931304e-01	 5.36271967042586172880192e-01
 4.93893631485726347651877e-01	-3.62694143739757945965607e-01	-4.40462866531524888102922e-01	 6.56136039310109664413062e-01
 1.73464790964136167383813e-01	 2.07769825421679349419790e-01	-4.09979968839500941157894e-01	 8.71009811133247269232527e-01
-9.82496311099384372900190e-02	 3.28949054756879244454382e-01	-5.64438611295614678375898e-01	 7.50698730144120474072622e-01
-2.75652651460108033543150e-01	 7.89485992355087456973095e-02	-4.33387195632088884078570e-01	 8.54375955352160376676807e-01
-2.30585041501840060096384e-01	-2.66834281508947890326766e-01	-5.07803452210134675937070e-01	 7.85980698726544968479857e-01
 1.44417565750273091396139e-01	-3.68508859701627500271570e-01	-4.96522261354070348904344e-01	 7.72535067815055320750162e-01
 3.70028711103970175955169e-01	-1.90455014409392983654179e-02	-5.92187114537266023894801e-01	 7.15563025323154189294428e-01
 2.34722338844437911076213e-02	-3.11143549611372603747039e-02	-6.46478142123633858773246e-01	 7.61936324707124579269646e-01
-1.49775122702823476616985e-01	 5.46783036016594350958719e-02	 9.21476869753099725457446e-01	 3.54200612993015084839499e-01
 3.29839308954763127390564e-02	 2.58843885395107220492861e-01	 7.85760666747390312814048e-01	 5.60795932482524017714809e-01
-2.57676207934149970046889e-01	 3.86235676286871776330401e-01	 8.39484425802689115947430e-01	 2.82295719171632264465899e-01
-3.17999979060137549780052e-01	 2.98867911092660087923889e-01	 6.79467895134523769407053e-01	 5.89811295685596315152566e-01
-5.45888264186507043973506e-01	-3.89138976660794305706403e-02	 5.65677314795676511316458e-01	 6.16847539605557382280665e-01
-3.14756805777443415816919e-01	-3.21288587494531652222207e-01	 7.36112833233216079520389e-01	 5.05805984061000635243488e-01
 7.20058460176176834410811e-03	-2.66539824026988558802742e-01	 8.67962645999185489209538e-01	 4.18981525773091445508101e-01
 5.18788240686020141190227e-01	 2.90342673730513665952824e-02	 5.95646209872652043770813e-01	 6.12553153047438736500396e-01
 5.11126045997908451390401e-01	 4.33534675771641730968042e-01	 4.69189297933915394622773e-01	 5.75029784194176274425558e-01
 2.83177582725408438779624e-01	 5.99957975939195642389734e-01	 6.39223946098138373628217e-01	 3.88913397150910833399706e-01
-4.54600657190695339737729e-02	 5.73697221168409599023619e-01	 6.59555782230175857705490e-01	 4.83519442189457193670421e-01
-6.19841887035820104934203e-01	 3.13655282880683672352973e-01	 5.79295092750607643061755e-01	 4.26419504844673780130648e-01
-7.88023435575670783137525e-01	 1.64511557355828882953652e-02	 5.13850978642373945604049e-01	 3.38682146276940654328058e-01
-6.14457652824312861028488e-01	 2.21172927025689969315891e-01	 3.26318175938557608617430e-01	 6.83403817145220249251736e-01
-4.93319529067997808446933e-01	-4.42387906833701549658144e-01	 4.58084666311760924095609e-01	 5.92526134965764783579800e-01
-1.43508929561891901416359e-01	-6.08100751109314274778228e-01	 5.87293520647661715372578e-01	 5.14494882619411897373141e-01
 2.05406245454107738712679e-01	-5.00475777325934401140728e-01	 6.82693363340409864470359e-01	 4.91184326184588126995578e-01
 4.87738607428358339479502e-01	-4.41719349533742866587005e-01	 4.84531703455072237929357e-01	 5.76388840469920116227343e-01
 2.10301178040053410311927e-01	-5.02161764251565223560192e-02	 7.59657326964400581026382e-01	 6.13329027300604123773553e-01
 6.96093250838360155796636e-01	 1.68920643247597479508215e-01	 2.81624334857264235765228e-01	 6.38441646854515099107630e-01
 7.04432286007452446163768e-01	 5.12569455192005474231109e-01	 2.16765857587225690972232e-01	 4.40522724747498206632201e-01
 4.92167970299889845353647e-01	 7.37191138628065179005944e-01	 3.61609458592879684513122e-01	 2.89064895127907339755780e-01
 1.51918010808066966665919e-01	 8.27604853807528684228600e-01	 3.65952881052681089357748e-01	 3.97579693640886744354646e-01
-1.68365146834717205326371e-01	 7.41943646177071647329626e-01	 3.72642732016131961181316e-01	 5.31328709467453808024118e-01
-6.19171084564545504136390e-01	 5.49000724801846029521357e-01	 2.89192198077928841470907e-01	 4.81241358132349750231782e-01
-8.38395428193655423143582e-01	 2.67510372477880231656400e-01	 2.77879206699563174876033e-01	 3.85116155315178065876580e-01
-9.39093524365050003055444e-01	-8.45336930678693559970682e-02	 2.02741701166815946333344e-01	 2.64297578195340276963066e-01
-7.56553169987728701961771e-01	-2.57844761875696160124960e-01	 3.42551856753119221554726e-01	 4.93762701294635286686230e-01
-6.93234203841741170037949e-01	-5.78935079828831522519295e-01	 2.72659840660127494871290e-01	 3.31537514104642105916554e-01
-3.86703042784660000474872e-01	-7.35772809958487816750505e-01	 3.01222392198436383914384e-01	 4.67294553001774304323845e-01
-4.43713244242388005211808e-02	-8.14943773142541183496235e-01	 2.86975655436999432801315e-01	 5.01540432439441352663323e-01
 3.62573863210733371431616e-01	-7.35721855694606352571441e-01	 3.75990235163980335286737e-01	 4.31143697427045780035115e-01
 7.16957000707675207173963e-01	-3.88032653735748467305200e-01	 1.93675554425194268448607e-01	 5.45795839475843536092725e-01
 6.92605820479117784138623e-01	-2.14062347757154297633875e-01	 5.47753935948662618038441e-01	 4.17660285835141475985210e-01
 9.12418356248465123314872e-01	 1.39595996919874953956509e-01	-1.69061782586991782295627e-01	 3.45577508662390231464201e-01
 5.70882080010012726845048e-01	 5.70834793979834276278496e-01	-1.47162268976768567663171e-01	 5.71475769648242315490450e-01
 5.83211185259592479468438e-01	 7.62158464404793178914588e-01	-1.56426962894234862500031e-02	 2.80596675990692823177142e-01
 2.74161464928837528276517e-01	 9.17018875150147128039180e-01	 3.92067224858270099718816e-02	 2.87009941776155685921879e-01
 1.09607525514328445204182e-02	 8.50936210960632655186942e-01	 4.11787544369118241327499e-02	 5.23537713027908524487941e-01
-3.71200432051353668150284e-01	 7.50552289767883351601085e-01	 8.41102135152973356957418e-02	 5.40191606331944851326909e-01
-7.36764123770532575186110e-01	 3.68668005548856481112807e-01	-9.16354583458458930855794e-03	 5.66726174653160885696934e-01
-9.24756460844344263527717e-01	 1.65331449014933962171625e-01	-6.78723269506253806815366e-02	 3.35982659266177652312990e-01
-8.19858901564609943157791e-01	-3.34797121644220818659221e-01	 1.03135976159787431417902e-03	 4.64479499182749888674948e-01
-6.62020887833870919081392e-01	-6.18296483702131971504912e-01	-1.35206196619345964116121e-01	 4.01443752858309799158576e-01
-3.31411464878946571133156e-01	-7.60402413613221694888011e-01	-3.24192896436866051512737e-01	 4.54811583205455560730002e-01
-7.12887432111546648361156e-02	-9.04000304641852103770816e-01	-5.89352878581091768617206e-02	 4.17406272286239943269948e-01
 2.22146503275017725975715e-01	-7.95502228163490809897951e-01	 6.79028306639073153672115e-02	 5.59657343074700497354002e-01
 6.91330873338860341092982e-01	-6.98873898538404314528805e-01	 3.37078081593042699903862e-02	 1.80279453014913382258300e-01
 7.20693743937547481870354e-01	-4.39006379813101144105048e-01	-1.57697646481379211147456e-01	 5.12840499792001636159000e-01
 8.03887081301470018956934e-01	-7.87006896994888183183292e-02	-3.60382389863783464054037e-03	 5.89541155824371831961628e-01
 7.32176317628562278727600e-01	 3.56154956218294960201831e-01	-3.86400610156340085232785e-01	 4.33319807458453720716562e-01
 6.35606016976120291595009e-01	 6.46527016297483658746614e-01	-3.53935323773762744448135e-01	 2.29646674189692895362569e-01
 3.39233180797432309905304e-01	 7.80887275358412291659249e-01	-2.61310723658260635193784e-01	 4.54810529705027777325199e-01
 1.09432915820607493812000e-02	 8.05791792316869925905110e-01	-3.33226010015836737743200e-01	 4.89428501471912691389576e-01
-3.24006997290045672954761e-01	 8.29848965241662073211160e-01	-2.29653030542433383986989e-01	 3.91956178873489879954661e-01
-5.25565487533376063389312e-01	 5.70869815203621566723768e-01	-2.66015292444998052712180e-01	 5.71947931711086710038217e-01
-7.57477984241330837278383e-01	 3.49374930901664992877187e-01	-3.40530135941587985826118e-01	 4.33824258845388388561304e-01
-8.13296135295476729787367e-01	-3.13811949211541749149568e-02	-2.44391893042180952111408e-01	 5.27102665079604237874378e-01
-7.44596999927285341236427e-01	-3.47572696646887613347587e-01	-3.73733904640308700617624e-01	 4.30222613035630252475983e-01
-5.55079656912506047561351e-01	-5.96209889727089659139381e-01	-4.94104070572776554737260e-01	 3.03778717682656129728258e-01
-2.42642521659698975899921e-02	-8.10599686106293737530848e-01	-4.77453786437644245310707e-01	 3.38197097514985445254609e-01
 2.44414872802737798140882e-01	-8.62759411993700209286828e-01	-2.53521357521873380580502e-01	 3.62814674798818737055939e-01
 3.88095198377900352237901e-01	-6.17602672092949722681965e-01	-2.01369972571936783900526e-01	 6.53757746084927093832562e-01
 7.38272098549780153575739e-01	-3.36979566044846634564891e-01	-4.58359538806602129223933e-01	 3.62361164801265123180940e-01
 7.07894942973627427917904e-01	-6.14249225081408764537194e-02	-3.46832723945860121883555e-01	 6.12224460641298207086436e-01
 5.61714735432855993835233e-01	 2.09095089146221713161111e-01	-6.38405714083910447165238e-01	 4.82901588232574063841440e-01
 4.34251168239008611404728e-01	 5.25426603678093351312839e-01	-4.89316648440393298091777e-01	 5.43987154801858108221779e-01
 7.58630654248242247694733e-02	 6.01190438078728628390479e-01	-6.53142189084647606378553e-01	 4.54114669774903612076145e-01
-2.38365944240701788103820e-01	 6.08163857628599924254331e-01	-4.82570036134325697219083e-01	 5.83476271262040713239116e-01
-4.51821600454307359395756e-01	 3.18463686452018723826995e-01	-5.30509844342618941404055e-01	 6.42648758522000762560822e-01
-6.69530398690465045064002e-01	 1.07604965261076004900964e-01	-5.61547606597531778760413e-01	 4.74146076863589838179536e-01
-6.22719144562213777760462e-01	-1.84694654890371595667986e-01	-6.77046353567346548274486e-01	 3.46001425678841512123540e-01
-4.26211489524426001551660e-01	-3.98823614443712781696405e-01	-6.11473162241058298960183e-01	 5.34213499097826671757616e-01
-1.37252862262968206019664e-01	-5.82678757051278584100373e-01	-5.07301701006114158509774e-01	 6.19912979407676756338219e-01
 3.13432080435195548062666e-01	-7.40330239219251784454912e-01	-5.60177277799508877009771e-01	 1.99681960348857351350560e-01
 4.75709294678533733957693e-01	-4.77689554811777938869710e-01	-6.51436455256708013550337e-01	 3.48057324219376851281993e-01
 5.68997232397601915288021e-01	-1.40485457001508329266670e-01	-6.73376410747027920322694e-01	 4.50633105024915769920568e-01
 2.15202235701549032809154e-01	 3.04363508008667349447052e-01	-6.82876723436405819178674e-01	 6.28275603004343374813345e-01
-2.22149601894235965149349e-01	 3.88170342639051813016238e-01	-7.58807162350756847501998e-01	 4.73481815742596123808283e-01
-3.55599116033145479232047e-01	 3.54544506156415474909527e-03	-6.94260792711248964081960e-01	 6.25730493263440878948245e-01
-8.11809898896217740915660e-02	-3.20967653663720264844983e-01	-7.58075468632664284385214e-01	 5.61881656614196312027332e-01
 2.55624074083684371672121e-01	-2.71080660407884532769884e-01	-7.46269298364053645933325e-01	 5.51592007393968297712661e-01
 2.94612922980419300600374e-01	 6.05422796741315605295597e-02	-8.49992536659846753543945e-01	 4.32493405276140385762318e-01
-6.28619120524367275271160e-02	 8.67757239462445817412828e-02	-8.42298057744069295083023e-01	 5.28254044629367203178560e-01
-5.60790881314130185142375e-02	 1.68569712419953776638692e-01	 9.83351988197528337209974e-01	 3.81871082562092595269476e-02
 2.17095996992749090681585e-01	 2.91304052209449652888207e-02	 9.26497502212890955419766e-01	 3.05978963287775962420767e-01
 1.19357919007807261602139e-01	 3.81262949039974152753985e-01	 8.80786224508631199192621e-01	 2.54180797023101090470476e-01
-2.58745284892373972329693e-01	 4.27982860110888652105388e-01	 8.63688355397857154827079e-01	-6.26416295079621487928989e-02
-4.85101856932961594814913e-01	 6.65564107980254615615223e-02	 7.94101316303749915626042e-01	 3.60068787909378296152596e-01
-3.42531127104893640122896e-01	-2.21245549638644845025226e-01	 8.92672105053623043957600e-01	 1.91987881358377798779458e-01
-1.62613994387509957703641e-03	-1.83963545642852971395698e-01	 9.79083983971405280577471e-01	 8.68868337210756264132883e-02
 3.63268482920622193255156e-01	-1.78565917243039218309519e-01	 9.13138733103635580334867e-01	 4.82480737604042558830386e-02
 5.94203052563432865262882e-01	 3.74163140128155602415205e-02	 7.64287961542431726336133e-01	 2.47763321763547567089248e-01
 4.09905849684032375090936e-01	 2.82156586584139834616991e-01	 7.61022976869287326451285e-01	 4.16183713904096141966704e-01
 3.79746941886086486483975e-01	 5.29446792044894087858609e-01	 7.56646968881876547108334e-01	 5.44400496271304767947896e-02
-1.46789911885907408545249e-02	 6.34454006538587633734494e-01	 7.66272548990698409987488e-01	 1.00394329860390957298577e-01
-3.85076704574659200996933e-01	 5.95623553576076880666790e-01	 5.97280796780537137635747e-01	 3.74438464659459679939602e-01
-5.68673851220042436693802e-01	 3.23703513468080461557008e-01	 7.50763344878619176547829e-01	 9.04460407848406561237553e-02
-6.91505862518613123590683e-01	-4.40960323333415074587016e-02	 7.18364271627512707141250e-01	 6.18704718255748548072503e-02
-6.08083358021186182185147e-01	-2.63626001749383553907080e-01	 6.65060175066140568667095e-01	 3.44137943912476262919853e-01
-4.87688368786059478487971e-01	-5.84604959766073739579895e-01	 5.85313933487979332070950e-01	 2.78934930104727862865133e-01
-1.74607386830812949529701e-01	-5.41256329122641210993550e-01	 7.88598662266381422725203e-01	 2.33807605779777355481386e-01
 1.79958958527145551631321e-01	-4.68819507517647948713346e-01	 8.49166969532817450527773e-01	 1.63519113473582333728729e-01
 4.13145845110500342656223e-01	-2.48778037831201864760189e-01	 7.80338638881440838090953e-01	 3.98110044120275674561782e-01
 8.69490520045767212309329e-01	-9.51887910016847027527831e-02	 2.81057950043443416365818e-01	 3.94881954937872592381609e-01
 7.49354416314741311744285e-01	 1.75650102325990292717606e-01	 5.14553145097441988475850e-01	 3.77955104705298972067595e-01
 6.20881478676629350310634e-01	 4.80758464124461770694552e-01	 5.63725077364537141555445e-01	 2.56108425787512139493174e-01
 2.49028256157337674059349e-01	 7.94727705815786999998807e-01	 5.46782066629727281359408e-01	 8.61520333836411911221376e-02
-1.34122096622315140068693e-01	 8.21283120601998595233795e-01	 5.09323664470284653837950e-01	 2.19305047416693960071754e-01
-4.65489521750066193028772e-01	 7.87580835873667672863974e-01	 3.10903681079956584198953e-01	 2.57633136836786957868384e-01
-6.53506111647819687426875e-01	 5.48786418574548018334269e-01	 4.97178186722928572294222e-01	 1.56770786417524843336935e-01
-8.29594500568621495695254e-01	 2.54862343657832168819510e-01	 4.91925532635645978984940e-01	 6.94796427212485273594567e-02
-8.12908608645596775232889e-01	-3.24444576256389893842424e-01	 4.60058417503036665152649e-01	 1.49203094513127909603867e-01
-6.75264517494303051492466e-01	-5.93786758248777579716204e-01	 4.36286212589375221870824e-01	-3.30069363318110028937546e-02
-4.83136313266536998600742e-01	-8.11413595632484940800566e-01	 3.09595754442021420249631e-01	 1.11075417881079829829361e-01
-2.01474271771274748843439e-01	-8.08144254415216312104064e-01	 5.05721187295665952632362e-01	 2.24848977294028945506099e-01
 1.24579667544079855656669e-01	-7.42324963237036117291723e-01	 6.05525921712703807386902e-01	 2.58402619034172942313887e-01
 4.60642233056063665763702e-01	-5.72979548185119091918693e-01	 6.36753038885502276045258e-01	 2.32483844507049647321040e-01
 8.54647686430759723208439e-01	-2.98478219660288313086483e-01	 4.09227966213660587779799e-01	 1.14107651520858041638284e-01
 9.85503101650767043828694e-01	-2.38583009065489563826912e-02	 1.33388058993507863103645e-01	 1.02088411842456205924634e-01
 8.92886015840829827538982e-01	 2.29462488974198436375573e-01	 1.61678995072736531035673e-01	 3.52081569273265948538665e-01
 7.58479511971210884624384e-01	 6.20492665595887227247829e-01	 1.82318901751778200681642e-01	 8.03585709532587677550453e-02
 4.45154127416735989619667e-01	 8.71212353752280455054802e-01	 2.06912011834273545929364e-01	-3.77582731988037592282814e-03
 7.95947619702994241253080e-02	 9.57505272554413200403189e-01	 2.65493028097821881505780e-01	 7.97607605833821758922753e-02
-1.93263378916032263488134e-01	 9.34565660011912990867700e-01	 1.35479648567476129716880e-01	 2.66235907271143157348803e-01
-4.72039716820373378425302e-01	 8.74523396053433321739590e-01	-2.49839167162201197802673e-02	 1.08458007564350103479889e-01
-6.44738410720503640760626e-01	 6.77680319677718134840916e-01	-2.74992579092096095516595e-02	 3.52569931896564159323759e-01
-8.07401847430029517838079e-01	 5.36254042742193570703080e-01	 1.77954787555339333238180e-01	 1.69899829297627119606418e-01
-9.61751877348378414467334e-01	 2.22001667372854372128899e-01	 1.48395607678621033187483e-01	 6.10518609236033668596910e-02
-8.92110317834835853112452e-01	-4.18669578211108894816306e-01	 1.03156881215257484329939e-01	 1.34957856203711895615172e-01
-7.07155856718974407115752e-01	-7.01792081750388763161652e-01	 5.16718304058828986624619e-02	 6.89092899616193382827944e-02
-4.33690586450758308600939e-01	-8.38033108097663625990492e-01	 3.70402446864482237307015e-03	 3.31057797308721701856626e-01
-1.81870157680451866033522e-01	-9.55439925548390855958303e-01	 1.74150039180089949431007e-01	 1.54044014057496042591211e-01
 1.48378337525395170848341e-01	-9.18475299137108458502610e-01	 2.95698695410344214451470e-01	 2.16677814648430333566154e-01
 5.11931233676667152288076e-01	-7.86279083627767771957906e-01	 3.32090026511304481360298e-01	 9.69939633558947467140143e-02
 6.85696065836452484099084e-01	-5.53480684583883664195980e-01	 3.70380036878232787866949e-01	 2.93766344857687822234027e-01
 8.82501931927818561440802e-01	-3.92270074557624359723462e-01	 1.00213080814499491677516e-01	 2.39315413594466175339903e-01
 9.72996195925885043465087e-01	 1.05570604495857332805198e-02	-2.30250150282512028310222e-01	 1.23215049121986643110294e-02
 8.69669335934700193924130e-01	 3.25232407239280540967030e-01	-3.59928860439143349925217e-01	 9.13802103259788167655131e-02
 8.22569345213820746209876e-01	 4.88810431265404354839177e-01	-8.50688685110038977921221e-02	 2.77862056083397979122651e-01
 5.64962861466308918778623e-01	 8.12839698323237436206057e-01	-1.32276867245480378443290e-01	-5.11020585232141236198267e-02
 2.01954709785259561849458e-01	 9.75756234640632880150690e-01	-3.97353604038752292182402e-02	-7.43987022001061371057062e-02
-1.46245026178055403942579e-02	 9.64810297481036416300526e-01	-1.58616262399028734586537e-01	 2.09208257724924295839486e-01
-2.82413810270950582648197e-01	 8.86848922453167154422715e-01	-3.58705774437655444675244e-01	 7.12151381167067942801197e-02
-5.99845217661823526533738e-01	 6.84718802487954358859668e-01	-3.54722601224603584224582e-01	 2.13348898633558131665566e-01
-8.45074258796595589871004e-01	 4.73474609673756208216844e-01	-1.75076613564177280268908e-01	 1.76123452432004529155662e-01
-9.55794574239172245455620e-01	 1.60530354101887540174687e-01	-2.43648397017068446546162e-01	 3.63620117415859797627142e-02
-9.42713038146365089886558e-01	-1.94664945537897010607864e-01	-1.64142721785319994909358e-01	 2.15533880335516125903439e-01
-8.09484529680970399390105e-01	-5.15613694075219730628135e-01	-2.63296561721674982070596e-01	 9.77355374202642512848627e-02
-5.43681265615695963333565e-01	-7.86030971857455074136567e-01	-2.71042275462718584844168e-01	 1.14464307150008132163421e-01
-2.11173672315277838329450e-01	-9.36830146737597568851186e-01	-2.39948232986709447667195e-01	 1.42055629142413569754311e-01
 9.55839925671752577152063e-02	-9.89089035756731349557924e-01	-5.53001716890103023338554e-02	 9.75113876524357492403539e-02
 3.94691233912897176949741e-01	-8.88482866560305950542897e-01	 3.17142293751987852656882e-02	 2.31972484049797700311757e-01
 5.48479442050636700756172e-01	-6.75424866559974357294038e-01	-3.23327703761774276625118e-01	 3.72062827033824539135765e-01
 7.99514337391570628632564e-01	-5.30278746853103499780957e-01	-2.28077447095740071247860e-01	 1.66017929957911702931739e-01
 9.13954215516795231977198e-01	-1.95878993492654362995609e-01	-1.76592534614724766539595e-01	 3.08438305931237222168306e-01
 8.14902378775493207996306e-01	 2.25630733523017705521863e-02	-4.98149578174492013715735e-01	 2.95418378831644401483203e-01
 6.53385632124134474452148e-01	 4.03856038217439150539434e-01	-6.25304488165894123419264e-01	 1.37774501300671259329533e-01
 5.41575148056694266607280e-01	 6.75640505029707627571156e-01	-4.91043309234101887916779e-01	-9.53033862304674544985161e-02
 3.25281919709506484039707e-01	 8.87396810764373156210638e-01	-3.05152726472697644055643e-01	 1.16620694911308997454569e-01
 4.10131755580297741037299e-02	 8.40714822886308832394775e-01	-5.05878420878771217772396e-01	 1.88688975033226569166800e-01
-2.60853805700309082649113e-01	 7.08484259843010777402128e-01	-5.98358676933383515361697e-01	 2.68276423386210882693348e-01
-5.28849035855046278875591e-01	 4.81625288070735013690182e-01	-6.09431388844720589581527e-01	 3.41978305535255544533868e-01
-7.60200156931527093462364e-01	 3.28007088473360131075651e-01	-5.44689416494093303633406e-01	 1.33493486252457910223868e-01
-8.61655743447703792448067e-01	-1.71448498728037392047074e-02	-4.52342414248496360595908e-01	 2.29437952785204291039634e-01
-7.57225640437799607518343e-01	-3.35820923254389613887838e-01	-5.55825800921120660724739e-01	 6.99379439112161466196582e-02
-2.85153197415767278855014e-01	-7.80760768206118838108409e-01	-5.49350955928857520582653e-01	 8.55207814148481876292962e-02
 1.07275357956066519360405e-01	-9.06448517073894732831718e-01	-4.08304147411854834182066e-01	 1.14370746352945133750278e-02
 4.85317533542104551091967e-01	-8.30253612948568697760265e-01	-2.70053737087939893513067e-01	 4.70830001942810008608298e-02
 6.27853228711671151884843e-01	-5.89678948128963376085210e-01	-5.05715380411702386531658e-01	 4.82805897322760926848595e-02
 8.52363533166737852297956e-01	-2.81703065588772394445272e-01	-4.40218483568247942461227e-01	 1.80963225622099953271427e-02
 5.98242469991164482756574e-01	 7.42057295589880483444034e-02	-7.78530194889613169628717e-01	 1.74614410758763521913650e-01
 3.75522565651842998857290e-01	 4.14907135786351299877595e-01	-7.70980474587857900203858e-01	 3.04013123341912494534967e-01
 3.63487916172910208167934e-01	 6.90977024477613999131620e-01	-5.79678025036294508609558e-01	 2.33239520086882867744293e-01
 6.89405969704948162757319e-02	 6.15960868774142578097042e-01	-7.78176030647535044160179e-01	 1.01397571736221506211173e-01
-2.59737834612574658432749e-01	 4.70765583778266327730222e-01	-8.32842745590035016256536e-01	 1.31487579332540932552931e-01
-4.77839234434965121067762e-01	 1.69556391584265442329382e-01	-8.00821730055975455897510e-01	 3.18755161178112311759492e-01
-7.11969428655671143779671e-01	 5.02176847136353785017171e-03	-7.01017856999044064458815e-01	 4.05989983817959185219415e-02
-4.65629597029295572152563e-01	-4.35289196991977100914539e-01	-7.55865214159293308249232e-01	 1.49600038022526804493140e-01
-2.01571718496575458257070e-01	-5.93600022290103779276649e-01	-7.05276682251008590895935e-01	 3.31047817259887466878610e-01
 4.36823461814581578965822e-02	-6.87515539560889954451284e-01	-7.24015203092582493304974e-01	 3.48743628642624800550998e-02
 3.96123132036045544346337e-01	-5.03412986039675880434174e-01	-7.67736775510120095233901e-01	-1.55587043771042987660991e-02
 6.46688902833399525960090e-01	-2.62989482597201895686112e-01	-7.10368682245224314364407e-01	 8.94780994465888268596387e-02
 3.07778690223815931670259e-01	 1.78032811373113525332812e-01	-9.30481958388551300132008e-01	 8.82038606417204773535445e-02
 6.00533534906369098615997e-02	 3.33082458261164671142751e-01	-8.90031282282405133976511e-01	 3.05440644466262400946732e-01
-1.90869801498061902877978e-01	 1.25326054986499041410397e-01	-9.56940744460309744567894e-01	 1.79238696740853964417539e-01
-3.09391554886203679064494e-01	-1.72547524496414861339133e-01	-8.58550587861729441740977e-01	 3.70668457840069076603129e-01
-1.44893858703759953465706e-01	-3.77961828684292677760226e-01	-9.05917098743792892356907e-01	 1.24357693654993939347264e-01
 1.37959035860452161603718e-01	-4.99290689636246398652730e-01	-7.99623047684696608428112e-01	 3.03774741014544213957294e-01
 3.54079491452978678545094e-01	-2.22224052532928234571230e-01	-8.87424910272709310810058e-01	 1.94219496538623498382847e-01
 4.23328748249738803788311e-02	-1.37615406025088010677493e-01	-9.45324969560609185137423e-01	 2.92627117094155952958801e-01
 1.70313775949484103033882e-01	 2.64536767890976472206166e-02	 9.65400802539014613046220e-01	-1.95690345094472029074950e-01
 3.83927777478029308433349e-01	 2.06753360647054656995536e-01	 8.99066035745647584853657e-01	 3.91506438074270823879175e-02
 1.22884205431120233087405e-01	 3.93029335551486558308909e-01	 9.00185745072723086934730e-01	-1.41749912943131911591266e-01
-1.24486207037217869175727e-01	 2.04707447337139747389756e-01	 8.97048821493676373783899e-01	-3.71350854474586544728965e-01
-3.93565996849084442921196e-01	 7.97541357855663241016586e-02	 9.15688512392690556751518e-01	 1.61131071288350170844783e-02
-1.97780000502823766206362e-01	-1.06320473069062546023211e-01	 9.50637877531185782054024e-01	-2.14165016308631078745250e-01
 1.25001925659169038640428e-01	-3.63715886388685794017306e-01	 9.00474883742000686837059e-01	-2.03052348717818798018442e-01
 4.00286669932323424525578e-01	-1.94914977578581061212759e-01	 8.29731519542460826954766e-01	-3.36636805575075970242693e-01
 6.14762396924132592523904e-01	-2.14783994588503279743463e-02	 7.79310835294770631875849e-01	-1.19501027932600839553956e-01
 6.68532555161864272541550e-01	 3.07060033455375913646890e-01	 6.77139102129074688107835e-01	-1.61553369188937173683840e-02
 5.05785357650542444218900e-01	 4.79067270080245966035193e-01	 6.52157031003079201703088e-01	-2.98943020720374652565710e-01
 1.93373327804823524900257e-01	 6.40975629629250254204464e-01	 7.01186841966969232053941e-01	-2.45140798251663821760715e-01
-1.53578894619895489626060e-01	 5.56960954357477500131779e-01	 7.45028419847138301257417e-01	-3.33377671820737520036460e-01
-4.41916351952016839277348e-01	 2.49968696645294113922731e-01	 8.07053704078707689895111e-01	-3.01479530495375014353954e-01
-5.29101757260281413408620e-01	-1.00489663066163623095228e-01	 8.04148282849557194396084e-01	-2.51592323553481933551268e-01
-5.46862598475924777119417e-01	-3.90714689367288370291931e-01	 7.40372203930877881283834e-01	 1.15034580590961301588271e-02
-2.11294103628396345850859e-01	-4.22819843561313468693896e-01	 8.77150964157837886858715e-01	-8.47606497121994872934181e-02
 1.05314303270586558103350e-02	-6.64926827191146041506897e-01	 7.43285141924702630333854e-01	-7.27227698231925900884676e-02
 4.19684236465724225251250e-01	-4.86625801731617790846229e-01	 7.59706744872486572361936e-01	-9.95295561453641980387275e-02
 6.43661998078101205145174e-01	-2.91595034297245703225343e-01	 7.00291371124974637574212e-01	 1.01309248004305477164344e-01
 8.50721492105217080847979e-01	 2.27070702622005800297433e-02	 5.22362719775656736409530e-01	 5.38007511003277122396682e-02
 8.58994892573613610942118e-01	 3.40069856453102004056888e-01	 3.68220915916023239233823e-01	 1.04372526779692845200209e-01
 5.72342986705988709950077e-01	 6.63797947097095164536995e-01	 4.78878892152435176043923e-01	-4.97071186954862048734682e-02
 3.19513609132120790512488e-01	 8.07274219136434934007696e-01	 4.19747312088126212081818e-01	-2.64634810053059388312846e-01
-4.36437683703111839461641e-02	 8.23208813645229908750878e-01	 5.50238246336680170145428e-01	-1.32892222825817557518846e-01
-3.64509092840668902368861e-01	 6.76859081344129420720890e-01	 6.39300111421352568186194e-01	 1.70373934362054932356578e-02
-5.89012172948939261019063e-01	 4.96706289547300783304706e-01	 6.04295588810994321882220e-01	-2.02914670208183517408074e-01
-7.31727603041725460641942e-01	 1.46814068302503403229409e-01	 6.24906781493699936547159e-01	-2.29154661175513557624939e-01
-7.33152391226802313539679e-01	-2.90988962457238986569763e-01	 5.74460930646688350265094e-01	-2.18649569235848439952008e-01
-5.30369788581672829685942e-01	-5.98887801966679789167358e-01	 4.76017086281203205544443e-01	-3.65306749983769440959236e-01
-3.59075956242293159448309e-01	-6.85074284740962324846691e-01	 6.31478926323166489531502e-01	-5.45164896621428765599582e-02
-3.96961639971223356759822e-02	-8.84902629127301554312623e-01	 4.58124102532069643611834e-01	-7.41205653424777954896285e-02
 3.00854297660966663041648e-01	-7.70865568120006283692192e-01	 5.58268195141379042212293e-01	-5.99131851893520556151529e-02
 6.75244413392819931019062e-01	-5.41110409997915819957370e-01	 4.96243533074047726838529e-01	-7.06177191352166527815726e-02
 7.66021260981918583610195e-01	-2.08352032102404244318095e-01	 5.60373443789389025226910e-01	-2.36183111034829668062329e-01
 9.24481239556792511180561e-01	 1.45413467290620657124123e-01	 2.86964997043635816620366e-01	-2.04549386969997748497718e-01
 9.51090559801716861620946e-01	 3.08272677947493523031852e-01	 1.80990129538827169974891e-02	-8.19321775820878138441028e-03
 6.83614085466905274657279e-01	 6.78633567374867352484102e-01	 1.04304737181434126203072e-01	-2.47484919105831396857198e-01
 4.00138051645230086172944e-01	 8.43238378163403190512781e-01	 6.02986353001384242644711e-02	-3.53839867452572065520400e-01
 6.28601177714017828046522e-02	 9.34017578780236834568029e-01	 2.29345499897376126074988e-01	-2.66571584757438584389888e-01
-2.78389303315043523667782e-01	 9.10883006743152146000853e-01	 2.98156771693318889404622e-01	-6.24025906492491483357199e-02
-5.91023733613402324493791e-01	 7.41420593785027115529829e-01	 3.09795761629666821512785e-01	-7.08027929775830872083375e-02
-8.10170154923068874808223e-01	 4.70838880689161354275996e-01	 3.08245648418486450914600e-01	-1.64072205855760600012871e-01
-9.19879932903195696169973e-01	 1.67135911716292911988191e-01	 2.13546173601834199384797e-01	-2.83345244881207103393450e-01
-9.10171196903558410440382e-01	-5.57909679984422285370371e-02	 4.05730982463209599586662e-01	-6.21138477827558946331443e-02
-8.69337925540998535112180e-01	-3.82425035586225425809914e-01	 2.58545599065394149373986e-01	-1.76512992657379658156813e-01
-6.65346717791082453707929e-01	-6.76585909552849362746940e-01	 1.59503675450290260950936e-01	-2.72220185947012083271801e-01
-3.64955418624742955469031e-01	-8.42602741134308219628224e-01	 3.28154311958604727461619e-01	-2.21682003311868353057079e-01
-7.75771584246732620604448e-02	-9.65774421450924958065798e-01	 1.42306576275301938094842e-01	-2.02510221249906502416493e-01
 2.67615653698696442930327e-01	-9.33481520078727644573746e-01	 2.10798792949207114411081e-01	-1.12062404302622528606825e-01
 5.14100746448098111507363e-01	-7.26130815045543220875857e-01	 3.60415070436952922339202e-01	-2.80241750895061703108269e-01
 8.07116226529440927706105e-01	-5.57573519788346128045475e-01	 1.65414347584991711093139e-01	-1.01554224514506033494321e-01
 9.25008482801680131935029e-01	-2.22443964598688814771066e-01	 2.52542116004376371307671e-01	-1.76353250615302215020819e-01
 9.56482650887603758071975e-01	-1.38917723731101384193609e-03	-1.93679990407818782005567e-02	-2.91142386729898727804056e-01
 8.94592167419252737303736e-01	 2.04005968347086119596412e-01	-2.84245697655394813363472e-01	-2.78012233966941690876951e-01
 8.00648967792282229005707e-01	 5.62516091788708427756660e-01	-1.87960279640724009508901e-01	-8.48988228969704133985985e-02
 3.32247170610412256852584e-01	 8.52762948726231595486524e-01	-2.93786874326032565463152e-01	-2.75855838029319455628752e-01
 4.95881924901546006223541e-02	 8.99898504152397027411325e-01	-9.49750829102995325348147e-02	-4.22733281178592823490447e-01
-1.83538733474799986566950e-01	 9.76691980218124200519014e-01	-3.26441654900604880107373e-02	-1.06398625703169574796547e-01
-4.86497194645708674887175e-01	 8.31198743134683559752318e-01	 3.84069123207014737064746e-02	-2.66371991957051912347509e-01
-7.27955156004650327794536e-01	 6.80763455682677931513069e-01	-3.29230758308870774531130e-02	-7.45552099524752487358370e-02
-9.02155738087303982197795e-01	 3.91950109557361869860870e-01	-6.84437957293898280308753e-02	-1.66750060510566455729276e-01
-9.34981444502458125533906e-01	 8.16119200241946646245950e-02	-1.53718046982193073946021e-01	-3.09063027517109623065750e-01
-9.91003260159950327690126e-01	-1.06758402333512164572582e-01	 4.37328144719936959261553e-02	-6.78426327754454161489406e-02
-8.79194441061208920018544e-01	-4.22382155844540141398369e-01	-9.49121157036939278039966e-02	-1.99002863104619204248635e-01
-6.62098539312570677495273e-01	-6.93737161845173644358908e-01	-1.82146550794038741827308e-01	-2.17202459813415932332603e-01
-4.15920212306120584688784e-01	-9.07179342693629542360156e-01	-4.17928021540994645149913e-03	-6.33920405261338831826023e-02
-1.03298029074130284787891e-01	-9.51446221110998746617327e-01	-2.07506341997286819500701e-01	-2.02535734017248614247109e-01
 2.61882732981483845602355e-01	-9.33015672908058868451064e-01	-1.42536095332956719294870e-01	-2.01451358400248220492657e-01
 5.68433262491355617562760e-01	-8.11670480254688131438456e-01	 2.91723763343081921028954e-02	-1.31238828231460991080581e-01
 7.74795014855913843909718e-01	-5.66750639618791574037004e-01	-2.14960567377521699627962e-01	-1.79661770888659116929276e-01
 9.47132344691252847646012e-01	-3.05404808347814193947301e-01	-8.00851511929081549823195e-02	-5.70490423766595519672329e-02
 8.23759350335483087057753e-01	 6.24012703373834701214840e-02	-5.60935897567114039041769e-01	-5.36426417667882279860514e-02
 7.29515743625073431743999e-01	 4.14377943714143437414776e-01	-5.00558381083729186933340e-01	-2.13398703588449034640462e-01
 2.16471051145755488676059e-01	 7.69206957928883716668622e-01	-5.87664521417492369259605e-01	-1.26930493407982569742387e-01
-4.22194396693894354738452e-03	 9.29936405289903289528297e-01	-3.40387292349968950677663e-01	-1.39057356915374130679197e-01
-1.58276740718991365541868e-01	 7.51051618367631790285088e-01	-6.29478060277286588508616e-01	-1.20943422823563198620356e-01
-5.16256501826015679057491e-01	 7.88066401443999753340108e-01	-3.07939300658756409667660e-01	-1.32679909358069558766857e-01
-7.59409693929617657381925e-01	 5.15758049229588899642351e-01	-3.77830702359590542283030e-01	-1.20559162966037761166582e-01
-8.32924026621824964422558e-01	 1.61919014575347880446898e-01	-4.95457229259300913071229e-01	-1.85854600614917042644691e-01
-9.22156918054006902174535e-01	-1.81550068041054446510429e-01	-3.25378304411662044870468e-01	-1.03899712692654216938948e-01
-5.76963402434775174398851e-01	-6.07266948050066313058437e-01	-5.39809185683849834802572e-01	-8.33434407028223467328587e-02
-3.92018665944249999899540e-01	-8.17310418043849518099364e-01	-3.61690827894066091463543e-01	-2.17955938495797335585635e-01
-8.84886037381979739802063e-02	-7.93163324301186967169031e-01	-5.49904976668551204177504e-01	-2.46305145352497117938739e-01
 3.47346215126226098846018e-01	-7.41904026378611969327892e-01	-5.46224797153198937671448e-01	-1.74835618383772650741292e-01
 6.27515844825961011110849e-01	-4.88385902113333658647321e-01	-5.36139850547955543191847e-01	-2.83296903907758135243711e-01
 8.59522673801489611733473e-01	-2.01028537187622341475546e-01	-3.59180221933799836975254e-01	-3.02981630844065374930096e-01
 5.83910008021600868133305e-01	 1.89711370509813292972723e-01	-7.73875646568307540285048e-01	-1.55483703583321725139044e-01
 3.88313800466671743549796e-01	 4.92716888875437852846062e-01	-7.75757560966531034551963e-01	-6.81371146094278262728139e-02
 1.13689276601790692500238e-01	 5.54020649941932785687015e-01	-7.62365906046298946741047e-01	-3.14537904109958521559065e-01
-2.67173641686182739007904e-01	 4.79330206168677719347215e-01	-8.02436639225671211050894e-01	-2.34427469957439404968369e-01
-4.96171300270218162964397e-01	 6.14071026317331014610090e-01	-6.13594471396757157322099e-01	-1.52525439542035637363604e-02
-5.27980641064193512157487e-01	 2.92284442633340746375836e-01	-7.97214993350995104748336e-01	-1.59531072939924530029732e-02
-7.51870115753171641692632e-01	-1.71647735480852881018166e-01	-5.80757190827410396671837e-01	-2.60671189899962740810224e-01
-5.12226221224462152648016e-01	-3.41346705786585047359694e-01	-7.64003550325998315173592e-01	-1.93404497951895265606126e-01
-2.52481758914874510058013e-01	-5.79443737408425585400096e-01	-7.63743437148312387385829e-01	-1.31125431577129192284303e-01
 1.35861222045532803459622e-01	-5.89024298628810671907274e-01	-7.32022021002594391880791e-01	-3.14222635620684698221083e-01
 3.90719602081748107469394e-01	-3.54529454461759985228753e-01	-7.73028699418051190583867e-01	-3.52240952111141814029338e-01
 6.65461670040449759788714e-01	-1.71242547931445276976348e-01	-6.84387907357402069941088e-01	-2.43823599653270772780189e-01
 2.73053988304447603496783e-01	 2.23908116989468941593344e-01	-8.89552342736788181909446e-01	-2.89833235065885319592383e-01
 2.27226878346413578568797e-02	 3.53453357389583111558551e-01	-9.32540830296148648415056e-01	-7.01569913705740594300764e-02
-2.52569489910645206265372e-01	 1.47392110987208863059905e-01	-9.39100585599774717593391e-01	-1.80483540831764377454505e-01
-4.41558994029566276307008e-01	-9.60892996027106344181234e-02	-8.90464777392879880402177e-01	 5.35255221002732956003811e-02
-2.14828344020690592541811e-01	-2.10497133354573345842553e-01	-9.36204797526569265642138e-01	-1.81824961276141006116802e-01
 1.18929508593538554861446e-01	-3.68121841374189462392508e-01	-9.16679399687385543238349e-01	-1.00204591101156828547580e-01
 4.00448397481082019044862e-01	-1.03307525753579321214914e-01	-9.00347898726871820329620e-01	-1.35433737804187576125869e-01
 5.52288219718581399608759e-02	-1.77117329341189080893493e-02	-9.97375460517864076415151e-01	-4.33389258848234093512986e-02
 5.04148532279260624955342e-02	-1.20110677255161085730251e-01	 8.68489791943079625369251e-01	-4.78285739986024915904039e-01
 4.26051771411514346166172e-01	 1.88390330186561982817040e-01	 8.21785692256024935531400e-01	-3.28111638886210255083853e-01
 1.53946389157517460333224e-01	 3.51304692031235821225721e-01	 7.87391432868501328634636e-01	-4.82597403709851435760214e-01
-1.25824762087689889789033e-01	 1.31038692298495185184493e-01	 7.12896048025745354692617e-01	-6.77330211252643699104681e-01
-2.88602841464100201562815e-01	-1.36976030928877029468893e-01	 7.86141390844189102971029e-01	-5.29081922249648228806507e-01
-6.88208702770818636640371e-02	-4.37725520714791926923937e-01	 7.70029980875090336311928e-01	-4.59035820914639847156735e-01
 2.83677517226945008488315e-01	-3.34376240423629178533105e-01	 6.61141394588305786328419e-01	-6.08778820608885773424390e-01
 7.36310243238596062731460e-01	 1.67699098258237366820822e-01	 5.67454868083771546416472e-01	-3.28206049355161733060982e-01
 4.92170917322277301497735e-01	 2.74711433706742003124646e-01	 5.68168006642606249201322e-01	-5.99571957783802456098954e-01
 2.60489410044464408944265e-01	 5.68346592329865951676027e-01	 5.38200352787093327933121e-01	-5.65214825090039840738143e-01
-9.72141372882316806558478e-02	 4.60992786571972346099102e-01	 6.03091714133277334575212e-01	-6.43673400556290187246589e-01
-4.20871777443343808577936e-01	 4.46394471533375913896435e-01	 5.88420252958777201257590e-01	-5.26650290652200259167159e-01
-5.03091792121677428006876e-01	 1.16428154350426443786048e-01	 6.35533437920883903515801e-01	-5.73968973777167046357306e-01
-5.63019871905366509068358e-01	-2.38551760533945000908318e-01	 5.77364281563859993440246e-01	-5.41065770272032620091807e-01
-4.01537596862666490427074e-01	-4.28088046462156812665967e-01	 7.39322791301620041437559e-01	-3.30015140628351133500473e-01
-1.63115558916117703303073e-01	-7.08765755973095656905514e-01	 5.88185899908221121457075e-01	-3.53669004506367068429995e-01
 2.22897974643940843808565e-01	-6.15442489845008156024164e-01	 6.62054576555360707601494e-01	-3.65007907113131135901085e-01
 5.41964876702571429767374e-01	-4.37702420224367894086015e-01	 6.03032136751056935253246e-01	-3.88642388058677901163662e-01
 5.78283845682143859967539e-01	-7.31307686567720660608671e-02	 6.14488494561245657266113e-01	-5.31642337056215108503920e-01
 7.25802919556956305235929e-01	 3.25010518613930821096858e-01	 2.91330019643803006523797e-01	-5.31700201624226931329531e-01
 7.78054992184389782039489e-01	 4.57255242781273996133251e-01	 3.73497453237215226717893e-01	-2.14587335393544159645174e-01
 5.38543726203428052556887e-01	 6.21820083352601082893329e-01	 3.49028536872642014543544e-01	-4.48875839575749613352684e-01
-1.43624747207332925658108e-02	 7.46639102822830746930549e-01	 4.59957687365194767270538e-01	-4.80377659024102121598787e-01
-3.36842083814040071931828e-01	 7.38397099254820998837090e-01	 4.93196960957177632511872e-01	-3.13151548114463718075484e-01
-5.70173122453731862080417e-01	 6.36994903746069485173109e-01	 2.99263029788669476793928e-01	-4.23770860294338025386907e-01
-7.18373902234886507756073e-01	 3.09108303836290621013916e-01	 4.14887758912348858508778e-01	-4.65036708864969117183108e-01
-7.95935558775463070091405e-01	-4.91884209677298650520427e-02	 4.14053064364726830515195e-01	-4.38893091093573994854182e-01
-7.21523775656427890368150e-01	-3.82521830336705392916485e-01	 2.94677588544679902593515e-01	-4.96231406994601664806055e-01
-4.82087720472038183672225e-01	-6.22523968453549403356817e-01	 1.86430037205439047554023e-01	-5.87621629706137516002684e-01
-1.78385148193695414198245e-01	-7.72091261201848455542063e-01	 2.88658970201436215763380e-01	-5.37335856054571014972510e-01
 1.37793748806565752307307e-01	-8.29361030756250672268948e-01	 3.76857010070156817072018e-01	-3.88782660896475618095280e-01
 3.89806918144051939290051e-01	-6.01680708639346306654261e-01	 3.83242770872673554904964e-01	-5.82370904142820222659793e-01
 7.35443730332628664569938e-01	-4.29606384900851623331874e-01	 3.12165459588577554050914e-01	-4.20848665682453326741808e-01
 8.12057596486264077206840e-01	-6.57373017569610612609310e-02	 3.09371132256525738224440e-01	-4.90439160011699404329022e-01
 8.02958912210701147849079e-01	 1.29507532835862221309853e-01	 8.45213810466945159038943e-03	-5.81733053557759616225553e-01
 8.47921062402366643162566e-01	 3.99053414557559327224823e-01	 9.00501122301666789837782e-03	-3.48862657842979539957184e-01
 5.77628321037388037240135e-01	 5.67762361245466085080125e-01	 1.25674101290985298223779e-02	-5.86373161127918707258289e-01
 2.10094711185581900503294e-01	 7.47348579498581688795866e-01	 2.01462186932811565531765e-01	-5.97279917868957177518041e-01
-2.10347223980962227951608e-01	 8.54342477090038743270384e-01	 1.67693707330437841163118e-01	-4.44670437205952673309639e-01
-4.25630519813578522825281e-01	 6.82453083814773875381832e-01	-5.98111435589358635123158e-03	-5.94189090497284522207622e-01
-7.51781523637056858788696e-01	 4.96179386615533346560625e-01	 4.83558180930440950628935e-02	-4.31615884638564595299215e-01
-7.89072958631949372687586e-01	 1.66330394252648894326541e-01	 5.61540416881626744394218e-02	-5.88680549624042259715395e-01
-8.88962652014660403843038e-01	-1.58305086662491295568245e-01	 8.19146187944752579568330e-02	-4.21870712526478897075322e-01
-7.25014915344911914374393e-01	-4.50821440971484077575582e-01	-5.43084049525741074937457e-02	-5.17845534922637074082274e-01
-3.64701516641868672685689e-01	-8.39290038135372951089153e-01	-2.44001680883630623838942e-03	-4.03210964587791709234921e-01
 2.38071450017266102172631e-02	-8.72004381008908202588259e-01	-1.71252592088234935341351e-02	-4.88618772505895637703333e-01
 3.54004949325085971345572e-01	-8.15075381882406246880635e-01	 8.52609685729368432793862e-02	-4.50625326563651895650509e-01
 6.52465785830746214379872e-01	-6.23407372065712728215203e-01	 3.76706763132611810451778e-02	-4.29223213398914726912636e-01
 8.54736401946919466254826e-01	-3.19254147452567971221526e-01	-1.50343203364181002973377e-02	-4.08994427508725388875632e-01
 6.94823913283001970420116e-01	-1.95834510700101188662714e-01	 2.67851259356754224649766e-02	-6.91484729388550989348516e-01
 7.04708365493205701746149e-01	 3.34437227604827636007201e-01	-2.85478924042946946570964e-01	-5.56812036798031373407980e-01
 6.12826627709770255236776e-01	 6.32350914530061980478592e-01	-2.71567558055177848963524e-01	-3.88364399340120403092413e-01
 2.96255470909732865347763e-01	 7.25155067691054200373912e-01	-1.73863273572193555160936e-01	-5.96786717228856899986056e-01
 1.53306852924509746070869e-03	 7.74015491218439266596363e-01	-4.54419961427111052110206e-01	-4.40908343889459319875357e-01
-2.71572644673979179952283e-01	 8.46574156620771511860823e-01	-2.36131753555662515786651e-01	-3.92176351874176654099813e-01
-6.07549147817511681068936e-01	 6.22392444024978730432451e-01	-2.56649010200713401097516e-01	-4.21477121763237982943195e-01
-7.79965955120287102175780e-01	 3.14119875221340938420411e-01	-2.97447021263823441206142e-01	-4.52224592857914164945043e-01
-8.16725018433355431923815e-01	-1.58867263959863919131621e-01	-2.80083599116106751747424e-01	-4.78826288139143796396269e-01
-7.06575596723055032732930e-01	-4.58772128118366262494732e-01	-4.13048091650425885923426e-01	-3.45934003187234218046342e-01
-4.98822397978233744719745e-01	-6.33039945306901330468463e-01	-2.30538938533994069990385e-01	-5.45241635186363149401245e-01
-1.91300311418993146395096e-01	-7.79311218346497192044353e-01	-3.00203195664305089174206e-01	-5.15709469685435850649924e-01
 1.69462419567566108247192e-01	-8.07408311459272831633882e-01	-3.66542120666706994214223e-01	-4.30140884731904371562905e-01
 5.15275858557381782887319e-01	-7.39370506084344736308367e-01	-2.81976395269096069551296e-01	-3.29106907906199730451391e-01
 6.73279089322560753139157e-01	-4.41292645895912105657999e-01	-2.69286100297773778322608e-01	-5.28621854207320440721674e-01
 7.55958211078186281817182e-01	-5.73948888986414440527284e-02	-2.83614407728500994565479e-01	-5.87193219954550094108470e-01
 4.94263609180689733602065e-01	 3.91059282505041072575125e-01	-6.58139630595177993477307e-01	-4.11859622743434017344555e-01
 3.39085262403796050545424e-01	 6.36864345160984113292102e-01	-5.11834014598158915099191e-01	-4.66316343466054716859759e-01
-1.31705210149462653701491e-01	 5.23705044532843388971344e-01	-6.44865285752575512212559e-01	-5.40865535213316483975632e-01
-3.81666973045856450230673e-01	 6.62020748693812444152229e-01	-5.27773729726434548403802e-01	-3.70828451167849459935155e-01
-6.08041723845341608445381e-01	 3.91380359930529997392057e-01	-6.21414714838920523298782e-01	-3.01579886772141037010186e-01
-6.63567711015954797559857e-01	 7.15809548122820077376005e-02	-5.44472054188780529848657e-01	-5.08039606736185533897299e-01
-4.94264470859541282798943e-01	-2.56710905892788943116756e-01	-6.53253365564813281984868e-01	-5.12895880291396100147949e-01
-3.87460772204787695649486e-01	-5.82147617142678042156945e-01	-5.66701674796908805298301e-01	-4.35691994004882288127334e-01
-2.77337519740315854854806e-02	-5.96936878896356715173965e-01	-5.55837083982636537271560e-01	-5.77877441750929254915548e-01
 3.60401098504398942345972e-01	-5.43277242203352495053537e-01	-5.12475069421334583630312e-01	-5.58865090627729821370906e-01
 5.67501704503978632310179e-01	-2.29153779159741444182430e-01	-5.45107226855213955474255e-01	-5.72964634259485516842858e-01
 7.13670655438323975339188e-01	 9.90205554282717614889009e-02	-5.54555896280162441414063e-01	-4.16337462967020621729120e-01
-3.48386353936243065021472e-02	 2.39087388865874994614558e-01	-8.63013682503693035918957e-01	-4.43656256329856335529627e-01
-3.65471640214522719425361e-01	 2.52216463960492520701706e-01	-7.37615307509000506236418e-01	-5.08665895883117724629585e-01
-5.38223109584258230242426e-01	 3.07235773841026994779302e-02	-7.93975291840348762484325e-01	-2.81025233830002718615759e-01
-1.48315885275440290103077e-01	-4.07376277454614299511348e-01	-7.97036733987225964881418e-01	-4.20451437644301373453004e-01
 1.57576238070710111793815e-01	-3.10340863967375923948566e-01	-7.16725811281861635571033e-01	-6.04286677653762982487251e-01
 3.96527491340955773324595e-01	 3.91603219860398640145283e-03	-7.68217428308335836817378e-01	-5.02585909219503190747957e-01
 9.74740009237044235934633e-02	-1.11475128148784394244153e-01	-9.12615628208229501261428e-01	-3.81057515472712937665278e-01
 2.57877455590094117887645e-01	 4.41796352059507790865922e-02	 7.37215721589841388450282e-01	-6.22944907333078390365699e-01
 2.74750188203286005439452e-01	 1.79528279055889139481650e-01	 2.38492701568989662330722e-01	-9.14003918153426075932089e-01
 1.60740608439225107773041e-01	 2.77924344274809276278404e-01	 5.31741424133729490009159e-01	-7.83690993643692546122281e-01
-2.97692355518400619818209e-01	 2.57979966453984355112539e-01	 4.20399302275455688526762e-01	-8.17367741607544440185507e-01
-3.27389046668174255039219e-01	-1.05696439446860523947436e-01	 5.09940299446056899412838e-01	-7.88419663511017443369155e-01
-2.51358056292962407651803e-02	-2.49334395727618979288209e-01	 6.15604807736341075319331e-01	-7.47148761007078054952046e-01
 3.15175031297845187339135e-01	-6.70978990925836793479675e-02	 4.79773518438423862697562e-01	-8.16075941680049377069395e-01
 5.89011382965697771751934e-01	 7.57650837123394343963767e-02	 3.02084499354640212409606e-01	-7.45701145283118704831793e-01
 4.14795373933101563235226e-01	 4.49363632405875124131711e-01	 2.86579477590764797323430e-01	-7.37488526458886850534213e-01
 3.08755172297112030765920e-02	 5.17954722099132292001400e-01	 2.88794767061012480624527e-01	-8.04591319123680426272927e-01
-2.73028431873462207324366e-01	 6.19593200403749766458361e-01	 3.22375658869712256038298e-01	-6.61538869583999544765618e-01
-5.49102039236702643698607e-01	 3.90444891373579572313446e-01	 2.41613535447461363903088e-01	-6.98328459104272103452615e-01
-6.07026229540311157428789e-01	 3.42448828265001434245640e-02	 3.27330744304731413585330e-01	-7.23326363741280675689893e-01
-4.90328546680602384011394e-01	-3.19330238834681978676855e-01	 2.87029383462044040964400e-01	-7.58432757668913049009518e-01
-3.03671184711278685508518e-01	-4.84245410478144122645716e-01	 5.18323325646679045064502e-01	-6.36106220766208929617846e-01
 4.00866083491618271916757e-02	-5.82220782828737015712761e-01	 4.94446810427054850300976e-01	-6.44153999857072778745248e-01
 2.18049497123420560340534e-01	-3.71711298287488167702008e-01	 3.40992881962568716858186e-01	-8.35469318395663851362087e-01
 5.56196884163470128825679e-01	-2.82495000902586668178884e-01	 3.76538089430642708421715e-01	-6.84880038926392264997389e-01
 5.16751637538920283176935e-01	 2.39289370918392765852367e-02	-2.35529084366290775154340e-01	-8.22752211475651806793508e-01
 5.53204910383303438692337e-01	 2.72768948036501479581517e-01	-1.66664503891553639376710e-03	-7.87120480237413211455078e-01
 2.36462112435600391169288e-01	 5.13273825348915968547203e-01	-5.62278204091560315086573e-03	-8.24987293184752168428986e-01
-5.73934364245118899816589e-02	 7.10500197713250902786797e-01	-3.64514973944671250016825e-02	-7.00404705040248987124585e-01
-2.76712077611532436538511e-01	 4.60969922706164103587412e-01	 4.43431634165444080175611e-02	-8.42004061939368608769030e-01
-5.77078080647100755129486e-01	 4.01044353839631162461643e-01	-1.23299972232646715131210e-01	-7.00672128700321472649648e-01
-6.74525825980577198315302e-01	-1.51719050222275664285831e-01	 1.89124610910476990965901e-02	-7.22245497528610780335612e-01
-4.47179505723436121478187e-01	-4.09655166844402229830990e-01	-4.25798223019358962337932e-02	-7.93977388010114415450857e-01
-2.05175035197754151994332e-01	-6.50078625861075232172936e-01	 8.63366048582610984274410e-03	-7.31591720180588156452473e-01
 1.33145813262179057989698e-01	-6.74356981224901397276028e-01	 1.60643300791825871520757e-01	-7.08313902302289855050788e-01
 5.00577396917884831495371e-01	-4.82700868386167158963218e-01	 9.13556180958610547504506e-02	-7.12794705645656390124998e-01
 4.58378163542018934872857e-01	-3.32004938526253789987663e-01	-2.60866608687284118328620e-01	-7.82055491927535872953570e-01
 4.92668181059026266677137e-01	 1.75699455330461995483660e-01	-5.19867040929963830642180e-01	-6.75385833818931358152327e-01
 4.17748705192611591296981e-01	 4.40534147310645052275646e-01	-3.10249934865910126369215e-01	-7.31546760145158403432220e-01
 9.05397688610493911465227e-02	 5.64536215926496276473756e-01	-4.03122982381605932111768e-01	-7.14558095775101986824041e-01
-2.62325884892757266175778e-01	 6.05696086800721733567343e-01	-3.18027360293055616491387e-01	-6.80570333363536672521832e-01
-4.93076968145535698972992e-01	 3.89571233178004627806246e-01	-4.68302642686568515451029e-01	-6.21129610159869227636875e-01
-6.47382663525280510619098e-01	 7.01967264623281766988683e-02	-2.58189247853282621836257e-01	-7.13657073708263922640072e-01
-5.71864145176405158643718e-01	-3.02309957167939069577756e-01	-3.62864093818135224900345e-01	-6.70753113057495742310721e-01
-2.66129319100219807747720e-01	-4.81247621456221519320451e-01	-3.57175003576373384372999e-01	-7.54984721155468441189385e-01
 5.52567644101088148445022e-02	-6.47594736005137949774735e-01	-2.20240993900809145511488e-01	-7.27366243711478066558129e-01
 3.78691254806111987640804e-01	-6.53700404004941448832255e-01	-1.76390322356439005480055e-01	-6.30995379948332435482428e-01
 3.06364475738961639095237e-01	-1.09574662981628864755201e-01	-5.31287850579907128256707e-01	-7.82219547866093822818812e-01
 2.05735517377648946535373e-01	 3.46057477259361701005247e-01	-6.75317314577493110760997e-01	-6.17951166318246425390726e-01
-1.41145885767181789027802e-01	 2.79996801232106962142865e-01	-5.56774134948375465370418e-01	-7.69208809676068305805074e-01
-3.92547378011891490157126e-01	 1.10119607256753404556093e-02	-5.52095282677404375348829e-01	-7.35510769181745183153964e-01
-1.87801838629010647840900e-01	-2.79707460665005069877509e-01	-6.18445657696215844723042e-01	-7.09943078234158697625844e-01
 1.11401116761385324260836e-01	-3.86578726360915114756978e-01	-4.19140251779401062925956e-01	-8.13921451276343410619063e-01
 4.18427810046343440220085e-02	 2.52626227223609126082415e-02	-7.21916233724182898612298e-01	-6.90252079356865833048573e-01
-2.42953964488106105568122e-01	-6.38032888012601412386360e-02	-8.27717071590300945693741e-01	-5.01783779008081909367434e-01
-2.66432269172679654645197e-02	 9.47832930952119574741221e-03	 4.37068451392649215403452e-01	-8.98983575228250120225937e-01
 2.42066079845917825341672e-01	 1.91873780228471541020596e-01	-9.72761369407286746735508e-02	-9.46110891296974121367214e-01
-7.30091342635274670458401e-02	 2.35791005359271416130795e-01	 1.70190612546199299126570e-01	-9.53995504972064201076876e-01
-4.61236812645152260969894e-01	 1.37732046681804276566652e-01	 5.02302974870547092045570e-02	-8.75081369469230652136105e-01
-2.84680457586083845988867e-01	-1.18900598233335666464860e-01	 1.68579240054789025737847e-01	-9.36162766099401411068470e-01
-1.36093674862173913409080e-01	-4.28342958426085718137699e-01	 2.67986820631366806644280e-01	-8.52164236281474640755107e-01
 7.56922269242740197725539e-02	-1.36116563180547073264037e-01	 1.46078491468239229922332e-01	-9.76936048235258813754456e-01
 4.21672518095792758785478e-01	-1.31471616631361504223818e-01	 8.98746261639692262113144e-02	-8.92653377899269795392456e-01
 1.77231655805220073007789e-01	 2.06049601818382915885408e-01	-4.31456421510888865622491e-01	-8.60219656894705142491375e-01
-3.66198414293394530760750e-02	 3.97846208063433126600472e-01	-1.96075465669917348154883e-01	-8.95506445373545512111946e-01
-3.41435065918523850125865e-01	 2.44024864635604882279196e-01	-2.85067940421750265489464e-01	-8.61748356856274710935395e-01
-3.86726413223408171937479e-01	-1.25945212319984622961755e-01	-2.31109016854503329652104e-01	-8.83837715385339728335623e-01
-1.16929068086700907458386e-01	-3.37959866781665230206499e-01	-1.11568580116538446089791e-01	-9.27180227038990723009704e-01
 2.05131694999666963630247e-01	-4.32870251279508233555049e-01	-2.03013817966630413791584e-02	-8.77571756132183966592208e-01
 1.93638894468943778548464e-01	-1.31901145882149239962899e-01	-2.15171624083719287279237e-01	-9.48054449097200269136465e-01
-8.10137743526581355357763e-02	-6.46721359465116107934080e-02	-4.40176940536493144229269e-01	-8.91907250905151549602579e-01
-1.10925898650855059290876e-01	 5.32372025546547777974382e-02	-1.18915998433218636498587e-01	-9.85251354015454050561118e-01
