-4.62103463103317596560871e-02	-7.98686795107890826206365e-03	 9.98899801698954870055047e-01
 6.11734794845032250898420e-02	 1.05239956053200675589743e-01	 9.92563527970718673110184e-01
-3.90033379180579906422843e-03	 2.56646647394793425700499e-01	 9.66497431852420985087804e-01
-1.15542500018220889446141e-01	 1.42089850073906287519776e-01	 9.83087180872334598369378e-01
-2.26453343434473958195596e-01	 2.09970115732075676695523e-02	 9.73795670945575064791910e-01
-1.54142243500383746557247e-01	-1.23121599452028163135253e-01	 9.80347510078463435512219e-01
-1.07679961620418453843717e-02	-1.91230474516379977956149e-01	 9.81486095609557906982445e-01
 1.02024281644375353073073e-01	-7.64211901667211646049793e-02	 9.91842148554118896441878e-01
 2.13337409827980828413985e-01	 5.74338937734237761634226e-02	 9.75288930222173222617243e-01
 1.70008031831554468071843e-01	 2.24270166897347078549529e-01	 9.59583326945918524408796e-01
 1.04966428167218919775827e-01	 3.70098370099300133517772e-01	 9.23043468861384552859306e-01
-6.23194726625675154974004e-02	 4.03875270615704551335767e-01	 9.12688911465539320921891e-01
-1.76234199412411474128248e-01	 2.90350409147808297127824e-01	 9.40552043677098548180027e-01
-2.86159026082726586359684e-01	 1.66457331998911994830337e-01	 9.43612721626403971875163e-01
-3.83126310804077940819212e-01	 1.55008060375300092681439e-02	 9.23565890980088122219627e-01
-3.10952754034916623027129e-01	-1.33840813776359174314123e-01	 9.40954314154402893244367e-01
-1.87888255863153108560226e-01	-2.71069881343443008780980e-01	 9.44044025846863754658500e-01
-4.19153832131567080643286e-02	-3.41656778461174093219910e-01	 9.38889634824895957798674e-01
 1.27764479996299723518760e-01	-2.56707067924313359075228e-01	 9.58007160165818882902045e-01
 2.51242668810612468366372e-01	-1.01297460519174292725708e-01	 9.62608926751298721313788e-01
 3.73518279918747253542932e-01	 9.68153523848096046744427e-03	 9.27572294994824853020532e-01
 3.26381368649474867815741e-01	 1.68641517445420552334667e-01	 9.30072707261212827667407e-01
 4.30079354371743771690006e-01	 2.73053783027469132438370e-01	 8.60507629552214825530143e-01
 2.79870791515246686298468e-01	 3.32051692793198405251331e-01	 9.00785220443697576264697e-01
 2.10866589430312528774536e-01	 4.72108446589171892870951e-01	 8.55949120053982603906206e-01
 5.00709564246844679447079e-02	 5.16392201061109612503230e-01	 8.54887123546717253574911e-01
-1.12841121351480624945829e-01	 5.39679743257719057858424e-01	 8.34273729689136711584752e-01
-2.31531324445848396553771e-01	 4.30604436741752194528488e-01	 8.72337701156306377647809e-01
-3.42369459014712329558705e-01	 3.09471888366973535422488e-01	 8.87136012032288423512227e-01
-4.38573095633966014705862e-01	 1.65034813733570373539550e-01	 8.83412219771701812121023e-01
-5.25500229133605278875052e-01	 8.64187903282394309645298e-03	 8.50749567797310479733142e-01
-4.56587488583207468106906e-01	-1.42141480988853124989291e-01	 8.78250342813240769679339e-01
-3.49538130884749609350592e-01	-2.84541329155147071361398e-01	 8.92669774922517533788380e-01
-2.23116386744759309657127e-01	-4.07937403428690004147938e-01	 8.85328274059866027201338e-01
-7.83249855852567455904989e-02	-4.79919512780591028811017e-01	 8.73809165599394366275021e-01
 6.24920656234592836186792e-02	-5.49683267359579397215441e-01	 8.33032440736260149094505e-01
 9.65945865690387289737018e-02	-4.11490285405776312632753e-01	 9.06280988911402296537290e-01
 2.79439004325592432742553e-01	-2.49044078310263289344206e-01	 9.27303019471042655474946e-01
 4.10632379029211791454657e-01	-1.48194199384857810963823e-01	 8.99677458071219460222778e-01
 5.24209407099279878217146e-01	-4.24780919350149430147034e-02	 8.50529311202254945101231e-01
 4.82994782527436217201000e-01	 1.16661108905281488135053e-01	 8.67816930994241841901271e-01
 5.15567338114849005314966e-01	 3.79203474483660762928139e-01	 7.68371684023226197979284e-01
 3.82911915861251783699259e-01	 4.36485076129068672035061e-01	 8.14161681122408720234773e-01
 3.11141020813957669410854e-01	 5.64267376595483094448014e-01	 7.64717982577171828673102e-01
 1.60582986878108846529045e-01	 6.17533895122483023065740e-01	 7.69977267651558272554269e-01
 6.95894600370353024615389e-03	 6.49433329886566990118979e-01	 7.60386693139065261703990e-01
-1.49282070488434392974142e-01	 6.62680445125264361294626e-01	 7.33872939328919393631168e-01
-2.76362139191928202208715e-01	 5.61345677388240482663662e-01	 7.80073713503280918857286e-01
-3.91315755619676630683301e-01	 4.46077647456388282076745e-01	 8.04914102152258115197014e-01
-4.91168232197147947015736e-01	 3.11078397298560793693412e-01	 8.13623990805634522693879e-01
-5.74953572723607253536215e-01	 1.60734458439487803982360e-01	 8.02242371782072138941544e-01
-6.53433898235301180434931e-01	 2.50789314077293950047687e-03	 7.56979425816192486031753e-01
-5.90482999389373985898999e-01	-1.48904848448744742128724e-01	 7.93194284863793619422268e-01
-4.96703675868007565874507e-01	-2.93332107200787395306918e-01	 8.16848659951373679000142e-01
-3.84402005453927664291314e-01	-4.24268576628324123323210e-01	 8.19897111282125612419236e-01
-2.54920731523018306852180e-01	-5.35766993011301817517733e-01	 8.04965309711789256397196e-01
-1.11068221787924303889383e-01	-6.07064764032367087942532e-01	 7.86852096889367857990294e-01
 3.18515494408552132798995e-02	-6.72043164763688305463063e-01	 7.39826644216483475524626e-01
 2.22279011043885005305398e-01	-5.31137563475339358198823e-01	 8.17609277047926186199334e-01
 2.53008242986231812743370e-01	-3.94568728657908762702533e-01	 8.83347240526794030834878e-01
 4.13841847623018899149372e-01	-3.13365014545336606488490e-01	 8.54714743534336740538038e-01
 5.41326911147205103169711e-01	-2.09462348729971575833630e-01	 8.14303812917727687370473e-01
 6.50143602128393283123842e-01	-9.82083984255244513139615e-02	 7.53437726086377157486140e-01
 6.24093269781368920057218e-01	 6.74359005648250686704159e-02	 7.78434319598391377681423e-01
 5.78907299781185491482915e-01	 2.24382256737180346695126e-01	 7.83912585127695682452043e-01
 6.55304582700210080936642e-01	 3.32009353447699162575901e-01	 6.78487798796223451347487e-01
 5.71998405336018311828639e-01	 4.78716144859453796023274e-01	 6.66069573651247526235863e-01
 4.50527265381350794370974e-01	 5.66753177346149383808438e-01	 6.89794186055555313963339e-01
 3.16192038699325328465761e-01	 6.80730497995216787820993e-01	 6.60778770665605197365267e-01
 1.63064838279725038416856e-01	 7.32449642603792971939924e-01	 6.61004825675564289255703e-01
 7.30740861574470657036073e-03	 7.60825680106489432574790e-01	 6.48915161072555535248796e-01
-1.50512672598212382535365e-01	 7.69589126448758209519951e-01	 6.20546945717389442087608e-01
-3.00076243587910629351256e-01	 6.83051076536410617379147e-01	 6.65879474737447796250933e-01
-4.24356900580546259060810e-01	 5.75546420990870943867890e-01	 6.99047593668894462481944e-01
-5.32042370768359140775772e-01	 4.50182192884015508482776e-01	 7.17124054064095073357521e-01
-6.21700137051639734053765e-01	 3.09473105811194637571049e-01	 7.19524382053551625482157e-01
-6.94551706683789404905838e-01	 1.56215569099447060263941e-01	 7.02278166194544084532936e-01
-7.65011142364910634583453e-01	-2.62795486959706931992531e-03	 6.44011681501770461011347e-01
-7.09833183841944825864800e-01	-1.53694445444611471618401e-01	 6.87397169441568811620868e-01
-6.27955463839779404189301e-01	-2.99326943928703237407518e-01	 7.18383822251079329213042e-01
-5.27572342126401805373348e-01	-4.34034143871853572704822e-01	 7.30261450287970292905015e-01
-4.10811826190784212808893e-01	-5.54120121524752318187268e-01	 7.24005893887050389068349e-01
-2.78565533535356901762015e-01	-6.54076802312661187421838e-01	 7.03267218205573474421044e-01
-1.35977825018509468346650e-01	-7.22597582252979098171863e-01	 6.77763059796995026573541e-01
 6.19409384070807988303953e-03	-7.80109917148082532278863e-01	 6.25611820835175969079955e-01
 1.60959926725237317812756e-01	-7.68588942039347466916865e-01	 6.19163096577503457851321e-01
 1.91481366153588461465063e-01	-6.56486481488864903610647e-01	 7.29630307784925768999074e-01
 3.50604304596224214396472e-01	-5.97854081436462791998565e-01	 7.20865534554372411335521e-01
 3.84601246473487645705092e-01	-4.62138629201852668693107e-01	 7.99068062564430081629041e-01
 5.33266824415628892808172e-01	-3.71122907296263848664353e-01	 7.60193581699845521981729e-01
 6.55321547275644622487789e-01	-2.62889667118003100831913e-01	 7.08126184093513244555140e-01
 7.56874396961586870524741e-01	-1.45846969633912137975784e-01	 6.37079122772547856712322e-01
 7.41620106653297805898717e-01	 1.89390106610835516620650e-02	 6.70552705820154471005878e-01
 7.10123704565007618505490e-01	 1.78895318102201938970097e-01	 6.80970476141206759734814e-01
 7.67463864194294353993087e-01	 3.01865670279031550471416e-01	 5.65576108285129608432840e-01
 6.93558986963275669879181e-01	 4.54596212263241983286832e-01	 5.58854377631944565507638e-01
 5.81487486491557348244896e-01	 5.93467171058975506703348e-01	 5.56479128026368785597811e-01
 4.54245153834264892012129e-01	 6.87515784818824693402917e-01	 5.66553956691717819360576e-01
 3.12842853349419691699751e-01	 7.80555645799856923083837e-01	 5.41167472154564843656033e-01
 1.59576049316314472203970e-01	 8.28582130797268945343603e-01	 5.36644330080971454499661e-01
 3.61723898976591294249228e-03	 8.52935374434152571154755e-01	 5.22003987169602834406135e-01
-1.54100816908060489485166e-01	 8.56564402393920731881849e-01	 4.92494023090447097246170e-01
-3.02217726819393739390307e-01	 7.85887679270450445478957e-01	 5.39485867439568833603403e-01
-4.38882746516284560911458e-01	 6.91704853824521403993231e-01	 5.73520993518040311798245e-01
-5.55498717854576606889339e-01	 5.77878625505069520862378e-01	 5.97894195193675703769998e-01
-6.54042536035437271912940e-01	 4.48251009373064168705980e-01	 6.09343411921687061472142e-01
-7.33925472725724836742245e-01	 3.05393751975289340361286e-01	 6.06702609800532033368370e-01
-7.96229937275510502026066e-01	 1.50961022124881549810738e-01	 5.85857198287473179831863e-01
-8.58253812321449371935955e-01	-7.72556713661306810464469e-03	 5.13167330651626785176234e-01
-8.11982593689429044125916e-01	-1.55940566073098363375493e-01	 5.62464938816802595411559e-01
-7.40545540940336421975587e-01	-3.02025376260160960395496e-01	 6.00310731112057238689772e-01
-6.49562776175231837427759e-01	-4.40459739575403241840235e-01	 6.19728503153351484300515e-01
-5.40552507914864421856294e-01	-5.67023109777975653500448e-01	 6.21520538007123479751215e-01
-4.13437422924457176343083e-01	-6.77938837207607392087994e-01	 6.07839148402914974944622e-01
-2.67762859178627965484054e-01	-7.67903319539050555064819e-01	 5.81917127334634409763225e-01
-1.13708569195519651473525e-01	-8.32979459355752127613925e-01	 5.41493842608488540335543e-01
 6.95333150204647532088842e-02	-8.62366896663958715230081e-01	 5.01486244717078921695474e-01
 2.45889382509701215351328e-01	-8.30616119848655465318643e-01	 4.99615124887709927126167e-01
 3.15886575289326010373969e-01	-7.20581673859772564583182e-01	 6.17233928789911456824768e-01
 4.63305679919846558068031e-01	-6.49450680259941126593048e-01	 6.02960745707304290874617e-01
 5.02062998327141407628460e-01	-5.17236329077851220148432e-01	 6.93108451537585490420668e-01
 6.38850982647108267542535e-01	-4.19476806911316557613389e-01	 6.44909784725204882072092e-01
 7.52182636284753458610908e-01	-3.06854981479713517789065e-01	 5.83147753157639336940576e-01
 8.42988005486743685601425e-01	-1.86437253981047740269972e-01	 5.04591292962421111845117e-01
 8.36813311787136138164556e-01	-2.00573720345774628159852e-02	 5.47120812109091247954495e-01
 8.15520421819866725421377e-01	 1.42153875842741306279038e-01	 5.60997965395270470345679e-01
 8.58338008477059655199071e-01	 2.63402859863201221912732e-01	 4.40312158155463428954590e-01
 7.93289631818127394247142e-01	 4.21871855455047573002503e-01	 4.38993960806723926282302e-01
 6.96565714228116195094742e-01	 5.68920893437640295964286e-01	 4.37178708049684561220971e-01
 5.76639586797736858336805e-01	 6.93905286154918310437267e-01	 4.31256583467425402833584e-01
 4.44366304154832358896954e-01	 7.86043851543806404436054e-01	 4.29736723101428241822219e-01
 2.98988154638791414630106e-01	 8.63495799501649230478506e-01	 4.06178640044866867686579e-01
 1.46067641836754413819932e-01	 9.06149721469077684687932e-01	 3.96934410563965611729031e-01
-6.98481474652740737946166e-03	 9.25440677359838703708306e-01	 3.78828147120458369467855e-01
-1.61592241316674295470435e-01	 9.22980142182402540917963e-01	 3.49278691997101098376532e-01
-3.04666877735848051766965e-01	 8.67181086133154477302298e-01	 3.93922654164002183918569e-01
-4.36812275173888320267679e-01	 7.88843974147092841242568e-01	 4.32342712103756687813672e-01
-5.59880607158109389054346e-01	 6.90266845200024792283955e-01	 4.58328908258983980239520e-01
-6.66086530281447264378869e-01	 5.74104736276065397149182e-01	 4.76164347639564611291974e-01
-7.55184538590327747442643e-01	 4.43476560121245255707834e-01	 4.82726478761152655305722e-01
-8.25837797401552609066755e-01	 3.00457354889768324390786e-01	 4.77197349401268344770699e-01
-8.78076762935910304364029e-01	 1.45676737542291989679910e-01	 4.55806413437796487109210e-01
-9.30784559681937406772079e-01	-1.21936910102578739689694e-02	 3.65364773010820376164531e-01
-8.95521287624151396400407e-01	-1.56178386140532393655533e-01	 4.16713252866429129106507e-01
-8.35599446573746629240986e-01	-2.96076287221920642078743e-01	 4.62722807986089057497026e-01
-7.54698115003351155394284e-01	-4.35345990960052997564844e-01	 4.90820357529512141248063e-01
-6.54544425018639408619947e-01	-5.66210021574224842133560e-01	 5.00976852904337799365919e-01
-5.36079870906234101646248e-01	-6.83229161578601917881315e-01	 4.95798633295570834178534e-01
-4.00411645747341893297744e-01	-7.81757227303955248842726e-01	 4.78044089502147551140609e-01
-2.54939606339218749475606e-01	-8.58394726567263566252564e-01	 4.45156478691613399778504e-01
-1.02532365796004304447919e-01	-9.07562382030535630406121e-01	 4.07207117677643948283617e-01
 4.21025669959423295973799e-02	-9.30231422061971735537611e-01	 3.64550236950840378380434e-01
 1.95671890917951174504452e-01	-9.08181687510677959629390e-01	 3.70025044523814405916795e-01
 3.49433887072693960540448e-01	-8.63328035320551911979692e-01	 3.64088810587229805282306e-01
 4.06677729239823038120960e-01	-7.70867897520615241724329e-01	 4.90281459074771885919830e-01
 5.50972208498380466856759e-01	-6.89228985277775207940465e-01	 4.70524209064087817200317e-01
 6.03534932830848247498068e-01	-5.61047362099685420488981e-01	 5.66543416106698893841553e-01
 7.28619291774863397925799e-01	-4.56726149112388402073748e-01	 5.10406849846732346698275e-01
 8.30069729851584003910148e-01	-3.43121428652645887868999e-01	 4.39604286584520664860065e-01
 9.06710134160316871820839e-01	-2.27906383295631786989333e-01	 3.54873798784983207621480e-01
 9.09406779074344751023773e-01	-6.23946842514679009261691e-02	 4.11200940600560616022818e-01
 8.98691533233004880010242e-01	 1.00493899095782449060188e-01	 4.26912759635780569844599e-01
 9.28050259889680262403999e-01	 2.16853893667816932655512e-01	 3.02815296707091508032761e-01
 8.72982523012876154844264e-01	 3.77825906564365543438555e-01	 3.08462475583154427383192e-01
 7.88465849882667657588797e-01	 5.31692126220979610629058e-01	 3.09233061756688909493818e-01
 6.79171341771884540250426e-01	 6.68362553802467007635357e-01	 3.03344334363479739558045e-01
 5.48646484630204045451762e-01	 7.82698649723147510393062e-01	 2.93887493140625288834400e-01
 4.06858013118141736974565e-01	 8.69043636843496503097128e-01	 2.81477733441540978187589e-01
 2.49033806038505556301743e-01	 9.32691040098793777701758e-01	 2.60901489396680397181427e-01
 8.93695631070963586450873e-02	 9.65825361131225301747349e-01	 2.43299101900901371120511e-01
-7.29488524060696308382035e-02	 9.72882885206313274828460e-01	 2.19493409024683339136885e-01
-2.50263981635322374508235e-01	 9.42553517767732329524222e-01	 2.21270887465360333035136e-01
-3.94630705753283073100590e-01	 8.80353611527551094262378e-01	 2.63142783954003256496890e-01
-5.25069771619391501005225e-01	 7.96491185330681528142804e-01	 2.99839167925215865917465e-01
-6.44756994669927752106275e-01	 6.92840379013453078194118e-01	 3.22894142146768203804896e-01
-7.47347685230105307496729e-01	 5.72295231637232504340318e-01	 3.37564223854498246524258e-01
-8.31641762224010649973138e-01	 4.37951790074940339181353e-01	 3.41423796615140995314164e-01
-8.95960349515503851058895e-01	 2.92806214563713251841648e-01	 3.33945463824447064116185e-01
-9.39599638449769347658957e-01	 1.37836586257735815852499e-01	 3.13294741280278454809149e-01
-9.80082415317557353873212e-01	 3.63299595028499650029019e-02	 1.95239835145967405294343e-01
-9.60989485688983569033894e-01	-1.22176029686316120481671e-01	 2.48137514627093880292819e-01
-9.15660549387707578539164e-01	-2.68829950632281211575503e-01	 2.98824724442350420083869e-01
-8.45796374856042199041894e-01	-4.07675461533799465829730e-01	 3.44135453482463660179747e-01
-7.53455557629353789295124e-01	-5.46360932804090926317997e-01	 3.65779241869851001744962e-01
-6.40980020145925699637246e-01	-6.73124365376535638283428e-01	 3.68847126205647690699863e-01
-5.10038453428111826504221e-01	-7.82276709226136568453569e-01	 3.57636584016493841442497e-01
-3.65993582393007832465059e-01	-8.70071903445727379278196e-01	 3.30187190062639635002029e-01
-2.16908582218080653314374e-01	-9.32606053109024779601555e-01	 2.88438237174874823054438e-01
-6.35399065962963804921060e-02	-9.68367318416865963115470e-01	 2.41303578282341057992255e-01
 1.07880902145740781294947e-01	-9.69695154827028948929524e-01	 2.19209985304513854664776e-01
 2.66909881454372721609758e-01	-9.37770424499463906009566e-01	 2.22139024298091791731480e-01
 4.19140804424879276357530e-01	-8.82225045409363972659378e-01	 2.14476001730988102833564e-01
 4.95742396659395456737229e-01	-7.96511165433091750109895e-01	 3.46135001834279532051397e-01
 6.27947173563152216679839e-01	-7.06792937872978921376443e-01	 3.25769995835914594195515e-01
 6.86805208712458203912377e-01	-5.89458213974489608766305e-01	 4.25250066741254983959664e-01
 8.01902024346811459487583e-01	-4.79562499592917634849698e-01	 3.56332642811009736583117e-01
 8.88930085766144628678376e-01	-3.68370517487359883102016e-01	 2.72225025421781952061906e-01
 9.54331299842528846255618e-01	-2.35110658183523085762445e-01	 1.84322403818363816929704e-01
 9.60142687472066325149456e-01	-1.01324497946573208184695e-01	 2.60498302892346433878856e-01
 9.59173660963260177325651e-01	 5.12214820312410223923649e-02	 2.78140698016057841268633e-01
 9.76539036255293257937637e-01	 1.44412953867408100361303e-01	 1.59738565865832404799818e-01
 9.33187674731926652960112e-01	 3.17247252073043717324197e-01	 1.68863686980128019365921e-01
 8.61662728346797246459232e-01	 4.76482693016813896313977e-01	 1.74647032134526564162158e-01
 7.63285500311595144218302e-01	 6.22829724242244808785074e-01	 1.71692689461162673048022e-01
 6.40939508262932333693129e-01	 7.50118863262277502101938e-01	 1.62844213055850478566455e-01
 5.00075235636931569871422e-01	 8.53227344490520844821901e-01	 1.48080577106930094677395e-01
 3.45761763133637267664255e-01	 9.29021564398716415134061e-01	 1.31786706601540154482066e-01
 1.83510300859608649348687e-01	 9.77098574417835652461406e-01	 1.07714183602018717667015e-01
 1.64933854155187922807535e-02	 9.96071084111198712385260e-01	 8.70078366302518557695578e-02
-1.61917368683928780681569e-01	 9.83329362714211563378797e-01	 8.27413448194739137298015e-02
-3.35005597970747526215263e-01	 9.37725366532063508984152e-01	 9.18824591016638020368745e-02
-4.80024382350016209919374e-01	 8.67535929087846824359076e-01	 1.30222901561790616042913e-01
-6.09810459998014531279864e-01	 7.75229864405781010638918e-01	 1.64772146342773678773241e-01
-7.27651612461321484204291e-01	 6.60579118401809606275776e-01	 1.84819802007055250525625e-01
-8.26318748617237308629058e-01	 5.28280967324222250347532e-01	 1.95234590292363591190750e-01
-9.03992593789129328385457e-01	 3.80976783382977135516967e-01	 1.94046594655928883454976e-01
-9.58597056022280624709708e-01	 2.20038176001820573457479e-01	 1.80761957522064586889599e-01
-9.91581204300110430338577e-01	 1.18029864341253690196432e-01	 5.32509755997755407364025e-02
-9.94382539990723457457023e-01	-6.82478351612153394389892e-02	 8.09048648562285949159545e-02
-9.66009257468219195708059e-01	-2.26298602261584935746441e-01	 1.24960222071475779426208e-01
-9.12559201996389623978700e-01	-3.70046353630748614538248e-01	 1.74072970378228941701337e-01
-8.34651042276204124803485e-01	-5.05599795328428136542698e-01	 2.18463920570646480401322e-01
-7.30650730716193685942983e-01	-6.41775565089877875202262e-01	 2.32967022896932940412285e-01
-6.05138880707212889475954e-01	-7.62379139075845424500244e-01	 2.29314158652260985382654e-01
-4.62963168111781453450959e-01	-8.61546532965219102884191e-01	 2.08333090284557070903659e-01
-3.17890405957943711356961e-01	-9.33592525995435962293811e-01	 1.65380425701940753091534e-01
-1.64785026854214894376227e-01	-9.79078193282113207196460e-01	 1.19380845884457173489146e-01
 6.33600528430064511425934e-03	-9.95939071116778817938098e-01	 8.98065791581295902457072e-02
 1.79333262121306041825264e-01	-9.80985733244060131852393e-01	 7.42062818671344326393324e-02
 3.40624059720823935126788e-01	-9.37346312197469222482482e-01	 7.31924924367897966615004e-02
 4.97128159596906038508735e-01	-8.65319100204016589117373e-01	 6.39253295486546108117309e-02
 5.62654458125868561779725e-01	-8.04857380393585786215738e-01	 1.88744689930764542040720e-01
 6.82047258090652142037413e-01	-7.11935724584888296462282e-01	 1.67209634264337214659690e-01
 7.51593604326859843212105e-01	-6.03023623123849716876066e-01	 2.67337920784809057739295e-01
 8.44360600591229859546161e-01	-5.03514925412966385387392e-01	 1.83106242535836377660630e-01
 9.20002459054010013339564e-01	-3.77363460287507168633425e-01	 1.05793639574474865328035e-01
 9.71363100188904260434697e-01	-2.35569902981643153339064e-01	 3.09927152831133458088519e-02
 9.93937831037316588123076e-01	-1.03860349255145728575300e-01	-3.60640525375875917180046e-02
 9.91363852484964280797897e-01	-5.65075558609495764983421e-02	 1.18341066907441200273254e-01
 9.96932894217092524513646e-01	 7.32268076952672097856833e-02	 2.76159204570787727983650e-02
 9.68543499869832680282400e-01	 2.47285619812444762422032e-01	 2.78084716205408213896000e-02
 9.11007210787732946144502e-01	 4.11203857154578134025513e-01	 3.12609941293087514879723e-02
 8.28277090568687923699542e-01	 5.59210664397856493934569e-01	 3.52206482447074697983425e-02
 7.17230962852501763293844e-01	 6.96171861108819678420900e-01	 3.04053568628237999571517e-02
 5.83640544112160819523183e-01	 8.11823856694115053578287e-01	 1.74854502588312893385236e-02
 4.31903649110721710169258e-01	 9.01919750912060891323563e-01	-2.82766450305024249047350e-05
 2.74455297862411184972586e-01	 9.61288205826206110238275e-01	-2.44800901691332763177034e-02
 1.06835139669505502224567e-01	 9.93211535539295753416411e-01	-4.60119397925342760169443e-02
-7.11727876688578592334622e-02	 9.96032152031194550900750e-01	-5.34264580105341876925529e-02
-2.48305086934368202111756e-01	 9.67309771977284515998008e-01	-5.15401672462316023937134e-02
-4.15790157449104691433917e-01	 9.08665231433062103860721e-01	-3.80268609426101036885548e-02
-5.58253079380604089188012e-01	 8.29665658099092317989687e-01	-2.89743560291591453065285e-03
-6.84302969408969397058229e-01	 7.28577160131450130009512e-01	 3.00793582521026239828821e-02
-7.97056370979008166344215e-01	 6.02115468118201824232472e-01	 4.64554037176780898477091e-02
-8.87678444542559952346039e-01	 4.57462860309198304786804e-01	 5.24853363543428194648577e-02
-9.54080325331225109763977e-01	 2.95782093002725565700217e-01	 4.73675656413816842382758e-02
-9.76739706193378243170855e-01	 1.95405001286217738787343e-01	-8.82974054975941141654161e-02
-9.97886114376804744807714e-01	 1.06699892807259142518683e-02	-6.41050236932468597839119e-02
-9.85491070633699117742310e-01	-1.63345313690110238713515e-01	-4.61048608795772418833536e-02
-9.48373601681091638049281e-01	-3.17106124455991622568263e-01	-5.58725934026727856507311e-03
-8.88354749839367574537619e-01	-4.57124660124091919399802e-01	 4.31611346499147022215404e-02
-8.03727087808662532530946e-01	-5.88447273022278283249875e-01	 8.80487092196735460225554e-02
-6.86677014294081899947741e-01	-7.20633485675298390837895e-01	 9.57186364488912394543618e-02
-5.48310474641147793661844e-01	-8.32195905202805064071470e-01	 8.24960530115428913866538e-02
-4.08930866238054413486225e-01	-9.11763206693511074618641e-01	 3.82544318708331262945954e-02
-2.59710531313701808997507e-01	-9.65664726272661089190308e-01	-6.48662913242499701571564e-03
-9.45350204879739780539083e-02	-9.94804917381767905837364e-01	-3.77664699752617641359542e-02
 7.62008015654817016937272e-02	-9.95283540168371505529876e-01	-6.00342611405494386289661e-02
 2.43688614195360336855956e-01	-9.67130448162855871352406e-01	-7.26261354324925084702258e-02
 4.01239997042097007451389e-01	-9.13006736599386692354585e-01	-7.36557105579472154444076e-02
 5.52631781873198280052861e-01	-8.30276482548631400426586e-01	-7.23814630297447553219925e-02
 6.56269110230529029159641e-01	-7.54202367542056051341604e-01	 2.21278953176051659812451e-02
 6.89571337853538079976090e-01	-7.12618430895994858786935e-01	-1.29098187277017328877804e-01
 7.76911530115210746672005e-01	-6.23997872624254656948040e-01	 8.38756778479097242495754e-02
 8.66733989657116010718596e-01	-4.98624807793651536602653e-01	 1.20620158266456101864295e-02
 9.27587777373695576699220e-01	-3.67331646852840421058062e-01	-6.81790032730581196940278e-02
 9.61588970190306757679366e-01	-2.32298456820791199284315e-01	-1.46232962655566234300153e-01
 9.68954245678414927134270e-01	-9.72240973476266034936089e-02	-2.27321676653840898385539e-01
 9.91876849680704775202855e-01	 2.39921294290796373316343e-02	-1.24918744762101074918803e-01
 9.76082577474149726270980e-01	 1.80859277462493445165492e-01	-1.20634670419267051033607e-01
 9.34748349748628082345192e-01	 3.36404215042243881494954e-01	-1.14357888857867767695708e-01
 8.65881081740796809675942e-01	 4.86817854400260319192029e-01	-1.15144817167402963020706e-01
 7.75096209780204103978463e-01	 6.22863666611077282375675e-01	-1.06144799213935742132620e-01
 6.52776862242895106192009e-01	 7.49016903727508953636516e-01	-1.13384505338145799568927e-01
 5.07956765620799388649687e-01	 8.51654982250684700062493e-01	-1.29088014422881897091955e-01
 3.56561859445745144014950e-01	 9.20830054870155012558541e-01	-1.57910260706579985701126e-01
 1.94610011887494355198314e-01	 9.64617989250961649361216e-01	-1.77873770091549116001417e-01
 2.01900416227284197623337e-02	 9.81984536272261010481088e-01	-1.87879569781882055368172e-01
-1.56786528160480137517041e-01	 9.69249537733584243248686e-01	-1.89666333835544681507557e-01
-3.28752296615944683555455e-01	 9.26290798683376603861461e-01	-1.84139305267110836572542e-01
-4.87322167200091138639095e-01	 8.56756219584905442943068e-01	-1.68777621614915690484438e-01
-6.23545194798764357280163e-01	 7.69848675025440187802417e-01	-1.36104399653153351756885e-01
-7.43413231122473705525522e-01	 6.60848233368595994186023e-01	-1.03035820206611714033862e-01
-8.48348993161283648767323e-01	 5.21611895756930343814872e-01	-9.06918739860288203313843e-02
-9.27410440334763275238572e-01	 3.63553142794974026852373e-01	-8.79715154011678074352787e-02
-9.35923944344374092452199e-01	 2.64910708012750573114857e-01	-2.32096288602493983077579e-01
-9.74945020560162523004522e-01	 8.54810859730487232477358e-02	-2.05365992379003020618100e-01
-9.76448728218605399575836e-01	-8.49369103767403932359059e-02	-1.98327008790839115492943e-01
-9.52053158266443766422071e-01	-2.48098728053434747220507e-01	-1.79002248514251033340017e-01
-9.07524498943418689300699e-01	-3.96310474330054340885710e-01	-1.39058591082264593197237e-01
-8.42267916852595943666415e-01	-5.31443169572655360610725e-01	-9.02934867825950643327459e-02
-7.52620048019489118473757e-01	-6.57027742027954109182986e-01	-4.33313919092184335335460e-02
-6.20699235862268827723653e-01	-7.82737945511028265777043e-01	-4.53185089910271149404863e-02
-4.88557481058841336363230e-01	-8.67672342606698010492039e-01	-9.19581077276219321925410e-02
-3.45951725680147703645417e-01	-9.28353096601157168343832e-01	-1.35933555570249831045970e-01
-1.88491112706875824089892e-01	-9.67606087410381010549543e-01	-1.67957018421076520464652e-01
-2.41892319317891686669686e-02	-9.80919089041679903573367e-01	-1.92905732968699339391350e-01
 1.40223987937452665430982e-01	-9.67272557199302829289422e-01	-2.11473481306849786509616e-01
 2.99342412064399820970095e-01	-9.28107251949735090335025e-01	-2.21384392443952915385808e-01
 4.48123416107533589780587e-01	-8.66338392144265556638061e-01	-2.20552021602621800555610e-01
 5.83803840229920822935128e-01	-7.81401035383485487173516e-01	-2.20421183270605891557636e-01
 6.58908070384095601035312e-01	-6.81590576725108698852296e-01	-3.18236453760787130207177e-01
 7.85125333082827281394600e-01	-6.15364310381574353137069e-01	-7.00355399792798316571663e-02
 8.58025183898108001478988e-01	-4.88061764944600073867775e-01	-1.59964050323127521258115e-01
 9.02755049123909691921597e-01	-3.54885741346489647085605e-01	-2.43083178912569169982660e-01
 9.20666653712427951461450e-01	-2.16405330410628649051574e-01	-3.24871737323865927837829e-01
 9.22586084366823544478109e-01	-5.41771453643775519060100e-02	-3.81968262886930698396526e-01
 9.58754234188914811198856e-01	 7.32856239897052286202950e-02	-2.74626174537801581720942e-01
 9.34317491261951404979413e-01	 2.33487238633049487557258e-01	-2.69322362453411179306073e-01
 8.84961545295680718226095e-01	 3.87216912258217860198783e-01	-2.58662185502814556681273e-01
 8.04036360458248000604442e-01	 5.33942050813864477198933e-01	-2.61593993497058419084311e-01
 7.07286437338632056892607e-01	 6.63130877292495313213294e-01	-2.44955782005877337192956e-01
 5.71096138059453473090343e-01	 7.80144410489491568760911e-01	-2.55389701976374949854431e-01
 4.28298170718389159539186e-01	 8.56162059113907969454260e-01	-2.89045334667617115353977e-01
 2.73994783150539378269173e-01	 9.10066024307312093633016e-01	-3.10976993052173911191716e-01
 1.08754520031702536786433e-01	 9.41002237738137736755561e-01	-3.20448502796457368457794e-01
-6.42905490324670730872825e-02	 9.43767835040280500535914e-01	-3.24297700960839208050857e-01
-2.36198787361164452835993e-01	 9.16521405427839885859953e-01	-3.22798150926693727669203e-01
-3.98594321424084463423299e-01	 8.60849392681320102482800e-01	-3.16324026986057493804338e-01
-5.44866928182564658200704e-01	 7.82902176908217950490609e-01	-3.00306863000613100123104e-01
-6.73292287155027646683436e-01	 6.89487967142678903620379e-01	-2.66990335448697768683246e-01
-7.85009245071744077293374e-01	 5.74270654796004698106060e-01	-2.32322405703923484665552e-01
-8.79477916649432200912884e-01	 4.19778878498390850548816e-01	-2.24286172762851038209320e-01
-8.66608157158672898212615e-01	 3.24123590795088845073479e-01	-3.79386609985311318293810e-01
-9.27015110437981348923131e-01	 1.51975552066546976126560e-01	-3.42850428895350056723856e-01
-9.38556858910959301844912e-01	-1.26148771604854322697653e-02	-3.44894023528125759359142e-01
-9.26123054545040957918900e-01	-1.72637817004842875068249e-01	-3.35398676175034382573870e-01
-8.92265706611125697378384e-01	-3.26407605036564407718913e-01	-3.11961510734967084612634e-01
-8.41176578083360548809821e-01	-4.67573533183557654702156e-01	-2.71655950699064452358300e-01
-7.71524899153787413474959e-01	-5.95609227279746300531826e-01	-2.23604513292916001754307e-01
-6.79633975375154464337868e-01	-7.12494818404770469122411e-01	-1.74495825916029217994563e-01
-5.56453258366825465053296e-01	-8.00274988136429277219008e-01	-2.23427202050648338049754e-01
-4.22147168221617630212705e-01	-8.66049066877944917486332e-01	-2.67863364651290791762506e-01
-2.74147221869976587260709e-01	-9.14000508242788889390340e-01	-2.99075862738699960186040e-01
-1.15482412699557404622830e-01	-9.38768525076768334258759e-01	-3.24618959215690450204050e-01
 4.78453316083661123192527e-02	-9.37134069456511675788590e-01	-3.45674066292459392091274e-01
 2.10915118291126829630500e-01	-9.08766747928361873221093e-01	-3.60080283736765316415784e-01
 3.68574421707951571658413e-01	-8.54846719679762889754215e-01	-3.65225932150768928252660e-01
 5.13952478804823864599882e-01	-7.76011392308564196262921e-01	-3.65594267648852722096819e-01
 5.83943754549867910519367e-01	-6.63627108626131279045524e-01	-4.67556148733737131362176e-01
 7.15974359526137749121233e-01	-5.64216890908021073691714e-01	-4.11144763453485995174930e-01
 7.65780770377421093897397e-01	-5.96992109483889143994872e-01	-2.39123886163929100234782e-01
 8.19836935055267668204237e-01	-4.68056575427161780655894e-01	-3.29833961439058798159607e-01
 8.60469116982117254721629e-01	-1.73784726176340414971477e-01	-4.78948606499517537393729e-01
 8.51846374211519874464216e-01	-8.97402627420685120029908e-03	-5.23714828504136420406212e-01
 9.02511217476053451136409e-01	 1.14119540263811727887067e-01	-4.15271276227803132208294e-01
 8.70318992474044206275607e-01	 2.73179229414198310177397e-01	-4.09777939810856195457234e-01
 8.14325427659524314627504e-01	 4.25089212610452071849920e-01	-3.95187625298868527856655e-01
 7.17224772821325018412608e-01	 5.69061642024021319130611e-01	-4.02190841303383506133429e-01
 6.19871164803079244265405e-01	 6.87238663425077556112797e-01	-3.78764779961636322003216e-01
 4.88474300746306766551896e-01	 7.66375386567270999726986e-01	-4.17206932318091916478409e-01
 3.44927198430074077872831e-01	 8.28455389007320630589959e-01	-4.41233380659158180847612e-01
 1.89776152402020559240015e-01	 8.70756222087936682108023e-01	-4.53617254604174846566167e-01
 2.65353231389808819074005e-02	 8.90015894898409154478713e-01	-4.55156658145405956794605e-01
-1.43091809856679824664027e-01	 8.78741327006869799021160e-01	-4.55344280915160992684321e-01
-3.06278772054326742235730e-01	 8.36824123044786816194573e-01	-4.53782658195768184850039e-01
-4.54275854897532749276934e-01	 7.69662909883758739049142e-01	-4.48611694905940827649005e-01
-5.89786555144580226794915e-01	 6.85285644128445392553317e-01	-4.27241624051485635593650e-01
-7.07515307526830561357656e-01	 5.86820885035313599686901e-01	-3.93780825462065386943777e-01
-8.09182680211685378957043e-01	 4.67834109929111119363654e-01	-3.55463972340755662848721e-01
-7.72714842731291873256794e-01	 3.00309283103393609426490e-01	-5.59219193433738159804136e-01
-8.56327842001017969231214e-01	 2.03659215859553072158761e-01	-4.74579340900288082494285e-01
-8.73436966585751539682292e-01	 4.43095538525040133492894e-02	-4.84917032943650017084991e-01
-8.69366801294711333270016e-01	-1.13271795496490648713639e-01	-4.81010254726032815408843e-01
-8.44325270563925922573389e-01	-2.68977017638092563700525e-01	-4.63428744759828814547831e-01
-7.99079355635722299311396e-01	-4.19475038105458941650738e-01	-4.30712056719129765536280e-01
-7.34885368031977792568910e-01	-5.58794340939179012828220e-01	-3.84307663710800329059936e-01
-6.48641255691211227052406e-01	-6.85646472966628395262489e-01	-3.30383770067101512069030e-01
-5.15947335509266080677548e-01	-7.66271998766213546794290e-01	-3.82917185417057437391009e-01
-3.71011933721856590473465e-01	-8.26905743620446664898793e-01	-4.22583762351897262998790e-01
-2.16153331097383660797107e-01	-8.67725198622304350060119e-01	-4.47583195765197561222237e-01
-5.18669359364315879501461e-02	-8.81429344178058071790360e-01	-4.69459404185712803059261e-01
 1.15741189380039355416585e-01	-8.66135766011686070164899e-01	-4.86223006362557497173071e-01
 2.80318723921977153157314e-01	-8.22245288311585720286701e-01	-4.95312122674331389848845e-01
 4.33404675968208530356662e-01	-7.50816106487734780117194e-01	-4.98433105930465691901787e-01
 4.93961695345594087314112e-01	-6.28794711520215487965402e-01	-6.00515656994483171260413e-01
 6.34113616845161542912024e-01	-5.35679493505098913708196e-01	-5.57626578607644973750723e-01
 7.53344254082388253834779e-01	-4.32229993390384592544251e-01	-4.95630575786843829977357e-01
 8.48478035046930978424484e-01	-3.30262191983374420178876e-01	-4.13535861309797081464268e-01
 7.76398942512607548316339e-01	-1.23315528709656882511148e-01	-6.18059837268498224460700e-01
 7.57711665819329027726781e-01	 4.19860030318359583878518e-02	-6.51237442896758000898672e-01
 8.22709107854639021262244e-01	 1.58238199601720391784809e-01	-5.45994868144225264927627e-01
 7.81329839807350934322017e-01	 3.16417933311334165225048e-01	-5.37962241152298403790155e-01
 7.16875427923582497768962e-01	 4.67537094701799438301038e-01	-5.17202751266059301826772e-01
 5.77253561964051309374213e-01	 6.32313640881615457445264e-01	-5.16679576483192182223547e-01
 4.30227283285717798655412e-01	 7.11716806926143363831727e-01	-5.55305025598945567466558e-01
 2.75986431906073526043599e-01	 7.69598024580568917940582e-01	-5.75804107284274557798653e-01
 1.15223949110226403513835e-01	 8.04326338097027804252548e-01	-5.82908726469993365704170e-01
-4.94674529533953438731331e-02	 8.13996382673805696228442e-01	-5.78759760256587707516474e-01
-2.15807179839518692432421e-01	 7.85865299487918278487086e-01	-5.79519621920153937821851e-01
-3.66687503064270059471852e-01	 7.25929596359022544227457e-01	-5.81864671746375905492243e-01
-5.09952830256230171812604e-01	 6.47698433755555691426764e-01	-5.66069651036213650208140e-01
-6.38108237895952168372560e-01	 5.50155637744612069361949e-01	-5.38652625527010653350146e-01
-7.51873892785737352184583e-01	 4.37136757168086975688936e-01	-4.93555574256628881713027e-01
-6.62365754346510349215293e-01	 4.02066262707649002550170e-01	-6.32150557906328236512650e-01
-7.82594059334685621109884e-01	 1.32926815931417530158853e-01	-6.08175139166666212098278e-01
-7.89906687284718911357118e-01	-3.06556260963780184691796e-02	-6.12460331753429176870895e-01
-7.75431752487833025888619e-01	-1.92997782407137552507237e-01	-6.01213317566714589013088e-01
-7.40170128664056070633137e-01	-3.50373160283786844182430e-01	-5.73922319818794379742144e-01
-6.83395219061134095994703e-01	-5.00387495529563852691979e-01	-5.31585674075247704983838e-01
-6.04784645960664390962336e-01	-6.38333882970060328965189e-01	-4.76198893176579207686672e-01
-4.65379781611775511507290e-01	-7.11442763080034956679754e-01	-5.26565146708383724494240e-01
-3.14843304090108189186026e-01	-7.65063900036657251746419e-01	-5.61739194582613565742690e-01
-1.56046613707156250905328e-01	-7.98821961161878757451404e-01	-5.80975841766264489152150e-01
 1.34220881909341508558819e-02	-8.00913949663905277986942e-01	-5.98629010976212461159207e-01
 1.82941653734493059335620e-01	-7.70248544120282985225856e-01	-6.10941512429359567803999e-01
 3.40887818265108777371353e-01	-7.07973224981455206972214e-01	-6.18521954394354422923641e-01
 3.92179959131629618518389e-01	-5.75851680365315088394595e-01	-7.17349093451686403710710e-01
 5.39115530643536566834939e-01	-4.90768253247941876882265e-01	-6.84471304163222105110265e-01
 6.66444518139470476469910e-01	-3.90141870133126511532851e-01	-6.35327494612719978483995e-01
 7.74633141995945129210099e-01	-2.83303946276079521293667e-01	-5.65404606760406935883623e-01
 6.70781265277176741435028e-01	-6.76126590651476705451373e-02	-7.38566870694380650519406e-01
 6.42656554624496112460008e-01	 1.02111713844841342502257e-01	-7.59319267959032817572051e-01
 7.19235945914174945592379e-01	 2.07779616970926117591745e-01	-6.62968539884327690003829e-01
 6.67081643556295511565679e-01	 3.61705353229604120723906e-01	-6.51284360533307293827932e-01
 6.05501928790135646174519e-01	 5.11520294151742938026928e-01	-6.09683854880822662103412e-01
 4.74737881002055661650019e-01	 5.86309649863250514911783e-01	-6.56403030781326113363150e-01
 3.33793071259413376417058e-01	 6.48290223190103431782916e-01	-6.84325925342109453453077e-01
 1.83639677613377544362905e-01	 6.92729949346725049075246e-01	-6.97425039759929310534403e-01
 2.72232901262523425967021e-02	 7.13822966738090425309338e-01	-6.99796873836925015233135e-01
-1.22805592134759139488764e-01	 7.08892962127252057591420e-01	-6.94542694718533026865259e-01
-2.67339786648815525005318e-01	 6.60583956420756845950848e-01	-7.01539931147234008257385e-01
-4.14435397400416849489346e-01	 5.93947379789776297442927e-01	-6.89543190396669780639627e-01
-5.45591909956483656074511e-01	 5.04876802521471379492368e-01	-6.68901249861092450643696e-01
-5.64924521649033173353871e-01	 3.44704624900093958839165e-01	-7.49692607948148626029194e-01
-6.83064536414969780686590e-01	 2.40502938230660517904269e-01	-6.89623937950693322029849e-01
-6.89475106312870900104883e-01	 6.74358891806793453449487e-02	-7.21163281528716226809195e-01
-6.87548254697565530690895e-01	-1.02372714977460130270082e-01	-7.18886099942456224809462e-01
-6.61703151321731186662589e-01	-2.66764319023095441973936e-01	-7.00703744550458362816414e-01
-6.17209498834025871438769e-01	-4.23156120199566887496445e-01	-6.63318424654931848571948e-01
-5.48460719386002826247761e-01	-5.71824709206108727777007e-01	-6.10087978271935393870251e-01
-4.04797840355549998214713e-01	-6.37526106202074505091559e-01	-6.55514433368407090085839e-01
-2.50568123524556429781995e-01	-6.83317184082740225470332e-01	-6.85779294970777941742313e-01
-8.99334292960688730378394e-02	-7.10272967077837824589892e-01	-6.98157783408230425692409e-01
 8.02210224151279349680266e-02	-6.97392143530935482154121e-01	-7.12185920742609446243421e-01
 2.38929190702899252318758e-01	-6.46710373032269858484256e-01	-7.24346971583729293264753e-01
 2.75926881136996038357267e-01	-5.05420372126736183737705e-01	-8.17566268693419972990455e-01
 4.30439458425902476967906e-01	-4.31869422642915112842132e-01	-7.92597422665561435195514e-01
 5.63347604158286663356137e-01	-3.36557330999121495640480e-01	-7.54565199197436031752773e-01
 6.79237166099940892216580e-01	-2.32286931018712700103279e-01	-6.96189380748104658103159e-01
 5.48324044701673174451173e-01	-5.73153841653191616078988e-03	-8.36246310287452110365791e-01
 5.09846542344908226773725e-01	 1.61678040168343500893045e-01	-8.44935923361212926074870e-01
 5.89973587813873767693451e-01	 2.69584234196266536720543e-01	-7.61088369609494108658510e-01
 5.29099694928685360117981e-01	 4.30229291993004359095920e-01	-7.31407047503351837036689e-01
 3.87718191380329091355605e-01	 5.03229672659640137055703e-01	-7.72291719900995876635363e-01
 2.35439140347461328683920e-01	 5.62010805789433964818613e-01	-7.92913781799988393039769e-01
 6.94148544976737336131833e-02	 5.99970382346950992236145e-01	-7.97005093008520515418525e-01
-1.14604709212142275021051e-01	 5.93339098087142136073169e-01	-7.96752455476314680460348e-01
-2.92990688796691045592269e-01	 5.34684185103000642058646e-01	-7.92634391430993234806124e-01
-4.38150147163928804783239e-01	 4.46741909626496291885189e-01	-7.80029560160061530282860e-01
-4.58556002867058554173241e-01	 2.75784135333801694311973e-01	-8.44789620516714023779059e-01
-5.81174038322157526792466e-01	 1.73483034214231390812699e-01	-7.95072558965620124205032e-01
-5.81606432032351627903211e-01	-5.57500137341583861666505e-03	-8.13451214012422374466382e-01
-5.66252666901695733692179e-01	-1.73668801946053413809423e-01	-8.05727661469643030578425e-01
-5.29763433080545298459185e-01	-3.36022410518883096752774e-01	-7.78742348020058483548667e-01
-4.78189477090579684315230e-01	-4.88714304747756622671062e-01	-7.29721284008322479408548e-01
-3.30967631175929477560516e-01	-5.47070143088708049639024e-01	-7.68878849790195717517349e-01
-1.73688585049840332752424e-01	-5.82311279717126373256519e-01	-7.94195095009775919869810e-01
-2.11966689444823240540128e-02	-5.98351312231813148301285e-01	-8.00953437083658070783088e-01
 1.29782194266146233552206e-01	-5.61842472933829606418499e-01	-8.17000378004235416895540e-01
 3.00597292555399631108770e-01	-3.68329246644028496238121e-01	-8.79758395114821234450631e-01
 4.41781933989436881304869e-01	-2.75839095380957910474962e-01	-8.53663584944307940460817e-01
 5.65041757336156469371247e-01	-1.74783162002079939245647e-01	-8.06336566668672372060200e-01
 4.05560528669210273999823e-01	 5.43718632984225638815623e-02	-9.12449646866613783835476e-01
 3.68557189759085024327590e-01	 2.22785085749858724479822e-01	-9.02514489326522451051460e-01
 4.48808267189014786779921e-01	 3.35346782333013848642622e-01	-8.28319790226992203052703e-01
 3.04803221316535422058536e-01	 4.03266620478298309926402e-01	-8.62827346045009879738075e-01
 1.52482471411104408831605e-01	 4.57317726569072102726921e-01	-8.76133319123326925748074e-01
-9.29486424706825117847409e-03	 4.91372775699477570832130e-01	-8.70899765070596187932495e-01
-1.83967626305650971962891e-01	 4.60624750881860889339947e-01	-8.68320650074895006298448e-01
-3.28319531753573035093297e-01	 3.73997749773130716555158e-01	-8.67370721337623495905689e-01
-3.44664705508337887440717e-01	 1.92212956090429015754140e-01	-9.18836449150679634989558e-01
-4.68374819527815733355425e-01	 9.55678642094878877388808e-02	-8.78346066059797925262842e-01
-4.52538735669759162316694e-01	-7.54239208725741988592617e-02	-8.88549337335087785483267e-01
-4.28610140284203355864889e-01	-2.39461322319558245208526e-01	-8.71178295619515652425946e-01
-3.82173365005696819007852e-01	-3.99102478842661922975310e-01	-8.33463094840956375541907e-01
-2.22521670310962232930407e-01	-4.51808933625212960638606e-01	-8.63917122031082174160588e-01
-3.79956108855931951051588e-02	-4.66790886866809473509932e-01	-8.83551131226443575705787e-01
 1.14965870546118925643597e-01	-4.28903752875051058612854e-01	-8.96004698302006685750598e-01
 1.72804141946297534770949e-01	-2.95886895128184945757965e-01	-9.39462438747609596134680e-01
 3.10177832601849279292594e-01	-2.03146209668931237990464e-01	-9.28720264482026935937142e-01
 4.36233813891246102745214e-01	-1.08426286343306615966853e-01	-8.93277000738123327927553e-01
 2.54170783440293979182911e-01	 1.16737063815878797101711e-01	-9.60088366129386416858438e-01
 2.24688319557251769964523e-01	 2.84896650827159425567459e-01	-9.31852486932350232429201e-01
 7.56980902674412869934883e-02	 3.32629117632237791823968e-01	-9.40014717561944102008908e-01
-7.75878848915820817921940e-02	 3.58325661861830291332609e-01	-9.30367045939038073143479e-01
-2.15815451325726798126325e-01	 2.83601196543163902585860e-01	-9.34341507313230179576635e-01
-3.29452825518063985299477e-01	 2.49418769146799966518468e-02	-9.43842539057303309135705e-01
-3.06683891902671534879232e-01	-1.38508240312968239349445e-01	-9.41679594030175093344326e-01
-2.78898104240876631987334e-01	-2.97425249380917910979605e-01	-9.13101346226991239518611e-01
-1.18496475237395940127705e-01	-3.48012303621970775502348e-01	-9.29970979054745794378789e-01
 1.76292661668236809446864e-02	-2.82813071272267957390056e-01	-9.59013021648802532759248e-01
 1.46197346411377826491673e-01	-1.45582139810468857987757e-01	-9.78484632720655889137618e-01
 2.82253778566310953301866e-01	-4.57828666265963843406972e-02	-9.58246697676799263909686e-01
 9.99558345834196254608983e-02	 1.71745523410132300279329e-01	-9.80057297468526433803504e-01
-5.66565684067927843869938e-02	 2.04055031237683703881913e-01	-9.77318564994523297784212e-01
-1.96410037340738058420087e-01	 1.21016647034664137638771e-01	-9.73025214664192228397610e-01
-1.73985533509837753118887e-01	-3.93255214211036402405242e-02	-9.83962670782919324174998e-01
-1.47633656443374755573572e-01	-1.96365838334377956764243e-01	-9.69352753655962184886619e-01
-1.00400363626623901486257e-02	-1.17987723525367321775192e-01	-9.92964296823978354034068e-01
 1.22599903492791068027046e-01	 1.10871149868088207657291e-02	-9.92394246025654735987587e-01
-3.46812989813164856967020e-02	 4.49453604723927743758161e-02	-9.98387260572256796109514e-01
