-2.79703185923298701387463e-02	 2.18419460919772601137367e-02	 9.99370096945450203662631e-01
 6.56192429024725631947490e-02	 8.87981528376934198254489e-02	 9.93885809846141166090661e-01
 3.47279185962861211556252e-02	 1.96737609003692720532896e-01	 9.79840948763359143036666e-01
-5.87580367631662589533725e-02	 1.30781947421484023852400e-01	 9.89668416867175992912564e-01
-1.47564503419844755827128e-01	 5.42552325353974143617997e-02	 9.87563206621725253597788e-01
-1.15979999134698821827705e-01	-5.79353165629432481642525e-02	 9.91560456500493403453333e-01
 1.86686095709502684718284e-03	-8.73490985100017630626823e-02	 9.96176013473350496774117e-01
 9.62559541232602539073682e-02	-1.98462671747629687546421e-02	 9.95158739586327945048083e-01
 1.90159677621862338581238e-01	 4.44328598075169611814061e-02	 9.80747173320461351764266e-01
 1.58981159830783230768603e-01	 1.52645871949017436497442e-01	 9.75409774707934329462944e-01
 1.27859221505215142622447e-01	 2.59857119607530384630678e-01	 9.57144867230325879781105e-01
 1.98255230655082926444210e-03	 3.02344378570080396517739e-01	 9.53196698606023962163647e-01
-9.03139546833416628768276e-02	 2.38306704121819534769600e-01	 9.66981542926260262404980e-01
-1.79025012034906366720222e-01	 1.65155475490012387806971e-01	 9.69883350708511615678731e-01
-2.63351811917326705803077e-01	 8.59845703488787416191030e-02	 9.60860279552537055458572e-01
-2.31345090833806082963875e-01	-2.70667026189569358274323e-02	 9.72495163256062111756250e-01
-1.97957236225168475840519e-01	-1.41397913296895216817006e-01	 9.69958536609362709235427e-01
-8.58628541453813620698554e-02	-1.71487675771494152421326e-01	 9.81437490284786329119981e-01
 2.92078672740182093692241e-02	-1.95796044034152932900028e-01	 9.80209574341058709201491e-01
 1.24353252065002847781550e-01	-1.29024828551504933127347e-01	 9.83813428612413498619560e-01
 2.18645869407038562215462e-01	-6.47523710458231677167262e-02	 9.73653487764093661382958e-01
 3.10731312160046679871073e-01	 9.85681277864727724974392e-04	 9.50497280414685952187881e-01
 2.81649807405799534887336e-01	 1.09651060928354804335783e-01	 9.53231362695102557580640e-01
 2.50276276731067559566668e-01	 2.17055447164390652448063e-01	 9.43529924359530092203840e-01
 2.20581135247731457971199e-01	 3.22335271773339759882049e-01	 9.20567181330960493390592e-01
 9.34868058254579026300490e-02	 3.63775642505391461067887e-01	 9.26783415397763210563653e-01
-1.65040754275605841550068e-02	 4.12242182267769652348477e-01	 9.10924804060899706570353e-01
-1.11662183884671958877810e-01	 3.48882045256039496905487e-01	 9.30490663675927809350696e-01
-2.03193957419737086800282e-01	 2.78099745692668820495896e-01	 9.38814543514201793605878e-01
-2.89819797835793979690067e-01	 2.00571127549829392178182e-01	 9.35828887978891854615426e-01
-3.71504680318941182814996e-01	 1.18144975222912798629160e-01	 9.20883291916352764161502e-01
-3.43380005008111777176083e-01	 2.93904233627590751043446e-03	 9.39191958116536995682111e-01
-3.09442062469888368170245e-01	-1.11207616639497686161775e-01	 9.44393178700346447307368e-01
-2.71739123880893662654756e-01	-2.27032994327078879726045e-01	 9.35207927703419872322854e-01
-1.65070303481547275836760e-01	-2.59130550998080133595636e-01	 9.51631836609064585275064e-01
-5.73584493624059027494511e-02	-2.85885742023586242321898e-01	 9.56545529911861480698576e-01
 5.17442706351819645127499e-02	-3.04988234815207037708973e-01	 9.50949371460298564784352e-01
 1.47181010298583964113206e-01	-2.40347177654835181259685e-01	 9.59463904688885649285623e-01
 2.40671698667546729577538e-01	-1.76583982032027853037448e-01	 9.54408314480856612149751e-01
 3.33003511386205930389082e-01	-1.10459135217695930686332e-01	 9.36433361671515807067578e-01
 4.20083735735367391761486e-01	-3.66278167854953845550270e-02	 9.06745861864362789894756e-01
 3.94844914027776550113913e-01	 7.69798189104563962414929e-02	 9.15517122366868107974369e-01
 3.62231689811675583445805e-01	 1.89083881033708045560360e-01	 9.12707778442480854863561e-01
 4.38289205201287446200809e-01	 2.57771047807253794736937e-01	 8.61078776603148132728904e-01
 3.27377373897247081480089e-01	 3.02978595638017988989077e-01	 8.95001690303072305887611e-01
 1.87555379129777211044683e-01	 4.19444518467514460002832e-01	 8.88194390709061143418523e-01
 8.10274999704933829303144e-02	 4.73118243756943501754364e-01	 8.77264881135040752724308e-01
-2.39115689611573145612056e-02	 5.16668526606886668872676e-01	 8.55851546989128686426795e-01
-1.24535263211089750057248e-01	 4.56597685152025645205498e-01	 8.80914026526287141649618e-01
-2.19518819801806680525047e-01	 3.89254696149229029167316e-01	 8.94590559573816057614692e-01
-3.09026809624251330710365e-01	 3.14349041348737423540172e-01	 8.97600752638157195484325e-01
-3.93543755862575284076854e-01	 2.33482995960910488797424e-01	 8.89161966583532525909561e-01
-4.72428094988634805773131e-01	 1.48034206033322762730009e-01	 8.68848415380665151097617e-01
-4.48518796997786017843879e-01	 3.23405537579676966020159e-02	 8.93188097391745872144497e-01
-4.17452990060951545370216e-01	-8.31259969091719258527107e-02	 9.04888429435932062361303e-01
-3.79545190002615939750541e-01	-1.97551153520677258423888e-01	 9.03835709898943906459579e-01
-3.28873156027835289449968e-01	-3.13036324976143476295221e-01	 8.90983000112640421974675e-01
-2.19660095770607022291898e-01	-3.48637668604867223542954e-01	 9.11153784141738865010041e-01
-1.06331575360681981901045e-01	-3.78048068162269157443944e-01	 9.19659314224616553090641e-01
 1.29285695931025974153572e-02	-3.99970471147162887071147e-01	 9.16436835956844886297290e-01
 1.40226905317935301997778e-01	-4.58899516634550808102944e-01	 8.77352636433908594781883e-01
 1.42965383415618790818868e-01	-3.60194699171967169792907e-01	 9.21857189500218332511849e-01
 2.44707734686459621453736e-01	-2.95141859514899185246151e-01	 9.23585083978032073126485e-01
 3.40792830987227790551231e-01	-2.27045671815787886149707e-01	 9.12310533347844399010285e-01
 4.32784344224853567695277e-01	-1.53647317736365113249875e-01	 8.88307499206375084099818e-01
 5.18444156981171633269412e-01	-7.88084452740673152559836e-02	 8.51472186889017934596779e-01
 5.01394193063744775251678e-01	 3.64704710820299218831941e-02	 8.64449979987859773444825e-01
 4.73448662182124391240023e-01	 1.48303218906326111925509e-01	 8.68246807964174860394735e-01
 5.40800885395445241066170e-01	 2.28108953380860707271793e-01	 8.09629981993620906344233e-01
 4.97572784857808980696348e-01	 3.41908545785693129825944e-01	 7.97195001293634186723125e-01
 4.00993914994939082419023e-01	 3.67783963576823358376799e-01	 8.39010629415833597555263e-01
 2.94629313630683342672967e-01	 4.20297738858365410585805e-01	 8.58221054425989837710631e-01
 1.94136590190802676980653e-01	 5.13256215286620354198988e-01	 8.35989857485569420880722e-01
 8.75473667011969908235969e-02	 5.69876255799954933856100e-01	 8.17053554951638671965952e-01
-1.86316473124248614678944e-02	 6.10084825652839279896966e-01	 7.92117016119821881758867e-01
-1.28520964568524354021406e-01	 5.58108338168003759172109e-01	 8.19754502600458678784889e-01
-2.28420441512531352534765e-01	 4.95749219178329425528062e-01	 8.37888306150227357704807e-01
-3.21463924117610488906394e-01	 4.24924711890190320850991e-01	 8.46226881347990400605852e-01
-4.08387079146566578380373e-01	 3.46579525822834355608393e-01	 8.44454040115005466482501e-01
-4.90487294672788398663954e-01	 2.62811827040002943256525e-01	 8.30874333056729197366508e-01
-5.66117603317674467078291e-01	 1.74757259017253502308975e-01	 8.05587214170277565727929e-01
-5.46522900656910004535405e-01	 5.99531951794164408298116e-02	 8.35295357011719530326843e-01
-5.19014084361383853938321e-01	-5.55611442960516899169932e-02	 8.52957993970997252475286e-01
-4.84876964024324952351463e-01	-1.69771790585255294425693e-01	 8.57946308856230133166321e-01
-4.39127149006857564472739e-01	-2.81473210721140343348878e-01	 8.53194103736917286440189e-01
-3.90022164151557382272273e-01	-3.91038932418048490458062e-01	 8.33649365623154836590913e-01
-2.86469663823292974846879e-01	-4.28584227308626442010109e-01	 8.56884293129029694924270e-01
-1.80205110631862869263742e-01	-4.58937886568924091612587e-01	 8.70001226650748638036248e-01
-7.15186575970290644432836e-02	-4.81751091738340131431784e-01	 8.73384776157929199058572e-01
 3.91011300373508702277192e-02	-4.95951324848397878675144e-01	 8.67469529730538146949925e-01
 1.21400644977603125451715e-01	-5.65770588345604896751695e-01	 8.15576804943648481227569e-01
 2.29814448228583878552911e-01	-5.15024417972778647545340e-01	 8.25793659625207121521839e-01
 2.46484801151263144269876e-01	-4.06052426682408651448242e-01	 8.79981062061422680820044e-01
 3.43484030624152281152561e-01	-3.41095685443133622705147e-01	 8.75027116195986720548206e-01
 4.36217212380256902370945e-01	-2.69568455761033776152402e-01	 8.58514642438793496026506e-01
 5.25312175007531578785347e-01	-1.94733829704969080287569e-01	 8.28327142110707681510462e-01
 6.08098713893807096830812e-01	-1.16382589545073203418646e-01	 7.85284054983596879750962e-01
 5.96517516376212642015275e-01	-4.40358141714819039270329e-04	 8.02599936918177214728587e-01
 5.74138968431098462019690e-01	 1.14860539957680266032192e-01	 8.10661150721745493719084e-01
 6.41743789839671174846103e-01	 1.84090103210513778009272e-01	 7.44496972527194600388611e-01
 6.06333269090799986678064e-01	 2.89941140346113457315624e-01	 7.40468839269053158425038e-01
 5.62287162606766588446305e-01	 3.92940286538932537219182e-01	 7.27620146767757658423648e-01
 3.88264814983110273516331e-01	 4.64435618259118554451703e-01	 7.95958535313493253937622e-01
 2.96972761960172582096362e-01	 5.29728039846647735799934e-01	 7.94478056622066275416216e-01
 1.98509359074399982514336e-01	 6.03670057538356119586354e-01	 7.72124663504222263910037e-01
 9.39392288315849116608902e-02	 6.58977820671005187769254e-01	 7.46273175955172285434003e-01
-1.23117118594375449247558e-02	 6.94444642186375138415144e-01	 7.19440797209699223202506e-01
-1.23989309990118770632428e-01	 6.49809532097549880091947e-01	 7.49916143981003702201349e-01
-2.29795603043092044881490e-01	 5.94969930412469372171813e-01	 7.70197872450348319794955e-01
-3.27108788010571027715656e-01	 5.29599228321175230504991e-01	 7.82639443273766333142305e-01
-4.17294544501975339656497e-01	 4.55583457016933257577307e-01	 7.86326253422451326713372e-01
-5.01092678552014003656723e-01	 3.74174948324273670685614e-01	 7.80319957163787436549285e-01
-5.80471137901732436858993e-01	 2.87944368785996052118037e-01	 7.61670071978348350860699e-01
-6.52142353430619992060713e-01	 1.97434696540403353814952e-01	 7.31935715390341634645210e-01
-6.37054075909516237530283e-01	 8.44317421051716671120957e-02	 7.66181039501865002172565e-01
-6.13007663117726919743689e-01	-3.02352127782779152298520e-02	 7.89498218406600171803689e-01
-5.83388954328653897007939e-01	-1.43956450864780455267677e-01	 7.99333389907950553343596e-01
-5.43691913735577903032947e-01	-2.55034081401564638458268e-01	 7.99597849085529444046472e-01
-4.95730856694483579261146e-01	-3.62163850328017511426282e-01	 7.89359400549926260026723e-01
-4.35013349913214442121756e-01	-4.69426270051879257483307e-01	 7.68376445749388792272327e-01
-3.31650903872869384780842e-01	-5.10277284760825788900718e-01	 7.93488985819858494430434e-01
-2.24655606209701069753137e-01	-5.43188732811473617978493e-01	 8.08996822704030837947187e-01
-1.14207709859045519751319e-01	-5.68398251700862555679805e-01	 8.14788332312236129872929e-01
-4.92849343769811184916285e-04	-5.84997701592648300383814e-01	 8.11034799642310733069905e-01
 7.81795506029466097386305e-02	-6.52457386278687656577802e-01	 7.53782008911001222273285e-01
 2.04388426246397220120699e-01	-6.15583179283825443484091e-01	 7.61106247904547505989115e-01
 3.14192346390790799848247e-01	-5.61971468569393839409543e-01	 7.65160922932821896402800e-01
 3.33982876335650769039631e-01	-4.55696113846689343507279e-01	 8.25103926871997517267232e-01
 4.30536716685302522922285e-01	-3.86138413909062339079981e-01	 8.15803445009662286935281e-01
 5.21546713590125388115837e-01	-3.11006658864697416166933e-01	 7.94521166291469738141018e-01
 6.08677674629630627300969e-01	-2.32349403858390896049357e-01	 7.58633800284508774680603e-01
 6.88851101393216702639677e-01	-1.52396525308900493422826e-01	 7.08702659218325425882767e-01
 6.83297095322239256276475e-01	-3.85627432782744139494469e-02	 7.29121385199367533225256e-01
 6.67359893972067519385405e-01	 7.40959088788638864375713e-02	 7.41040193380228084940597e-01
 7.27724220104025154576277e-01	 1.58061858382880282558602e-01	 6.67408352059321030580463e-01
 6.96292637304834816092125e-01	 2.67476263039467532234283e-01	 6.66057814266539094383290e-01
 6.53276170936897937480126e-01	 3.74678227900001603600799e-01	 6.57910685445782572600137e-01
 5.80502089119761310875845e-01	 4.79334312262706563334547e-01	 6.58221802749825890543889e-01
 4.82083665821633589043671e-01	 4.66611028681197470557862e-01	 7.41531851683425946575312e-01
 4.01058630779143387989905e-01	 5.57517581452596555635637e-01	 7.26860455004126770894857e-01
 3.07148082349661621925918e-01	 6.22041753209945036395823e-01	 7.20225043144448906495825e-01
 2.06790318568658232356583e-01	 6.84964999716684230790520e-01	 6.98613421936191802963378e-01
 1.03002486035943099929035e-01	 7.39066460720026019437512e-01	 6.65711089369247277502950e-01
-3.64815129215545399382625e-03	 7.69175504908703122630698e-01	 6.39027177544579161327931e-01
-1.17124699960787989616584e-01	 7.32402739232683286374481e-01	 6.70722023064367012246123e-01
-2.24503545811902988083020e-01	 6.84673034467814800585472e-01	 6.93412571122356657937758e-01
-3.25963886710221473208549e-01	 6.26206938417914527050812e-01	 7.08246012934790725168455e-01
-4.19795470963701289335290e-01	 5.57775723571069415029910e-01	 7.16001399965904061772903e-01
-5.06458839136906924238701e-01	 4.80891164354877220787898e-01	 7.15711626498764741377556e-01
-5.86608745725375024804293e-01	 3.96778373264425388011745e-01	 7.06014944564305135799032e-01
-6.62966964243811407442308e-01	 3.08495430323791897109231e-01	 6.82132959026818475045673e-01
-7.29660195395490207559419e-01	 2.15895101562867786082478e-01	 6.48833803355353677666528e-01
-7.19564210073457055649726e-01	 1.05016138132502309665561e-01	 6.86439333308557553259277e-01
-6.98636893832441430163271e-01	-8.20104272669057270117587e-03	 7.15429404955061132298511e-01
-6.73621483982913216159716e-01	-1.20960975200841425181153e-01	 7.29110786365912311168813e-01
-6.39487578369660081278880e-01	-2.31156848589127550397393e-01	 7.33227214757643075415672e-01
-5.96694259006632088393474e-01	-3.37542349505483674221296e-01	 7.28025496503277858018066e-01
-5.41654765637566204539155e-01	-4.39551665608892860870327e-01	 7.16522468679497426258251e-01
-5.70848441396505368317094e-01	-5.24577544343879820232246e-01	 6.31625250386117609302516e-01
-4.80845459083363735430794e-01	-5.39736728762892359334558e-01	 6.90993421172185429135482e-01
-3.81925866699503069323640e-01	-5.81979181834280989704666e-01	 7.17936532193016674341379e-01
-2.77317103504206685649081e-01	-6.16179490835310428309413e-01	 7.37168948869914464339104e-01
-1.66592325528042539684037e-01	-6.42822673838419400560440e-01	 7.47680417741686920152233e-01
-4.91142480478382603692467e-02	-6.60715357108136336350412e-01	 7.49028041878381900531281e-01
 8.36819803530899769539175e-02	-7.29497301197898018187971e-01	 6.78845353308961119154219e-01
 1.88959518315476748817616e-01	-6.98707094946458107109777e-01	 6.90001953554817304414826e-01
 2.97036202692936568414694e-01	-6.56183977199752077602568e-01	 6.93680100879415229009339e-01
 3.98524065570403651648235e-01	-5.99750207093332154961729e-01	 6.93886343901320867821880e-01
 4.16377872553046202153126e-01	-4.97626066672792910505763e-01	 7.60919026582963176075225e-01
 5.11411848889333997547624e-01	-4.25077121744255603807972e-01	 7.46838243119092193289532e-01
 5.99667836757391881086221e-01	-3.46768498614020703740835e-01	 7.21214318997957626322659e-01
 6.84026207751761816666658e-01	-2.65788113389120339569160e-01	 6.79312023954968480232708e-01
 7.60547638015850124837414e-01	-1.80480599092506743819087e-01	 6.23693870147624007671538e-01
 7.59858138575029040673314e-01	-6.71455887525687217243231e-02	 6.46612000470423442521906e-01
 7.48773515093909769468894e-01	 4.61628829296291190442680e-02	 6.61216463295898337904077e-01
 8.01692707195875708947597e-01	 1.34558919968084611529235e-01	 5.82393939087599288306762e-01
 7.73960792612561787606751e-01	 2.45442602507288554214426e-01	 5.83731633863528442951463e-01
 7.33612359910737921175894e-01	 3.54246808041800975708213e-01	 5.79932844714276862774227e-01
 6.70647276858611585126368e-01	 4.60698032762037801290944e-01	 5.81368689087499279644078e-01
 5.93417218965699433397276e-01	 5.57985004908787662891712e-01	 5.80093732539798456748770e-01
 4.98740162514062335130660e-01	 5.59674712377518535078025e-01	 6.61832657565784243658413e-01
 4.12713297443231486028026e-01	 6.40446169197794290539605e-01	 6.47685447168148797914000e-01
 3.17341600040196070153797e-01	 7.02034350089306258269062e-01	 6.37528101481505959924334e-01
 2.15043862419735637425688e-01	 7.57082571575437346389492e-01	 6.16913378889066277288578e-01
 1.11592323462445033865897e-01	 8.10251911416547065947213e-01	 5.75359881630692848730746e-01
 5.30128208635280689237090e-03	 8.34165414241725189370413e-01	 5.51488855817750867061022e-01
-1.08010521069708056995928e-01	 8.05302240492504539659535e-01	 5.82942560460293024426903e-01
-2.16002345839814618999597e-01	 7.64709676155700956989847e-01	 6.07093154125081468919234e-01
-3.18856114716010219378717e-01	 7.13063475829796789007275e-01	 6.24396714874237090953102e-01
-4.15828405923189925452732e-01	 6.51183442258445599470917e-01	 6.34859717855701388700140e-01
-5.05621886580622126317053e-01	 5.79957869169028805700350e-01	 6.38745158728872164388690e-01
-5.88251784441945591019874e-01	 5.00578291053229484930398e-01	 6.35122990157886424533729e-01
-6.64277717824882429908939e-01	 4.14051291093290751987865e-01	 6.22331617343474530201775e-01
-7.37468392349080570369324e-01	 3.24253798773180779146941e-01	 5.92452398313336292545728e-01
-7.97914658916776708963425e-01	 2.30505869262228574312346e-01	 5.56955331531522657151356e-01
-7.93135750997169708398360e-01	 1.22238820465891698252570e-01	 5.96651783925316925305538e-01
-7.74819666837117004831725e-01	 9.89748044581683153464446e-03	 6.32104836054307894777082e-01
-7.53891972140545485459029e-01	-1.02699911095623971912794e-01	 6.48921892528669386202012e-01
-7.24076765685045309339785e-01	-2.13156916128957457656767e-01	 6.55955003412182602318126e-01
-6.84970259821267690725222e-01	-3.20596336236721457524368e-01	 6.54242869546146521564367e-01
-6.34121527299108311837017e-01	-4.24407473083410258229975e-01	 6.46349893948162224077691e-01
-6.58360018433573057627939e-01	-5.06699094186008669460364e-01	 5.56613073938461822010026e-01
-5.78024467986513856843089e-01	-5.99477942237671368452823e-01	 5.53636985017614713378009e-01
-4.67104382977923060504821e-01	-6.25568799181044910007188e-01	 6.24881727124421026964285e-01
-3.58353105940027782949642e-01	-6.69873834947300905717782e-01	 6.50270787223393376130787e-01
-2.48188776452221371293660e-01	-7.02486935607232410028189e-01	 6.67019067601751003415700e-01
-1.36869480946272159549437e-01	-7.25244889111460899755457e-01	 6.74749283810811228967452e-01
-2.44398692619739038578430e-02	-7.36614469837584939782005e-01	 6.75871153117479472882678e-01
 4.07916617040411794148369e-02	-8.03553829678673503522646e-01	 5.93832706361109963211220e-01
 1.57577729709371838762166e-01	-7.82883922343556970524503e-01	 6.01882067547794163964170e-01
 2.65916640064024545342392e-01	-7.44937331469311181386672e-01	 6.11846968383795819512727e-01
 3.70973397465003074113810e-01	-6.96535195896845205076886e-01	 6.14180314932199822308689e-01
 4.69247368632813466327036e-01	-6.35976300226298030260352e-01	 6.12650840676522756567124e-01
 4.94706654136363110918495e-01	-5.32776230424021557396941e-01	 6.86596544302674804960418e-01
 5.85949713646568670633030e-01	-4.58560174682381027633227e-01	 6.68120871753583367436136e-01
 6.69921720633666728517142e-01	-3.77872617253243725521372e-01	 6.39075248584555333231094e-01
 7.50678146156666503685528e-01	-2.92855472480452072581159e-01	 5.92214482363477512372185e-01
 8.22104034530995342322512e-01	-2.04353905207012298550495e-01	 5.31398567776112495941732e-01
 8.25840277528638311288489e-01	-9.15659084795241579035618e-02	 5.56420273189017766668485e-01
 8.18876422083851474020832e-01	 2.17971908205479708575680e-02	 5.73555827995394285068187e-01
 8.64532035403921206295763e-01	 1.12007956554747448163489e-01	 4.89937319897946588209692e-01
 8.40548941867719445752982e-01	 2.23262631160769109417430e-01	 4.93590188164460597075589e-01
 8.03955111211083761624252e-01	 3.32484521201885541152876e-01	 4.93062087691526540478293e-01
 7.48914661276048998495014e-01	 4.39100348153564301600937e-01	 4.96304054363048197107133e-01
 6.79889763854916950869267e-01	 5.38950337658002709417815e-01	 4.97275017011341413653014e-01
 5.98268926762890895787450e-01	 6.30639262322606475308362e-01	 4.94336334985784331408354e-01
 5.09108167082429674543675e-01	 6.41135931133478664811776e-01	 5.74241753984831904134012e-01
 4.20733867455976573435095e-01	 7.14602765017349317311357e-01	 5.58861253805535973526730e-01
 3.24839218516919381318786e-01	 7.71764491620920534131756e-01	 5.46680026694243981211230e-01
 2.20166829312480161195964e-01	 8.20163955283265910800594e-01	 5.28069743239089950392895e-01
 1.17620987309834598710800e-01	 8.72726469976309315867979e-01	 4.73828884669296679366113e-01
 1.10957214653230867157374e-02	 8.89480380776992540781123e-01	 4.56838633631154900083260e-01
-9.92485225143155819216290e-02	 8.68315351194345441676603e-01	 4.85981668027679614141334e-01
-2.05102231480669194851885e-01	 8.34598594564935680750750e-01	 5.11251660722861545060880e-01
-3.07697763585654093798638e-01	 7.89746804846481409434489e-01	 5.30680761399130340727481e-01
-4.05827913236285087172917e-01	 7.34435697112528651508967e-01	 5.43974182884736201515352e-01
-4.98309006038738400157229e-01	 6.69440034773228886955110e-01	 5.50942986472740980907759e-01
-5.83878103950736138116895e-01	 5.95585559003761089158502e-01	 5.51692125766782059947957e-01
-6.62274483025444671291382e-01	 5.13788698744188754297113e-01	 5.45356472571962180850846e-01
-7.34004161333926097299241e-01	 4.24602714004843284634205e-01	 5.30047569944624097360020e-01
-8.05094561742074055210594e-01	 3.32823757009587273270057e-01	 4.90969544293086201935949e-01
-8.57380877461272339346010e-01	 1.42252201739343137054661e-01	 4.94633543205520664898245e-01
-8.41015190631795417353089e-01	 2.92004714164465252468350e-02	 5.40222899917822796389544e-01
-8.24285605400785104102113e-01	-8.37948154178108084444432e-02	 5.59938987424662193426173e-01
-7.98596117500793512000712e-01	-1.94488273891569279916425e-01	 5.69577521002485376300228e-01
-7.63306126817725250077729e-01	-3.02368382424417936338301e-01	 5.70909027842933625152000e-01
-7.16765798182980695685274e-01	-4.06689844875390893452760e-01	 5.66436369445275866851830e-01
-7.33162485410675524022395e-01	-4.89774568714051727891245e-01	 4.71798306299848257960861e-01
-6.60508903980834727320826e-01	-5.86623545279973512833749e-01	 4.68615838278211849221577e-01
-5.80214065463529271582388e-01	-6.75417959145192425829407e-01	 4.55150764804835405996641e-01
-5.02332222330797550924331e-01	-6.79410540517609295996238e-01	 5.34849189811270386840647e-01
-4.03425760903855901151616e-01	-7.23380448187747715493856e-01	 5.60328816516550531900975e-01
-2.98470568293642879442729e-01	-7.59025256539454740156714e-01	 5.78615571686145302443549e-01
-1.89298162993348201288413e-01	-7.85703568366300397762814e-01	 5.88927931196853604589592e-01
-7.64356053351382958016558e-02	-8.01956682432373169078232e-01	 5.92472005869570939040614e-01
-1.37731857044278271223758e-02	-8.61624246826516282382613e-01	 5.07359790125498255619618e-01
 1.08056332625113854506438e-01	-8.51781884118481658063615e-01	 5.12631886315297768952348e-01
 2.24423709039823837674277e-01	-8.24470213341024438236104e-01	 5.19502517928656426526857e-01
 3.32244086769753421695128e-01	-7.82730039146344647171816e-01	 5.26258066564774473761190e-01
 4.34983004072037715559418e-01	-7.30225043213250213369747e-01	 5.26840746746749410966970e-01
 5.30629113888805181709074e-01	-6.66214212862388022173832e-01	 5.24014662078963189273395e-01
 5.62037098903955922857278e-01	-5.65529201455344576743300e-01	 6.03565258904872226075611e-01
 6.50668476592187849938398e-01	-4.88677602014904954863539e-01	 5.81226922000490087150126e-01
 7.30613680227073958306505e-01	-4.04086093861778850033772e-01	 5.50379940597929828705048e-01
 8.07269018364184742786449e-01	-3.15768082731953281250270e-01	 4.98605304742249733074289e-01
 8.73108511735725345559445e-01	-2.25054956046553983339820e-01	 4.32471725657886663096718e-01
 8.81074932459045778720963e-01	-1.13473330230633412396557e-01	 4.59163115590372317154078e-01
 8.78042308969685381114800e-01	-7.15544191288117106125588e-04	 4.78582481559546524252369e-01
 9.16264069468562980524950e-01	 8.84442540386193992718589e-02	 3.90688839011892052877073e-01
 8.96083986405995736035379e-01	 1.99793399306082919419936e-01	 3.96378716507911399435926e-01
 8.63625112354720614327164e-01	 3.09136763408745574022163e-01	 3.98228736807706207301294e-01
 8.15367460419781475700063e-01	 4.15789932272172424454482e-01	 4.02858085074258298607930e-01
 7.53495387385285320114292e-01	 5.16853273907881272108966e-01	 4.06334092145617553626380e-01
 6.78876784676781697136505e-01	 6.11163573484666877710936e-01	 4.06946430961578675677970e-01
 5.91494133133223853882043e-01	 6.98401039744285689891967e-01	 4.02952451479174744708445e-01
 5.11091146167609866601822e-01	 7.15103753179082257673826e-01	 4.76877827643799101497990e-01
 4.24453640241404805966141e-01	 7.80300563289720083837153e-01	 4.59314857386048269738410e-01
 3.26904979838079978726739e-01	 8.31842475735145914228497e-01	 4.48521158608919834342998e-01
 2.21889440544451616021959e-01	 8.74176516584060148140622e-01	 4.31949642930548938224433e-01
 1.68476762226585891069064e-01	 9.21162229918911057424680e-01	 3.50821502705387033849149e-01
 6.02543225605229465502433e-02	 9.28726300999209719577721e-01	 3.65837223974130099080071e-01
-6.62442107183654899094094e-02	 9.23478486328878300781753e-01	 3.77887800589043032495340e-01
-1.78157647771385846402481e-01	 8.96862859822355584782372e-01	 4.04841775526973923771124e-01
-2.84523320932695056306727e-01	 8.58101525252509267360779e-01	 4.27443858541385002247637e-01
-3.86231981896216325367277e-01	 8.08481702712240957175993e-01	 4.44052015579296965874789e-01
-4.82508146225890555136573e-01	 7.48787280489348283651907e-01	 4.54426558866249219459377e-01
-5.72359838890427297108943e-01	 6.79824955955128262807818e-01	 4.58521803283041151644284e-01
-6.54783553336231394226274e-01	 6.02259154752038838864792e-01	 4.56664437850965221343813e-01
-7.29669888713782688327569e-01	 5.16449584305015640950387e-01	 4.48175948011037939000545e-01
-7.98064166363420257610528e-01	 4.20994614351966611742739e-01	 4.31111494921323112894385e-01
-8.47610902772044205732982e-01	 4.10805092030478935516413e-01	 3.35849570289720733562433e-01
-8.57397492023449059317386e-01	 2.44003642477356258444487e-01	 4.53135479883977010384655e-01
-8.95517246649474851771799e-01	 5.71249577681410478091628e-02	 4.41345216529342221356558e-01
-8.84105309841836106699020e-01	-5.93107941605818325681021e-02	 4.63508393457456480124534e-01
-8.62764764307339837579036e-01	-1.71628620466515585674117e-01	 4.75584459487966293433914e-01
-8.31172711597118807347329e-01	-2.81206464859720339788396e-01	 4.79661180019179733680090e-01
-7.88303537891201111520445e-01	-3.87540031975794341256858e-01	 4.77901931116014588862839e-01
-8.01479453253001516976894e-01	-4.62726348466854398022718e-01	 3.78833753047166044147787e-01
-7.38557457730640298798619e-01	-5.59420754411737553013495e-01	 3.76272907826029900935083e-01
-6.67290145171977933102880e-01	-6.47033799194613901129003e-01	 3.68878197859597800611908e-01
-5.84324247194189183574053e-01	-7.26868005995316646128401e-01	 3.60871273449877794092799e-01
-4.96706549863975721503806e-01	-7.90342348409666661801509e-01	 3.58666384865544363158563e-01
-4.71347469410204333861714e-01	-7.54089248607766937659846e-01	 4.57363059521393722217653e-01
-3.60534107891104016463402e-01	-7.98792564108228519970112e-01	 4.81607305356311521382651e-01
-2.48017140423786641711956e-01	-8.32150853218739938732540e-01	 4.95996426946133051050225e-01
-1.32783180707621684124575e-01	-8.53837075027027103679700e-01	 5.03319854794600840541818e-01
-6.60718295847277925503249e-02	-9.07736814759280363773541e-01	 4.14304704856223893205680e-01
 5.34663658719735576663190e-02	-9.05634027549846121196708e-01	 4.20676069992445111900281e-01
 1.72435523923758882158808e-01	-8.88457881527356607698209e-01	 4.25333496025248891658777e-01
 2.85869676440174746989697e-01	-8.56502084433748755998295e-01	 4.29747259971059447636321e-01
 3.91660543040964814753835e-01	-8.11584989882233154290248e-01	 4.33511041638747318671676e-01
 4.91505788145258804000548e-01	-7.55846684792736311919725e-01	 4.32571207210486974314989e-01
 5.84147860788619133209920e-01	-6.89098595673169111996970e-01	 4.28852424707318435892489e-01
 6.20549559780527060226518e-01	-5.92587579314331369673141e-01	 5.13573952511782949592600e-01
 7.06483953583312174195896e-01	-5.13050124087594427990666e-01	 4.87503839475133260439321e-01
 7.81715503322246707540444e-01	-4.25394229984110638920214e-01	 4.56026995869621920576265e-01
 8.53831604084091533302114e-01	-3.34477485607033275805122e-01	 3.98868905142007679209826e-01
 9.12731008304796698205053e-01	-2.46017552993182259113425e-01	 3.26186250627085894127077e-01
 9.24945730187889503248755e-01	-1.36194045230349863873087e-01	 3.54861350742773029587340e-01
 9.26002582207304136829862e-01	-2.41830025139666178468634e-02	 3.76741821589818504101288e-01
 9.56474036112770709117115e-01	 5.80284689481051565995706e-02	 2.85989711412290070757791e-01
 9.40568434016169074851632e-01	 1.70648242838821184719222e-01	 2.93615732120052264075838e-01
 9.12573014819549888088090e-01	 2.80971478455620260472614e-01	 2.97095137822248278602899e-01
 8.70479631844162438092383e-01	 3.88389552662269266214423e-01	 3.02355363648891650729666e-01
 8.15396704275495931568685e-01	 4.90522834826180975653642e-01	 3.07433835435767410793062e-01
 7.48339919501483930019958e-01	 5.86131867854746912982478e-01	 3.10542748048666661375705e-01
 6.70195985553106665655321e-01	 6.74021680932815003828296e-01	 3.10696177287398456190459e-01
 5.79434334018072760841278e-01	 7.53911023156702553293940e-01	 3.09635304388640675288258e-01
 4.95045077945585387801941e-01	 7.87802334219617428345828e-01	 3.66466714723140185583361e-01
 3.99674481905439249462830e-01	 8.45279778064854991903587e-01	 3.54629955458148182767530e-01
 2.93893608171860554190147e-01	 8.92196795469056391780782e-01	 3.42945221909376651847623e-01
 2.29828286086995237091912e-01	 9.39613624065211650027152e-01	 2.53584692726815386087935e-01
 1.07049557896546201907206e-01	 9.59942691420393012791124e-01	 2.58940961114162149225848e-01
-1.37163556522471637849625e-02	 9.60087013865239757848258e-01	 2.79364971667795614074237e-01
-1.38429245718291599187566e-01	 9.45364380128705494854557e-01	 2.95166957354194847695794e-01
-2.51398014235801603444287e-01	 9.13906242572819937919348e-01	 3.18707417900377099062581e-01
-3.57953024611926351461477e-01	 8.70404716326444005680685e-01	 3.38031451151895256934665e-01
-4.58660202680880202397162e-01	 8.16215203043560544315937e-01	 3.51316895120762806570269e-01
-5.52674606405094248628984e-01	 7.52473374767880787139518e-01	 3.58238188500905829769749e-01
-6.39075601359055722738844e-01	 6.80145115104118569426817e-01	 3.59144815008607398709728e-01
-7.17178221417127059744701e-01	 5.99717250987750860602432e-01	 3.54957205297569911017774e-01
-7.86958020256219525911945e-01	 5.11543392094547466619758e-01	 3.44993380166657093166549e-01
-8.44571032431082779901033e-01	 4.78185712562858133978239e-01	 2.40911177571830975585598e-01
-8.98139600882247646218559e-01	 3.62235817848162000576195e-01	 2.49259843526690116899402e-01
-8.75324678416909196521090e-01	 3.11600024639670236670241e-01	 3.69746037164553453813198e-01
-9.08299706742635382106243e-01	 1.88065487638849948570652e-01	 3.73661631814672490214946e-01
-9.32156483132996593887754e-01	-3.18365449741826178620130e-02	 3.60653192634184494025362e-01
-9.15910428230924611447961e-01	-1.43819326593032786876236e-01	 3.74732022592373203995209e-01
-8.88947302348005008454379e-01	-2.53520657721368336545709e-01	 3.81444582812142385375154e-01
-8.50896313193736375524168e-01	-3.60285420569916914335096e-01	 3.82321696896821550115675e-01
-8.57250347212520136253033e-01	-4.32411526473668150760687e-01	 2.79539109923326922757525e-01
-7.99556701794270519023655e-01	-5.32811892869277103912395e-01	 2.77165234892339740202516e-01
-7.31372085228999879724654e-01	-6.25707673218369953005435e-01	 2.71265148191651095377352e-01
-6.51733616972340557005339e-01	-7.10884477202554210251151e-01	 2.64360648699086153712301e-01
-5.59939728100166678181893e-01	-7.87668386267875830775154e-01	 2.56994190925148802140399e-01
-4.54382178133302561118256e-01	-8.49679592939420746944279e-01	 2.67547052940479646032657e-01
-3.97277611368538563496600e-01	-8.34785564589741846397430e-01	 3.81187041566072304377144e-01
-2.92253899341991640881133e-01	-8.70005534890147425031159e-01	 3.97086926981875532050026e-01
-1.81734092692476451036399e-01	-8.95039067359284179481449e-01	 4.07280968686071886963873e-01
-1.22623495996469294988529e-01	-9.41510046339923745151168e-01	 3.13882638689365389694785e-01
-4.07886617000363833895893e-03	-9.46648491994767971036140e-01	 3.22242137925502658557519e-01
 1.14632082554779177185900e-01	-9.37707897935678547085558e-01	 3.27968571357386717846083e-01
 2.30799205608335888939564e-01	-9.15013667160703758618467e-01	 3.30880213369856679417325e-01
 3.41221496748657371345104e-01	-8.79079611000367910911280e-01	 3.32846702973077224196885e-01
 4.44256927110855293072689e-01	-8.31318473591816986534297e-01	 3.33984098691826769567115e-01
 5.40820256852940106639949e-01	-7.72877009329504538470701e-01	 3.31925561274513836185207e-01
 6.30218773016915867479781e-01	-7.03889097063711388635454e-01	 3.27665129624569784194676e-01
 6.70860013419284251234842e-01	-6.12950127390049281927986e-01	 4.17419433816395291092505e-01
 7.53427927482655523938604e-01	-5.31470359179877060995523e-01	 3.87150636577550777417400e-01
 8.23458473485149000659078e-01	-4.41404707025362608163732e-01	 3.56480051421341259665354e-01
 8.89349437234284279085728e-01	-3.52292615852248081065312e-01	 2.91457529165128736980961e-01
 9.35863461225450388170088e-01	-2.82295304563033866429578e-01	 2.10876606015897083423738e-01
 9.54864238749903226910476e-01	-1.70273901363737018010980e-01	 2.43394913814853564026919e-01
 9.61533015540622759687039e-01	-5.63723498338623424386284e-02	 2.68842738788990065490481e-01
 9.83719212977572365907974e-01	 2.34475225725475945603993e-02	 1.78176103066588237266998e-01
 9.72649851814550880924060e-01	 1.37509883159479040504181e-01	 1.87198551806893931370723e-01
 9.49319850424027111834846e-01	 2.49051147809881412431565e-01	 1.91742919987892529443130e-01
 9.12742092902300461432219e-01	 3.57812388955445759286533e-01	 1.97160255006745777084376e-01
 8.63353897792469737737520e-01	 4.61924701808912818723485e-01	 2.03090169691436450705169e-01
 8.01769633957402527713043e-01	 5.60310528291111165088978e-01	 2.07888349721548210125022e-01
 7.28621632395012652771982e-01	 6.51843293150858094087141e-01	 2.10263734343970609685925e-01
 6.43677880930928036917749e-01	 7.35563952508088259030217e-01	 2.11245017387272554509892e-01
 5.42628722213463698942348e-01	 8.09185857414914777585579e-01	 2.25327135491206587136759e-01
 4.51582419664806666848023e-01	 8.54384899712186896003629e-01	 2.57098738607319854398980e-01
 3.48587579784611356625845e-01	 9.04080996057075703120631e-01	 2.47233193136263434963595e-01
 2.80606795815124432369458e-01	 9.47611337857021784891742e-01	 1.52619063380674935270775e-01
 1.62053878223056169183280e-01	 9.73783027482987506573409e-01	 1.59640708902629407939244e-01
 3.58512375456740764456676e-02	 9.84213717036337976118432e-01	 1.73314880965135059698312e-01
-8.68357552221126205438395e-02	 9.77350036188938453562969e-01	 1.92993415370800308616950e-01
-2.09936115164211400951899e-01	 9.55067662237324310758879e-01	 2.09218995548423852826048e-01
-3.23270590125557311100835e-01	 9.18127840882694723489976e-01	 2.29210369215606918347206e-01
-4.29615731050566052040551e-01	 8.69226600567796992002911e-01	 2.44694586166591232512246e-01
-5.28909009774196414710445e-01	 8.09880387552461833422512e-01	 2.53671080806530835349832e-01
-6.20323452274705422482270e-01	 7.41250343414034618128028e-01	 2.56411276948902699945876e-01
-7.03639174962475966168540e-01	 6.63485525012704857594770e-01	 2.54320407275431537019728e-01
-7.78442371406660837962477e-01	 5.76733814307818670741312e-01	 2.47801496833108342299212e-01
-8.30929918728018357398923e-01	 5.37502164283669592315107e-01	 1.43690269514048757359959e-01
-8.91430793731467163709681e-01	 4.28316435505294690333500e-01	 1.47973548525827586219705e-01
-9.36024483279163099780362e-01	 3.14488428816480980465542e-01	 1.57972133120108493287148e-01
-9.26192291589366223369950e-01	 2.56351815415318651236731e-01	 2.76498798792524591583231e-01
-9.34474560886040195306634e-01	 8.62753980186419383580088e-02	 3.45418370608118474596182e-01
-9.66485686317248293697446e-01	 1.85706139342098654199109e-02	 2.56047945592195735908803e-01
-9.57921797889656700952798e-01	-1.01485193951091415276444e-01	 2.68489449581463424099326e-01
-9.36015004358241364812443e-01	-2.15781369308386622440921e-01	 2.78054513136613390411611e-01
-9.02368913521149562662060e-01	-3.26402942262408513052208e-01	 2.81409778069460270177871e-01
-9.01768277751175073575496e-01	-3.93914859359057067944576e-01	 1.77890575404696632544344e-01
-8.48972735781459153514561e-01	-4.98355661859289700288400e-01	 1.75746772922105748415689e-01
-7.84654509560300694737123e-01	-5.95684966119582659516141e-01	 1.71687861439869082769150e-01
-7.08342250669762307779820e-01	-6.86030559482933899317914e-01	 1.66172583092482367694842e-01
-6.19855281221365572719151e-01	-7.67884648378560741299736e-01	 1.61655798307751147335765e-01
-5.15328477245865723688212e-01	-8.40990193931292595586058e-01	 1.64839480255381282125526e-01
-4.05371588652269410069096e-01	-8.97022001756069831124307e-01	 1.76140294876183323147245e-01
-3.48599063680655629759997e-01	-8.91746535381296556721509e-01	 2.88559888821062537900275e-01
-2.37977088100650463475816e-01	-9.22675551876900312819885e-01	 3.03375561817020078514417e-01
-1.80885348386751659832683e-01	-9.61073652391280064399837e-01	 2.08849049359312061158178e-01
-6.27446710846193272947957e-02	-9.73674069628979288459902e-01	 2.19139025238829665553908e-01
 5.62304611353424063646678e-02	-9.72431281915486445122099e-01	 2.26308500045204530337628e-01
 1.73741747323196221719499e-01	-9.57555053448175597097247e-01	 2.30004619199145943220230e-01
 2.87645841377842881314564e-01	-9.29538695393262726085482e-01	 2.30689582999805548046979e-01
 3.95283283736041934908201e-01	-8.89261435712440762024755e-01	 2.30141748827761644102807e-01
 4.95824648775185061744253e-01	-8.37617963234811968575855e-01	 2.29246734618684416817658e-01
 5.89742245368495732193992e-01	-7.75146045924207327537658e-01	 2.26611322567499995361828e-01
 6.76579763339735684724019e-01	-7.02115198916211880053595e-01	 2.21977636914161780001820e-01
 7.13655461107700617162664e-01	-6.25461371248002495626395e-01	 3.15426625235922741818939e-01
 7.93148046193618672106140e-01	-5.41481864992759076571360e-01	 2.78771531371495906448388e-01
 8.55193214931941336764964e-01	-4.54718042128368860055332e-01	 2.48749004615723801059346e-01
 9.03716059093142343172644e-01	-3.92251907592391757528816e-01	 1.71568428119190902192415e-01
 9.69291268310619735792955e-01	-2.09128160621501940630296e-01	 1.29382570742189034751490e-01
 9.83047987052396154972200e-01	-9.31070770770532074589454e-02	 1.57948495878876882247965e-01
 9.97515700809696648221347e-01	-1.42710916140461850643018e-02	 6.89837849228614741203813e-02
 9.91789728896479649833395e-01	 1.00909928690480030222254e-01	 7.85513841197566786700435e-02
 9.73391747577553756443081e-01	 2.13308903551944872845070e-01	 8.37127075979683527018338e-02
 9.42150073415771505125349e-01	 3.23118064138968930087970e-01	 8.91513084017358931054886e-02
 8.98257482941158036382490e-01	 4.28974072834263253639620e-01	 9.54711431595915982484257e-02
 8.41965207200737086878917e-01	 5.29807883925497269395066e-01	 1.01971545020198783859655e-01
 7.73303949265540024882171e-01	 6.24974376118269669966310e-01	 1.06808385653461401787467e-01
 6.92109797364963807986271e-01	 7.13320844889502092556199e-01	 1.10260603288553388212634e-01
 5.96820758163975173538063e-01	 7.93299932502070981321651e-01	 1.20333701500401304973487e-01
 4.93538847466952590448130e-01	 8.59066606269750732138846e-01	 1.35734932987662426651099e-01
 3.93755904278680679553304e-01	 9.07357652136750791882491e-01	 1.47167859787936089466243e-01
 3.26100498144900774466493e-01	 9.44081836489295556091861e-01	 4.86615980075308859897909e-02
 2.10557488975843448697489e-01	 9.75974946905437845678932e-01	 5.60218426072850994579255e-02
 8.93354913858249582991888e-02	 9.93557168143780256031050e-01	 6.97375337172565085142040e-02
-3.52289021387557146902658e-02	 9.95639026006016725212078e-01	 8.63820256065370717379892e-02
-1.58355946028732791353022e-01	 9.81764999475033039999516e-01	 1.05170719133860779415102e-01
-2.79992134755172039639604e-01	 9.52384207758255385556367e-01	 1.20700974676768976734387e-01
-3.92834811101924197274116e-01	 9.09375744045393008541112e-01	 1.36808506052816858389320e-01
-4.97446649133818641352889e-01	 8.54916213803947888649759e-01	 1.47190688022911880805665e-01
-5.93359389123151670375478e-01	 7.90649089019664574884416e-01	 1.50992229507928260590077e-01
-6.80950260247990546425001e-01	 7.16588470422857448660636e-01	 1.51022207390911211710716e-01
-7.60362323021495312147522e-01	 6.32600340776282021870713e-01	 1.47193568402588320642721e-01
-8.07762445786803784386620e-01	 5.87976689991070666785333e-01	 4.24646111917340862706993e-02
-8.73084404309133144117538e-01	 4.85303066086875733997630e-01	 4.69527102395997930628369e-02
-9.25832538096067025890079e-01	 3.74347764133869276292899e-01	 5.19409558110699581812142e-02
-9.64838617900504069702095e-01	 2.06161536792668881323820e-01	 1.63045583059248155866072e-01
-9.55078989082288054568437e-01	 1.48728969768884555779920e-01	 2.56327560291595035746326e-01
-9.83394298367950447925523e-01	 8.09593243796176004201115e-02	 1.62423033260071958405746e-01
-9.85129473416124668005978e-01	-4.82773190412721583952838e-02	 1.64891543364285936279501e-01
-9.70266393052660491846950e-01	-1.69204331319422640600436e-01	 1.73069410281907420934289e-01
-9.42014810065131436012109e-01	-2.84279410933889253865203e-01	 1.78306797786947274220282e-01
-9.34621653666944940397343e-01	-3.47732422274089847391565e-01	 7.45957572269315971613679e-02
-8.87322445034531281926604e-01	-4.55268034235749463611853e-01	 7.34159079563655031508418e-02
-8.27506450879001653753164e-01	-5.57059970092509848527129e-01	 7.01232021100737928920310e-02
-7.55657182385834902405009e-01	-6.51549545861478174302306e-01	 6.68237382701893645187141e-02
-6.70864684102221886519146e-01	-7.38868448702623803470146e-01	 6.33560662936397261946198e-02
-5.72869022766373525712424e-01	-8.16892630277727405108124e-01	 6.71380171932138281043478e-02
-4.63568612236243404733926e-01	-8.83090899012288099712009e-01	 7.24886600168073158556581e-02
-3.50411149213460781925988e-01	-9.32936853748977390488051e-01	 8.27094518411350398956472e-02
-2.95627013375771741099385e-01	-9.35214214611659877540717e-01	 1.94882122707079913359607e-01
-2.38149046966363436839131e-01	-9.66039369302095218827731e-01	 1.00264492156610346418333e-01
-1.21092288894884783645445e-01	-9.86184245736946185623140e-01	 1.13036680022231009190570e-01
-1.88875356366071224870073e-03	-9.92550374765757470463257e-01	 1.21820302750937053959390e-01
 1.16772759405566195489712e-01	-9.85046320315206114237583e-01	 1.26680185878779716368570e-01
 2.32638332498249472690688e-01	-9.64154459915456008012313e-01	 1.27614982183007874549929e-01
 3.43057792429599162087328e-01	-9.30930451947953985225581e-01	 1.25219186586194408672412e-01
 4.46972605465473904473583e-01	-8.86080853026312231790484e-01	 1.22785226568869768049019e-01
 5.43914701151569035530997e-01	-8.30423575482601594721643e-01	 1.20637818091555201749365e-01
 6.33732481878529929630872e-01	-7.64545488968987441147362e-01	 1.17700198424856933288041e-01
 7.16188549541872387926844e-01	-6.88689827393049625037236e-01	 1.13049914420314909224707e-01
 7.58208313336020234274315e-01	-6.17844143784456623080814e-01	 2.08299706143333429597675e-01
 8.42543604786750943702600e-01	-5.15065442713791954432168e-01	 1.57568600155591154177159e-01
 8.91202520533013964332270e-01	-4.47607509014088356114058e-01	 7.35226854093741777340654e-02
 9.41282067041551817609957e-01	-3.24152299618180483875562e-01	 9.44105763049284951726747e-02
 9.82034980584928884894680e-01	-1.77303083661830479522692e-01	-6.45826093585931959584201e-02
 9.90010693222011073366673e-01	-1.33290312153506035341977e-01	 4.59621582619216678677887e-02
 9.97706966147519747067918e-01	-5.47128534804595251239689e-02	-3.98411014498534429839616e-02
 9.97649016602426996769282e-01	 6.09904185450627772668852e-02	-3.12507362778586955665006e-02
 9.84484439329604277268970e-01	 1.73541133326853946883261e-01	-2.59588859835295122924226e-02
 9.58663780633036366474187e-01	 2.83788091677673381951763e-01	-2.06899667548793991800338e-02
 9.20469022036971895595059e-01	 3.90553279401464947806488e-01	-1.43148670640574453283289e-02
 8.70005227120700053156099e-01	 4.92995231229138020090375e-01	-6.82691496856250527175414e-03
 8.07176843995156434452554e-01	 5.90308900572232841952314e-01	 9.71814396175120259920022e-04
 7.31054636324069084807320e-01	 6.82277261156024161792288e-01	 7.54039909537782947895890e-03
 6.41212832553467948493164e-01	 7.67167708456639840797209e-01	 1.73150359556768287938588e-02
 5.41160552542208406201496e-01	 8.40418591241490320342677e-01	 2.90146147291442703386455e-02
 4.35598950782071170362286e-01	 8.99344845899183509274621e-01	 3.78470901408907434149143e-02
 3.67392063091973253285971e-01	 9.28272975167035219179468e-01	-5.77265584593797051460307e-02
 2.54734465150226518925791e-01	 9.65732762222191842838015e-01	-4.97049719376579518526071e-02
 1.37277260047475813120599e-01	 9.89838446131280580431167e-01	-3.70783553339397928261256e-02
 1.69564472296762393244141e-02	 9.99644942509701261990074e-01	-2.05540217992293550164362e-02
-1.05316978452336354465935e-01	 9.94437463531965382124156e-01	-1.57008718896759261705875e-03
-2.27875920916076141198303e-01	 9.73554112402845839291388e-01	 1.62774349993160642735557e-02
-3.47623867421393395460427e-01	 9.37156113455969941306023e-01	 2.99343583711866208230123e-02
-4.57891996049197780305207e-01	 8.88094184626828320183733e-01	 4.02944063871206806237701e-02
-5.57887046641813544312072e-01	 8.28751147944456700855653e-01	 4.39724683184856621198655e-02
-6.49241737233878679624866e-01	 7.59246695301754814799722e-01	 4.50513296906929205931647e-02
-7.32422813307200493149196e-01	 6.79408748993239552937951e-01	 4.42783732606217630967116e-02
-7.73617130791835028169601e-01	 6.30824025091966222866802e-01	-5.98129109154468055487008e-02
-8.44458255989302797317464e-01	 5.32573646921434162848641e-01	-5.70575542440147492895264e-02
-9.02540576245324910331647e-01	 4.27631727996851063178241e-01	-5.05134976138470886963816e-02
-9.48109507486894265149147e-01	 3.14341071062825772042260e-01	-4.77289519687427721272854e-02
-9.63621529904967744073474e-01	 2.61048220488456772514496e-01	 5.73356231623863565882715e-02
-9.79623824730753711698128e-01	 1.97407949101815832770868e-01	-3.69765283836152869323399e-02
-9.87820117831770594385432e-01	 1.40928601610838283297866e-01	 6.59586541315143465302739e-02
-9.97529074850008745656282e-01	 1.35058871599900483934098e-02	 6.89444402465279881919713e-02
-9.90962806859266076564552e-01	-1.14104940874382457249858e-01	 7.05179260164303101099392e-02
-9.69179085336362544644828e-01	-2.34765313400069813853932e-01	 7.46803064451298376225097e-02
-9.55160385922593779817191e-01	-2.94659831012808237638012e-01	-2.90554840211844737918323e-02
-9.14020401695681883325051e-01	-4.04530070505482397535957e-01	-3.03665497034782960739108e-02
-8.60095006944670448234547e-01	-5.09170052437269871070669e-01	-3.13438467625587538489818e-02
-7.92794316883613126023533e-01	-6.08510316747799318015666e-01	-3.45306462224218985168633e-02
-7.13760656625544109843418e-01	-6.99505633614599053871075e-01	-3.51794484736597384832990e-02
-6.20675570141222543441017e-01	-7.83353768867710464895993e-01	-3.34471139356112348584027e-02
-5.18590864740141155309061e-01	-8.54612239420526442756909e-01	-2.64846227216051083308557e-02
-4.05755661742976447836639e-01	-9.13744451722965922435549e-01	-2.08187393714374946451784e-02
-2.89829983884293373996854e-01	-9.56997231136590520428342e-01	-1.24450808968520620911846e-02
-2.25507584352206580380340e-01	-9.67881814612075452863849e-01	-1.11135603399038510041841e-01
-1.77635112415445217681764e-01	-9.84087026342228776698562e-01	 4.30016535283296325725688e-03
-5.90657405268204607762250e-02	-9.98127373982871990421017e-01	 1.59054582478568920511641e-02
 6.07923970885609413206119e-02	-9.97901793981272433597951e-01	 2.22776575336164836538266e-02
 1.78909033364162139978504e-01	-9.83574470873078809951551e-01	 2.39336170990525794188830e-02
 2.91693176049724556264664e-01	-9.56296595502819757328439e-01	 2.02956270102925689924334e-02
 3.98842729260773798394268e-01	-9.16879557525350552538157e-01	 1.60110682946081953059725e-02
 4.99885621344568764623517e-01	-8.65997537639883407933894e-01	 1.27526614717601051440798e-02
 5.94137535532995086917651e-01	-8.04301457934506247582362e-01	 9.98767416402458578505996e-03
 6.81344805331469127729349e-01	-7.31926894592120014237935e-01	 7.23029878759914607783132e-03
 7.62586924574973457069405e-01	-6.46842260800063351133815e-01	 7.50147387827110150027021e-03
 7.93608255271244011908038e-01	-5.99002629369777994661206e-01	 1.06685459053350736868815e-01
 8.41619355305686545065669e-01	-5.39430874648049840658359e-01	 2.62905353935625404893095e-02
 9.26191520911625820744462e-01	-3.76966059394043484509496e-01	-8.11521141660705158660249e-03
 9.67505145634519836406184e-01	-2.52371494084771219590380e-01	 1.55699115009258707426065e-02
 9.59091692301968889999841e-01	-2.27973243181975399052064e-01	-1.67843159379337220071804e-01
 9.84404425212294209579511e-01	-9.83220325360377317425176e-02	-1.45879078487749253012495e-01
 9.89828260336994891765983e-01	 1.74204630464441859172275e-02	-1.41196821867511868031642e-01
 9.82180300733938027590852e-01	 1.29169245939575350057282e-01	-1.36517994248350260644287e-01
 9.62039795569751388093493e-01	 2.39215381260700438170730e-01	-1.31359937227484457888949e-01
 9.29647222521040483833588e-01	 3.46415065156717383310081e-01	-1.25509538646996793298527e-01
 8.85425258655253899497950e-01	 4.49666981125610265568326e-01	-1.17565800387088623124576e-01
 8.29073698117132718010680e-01	 5.48559739982287020154672e-01	-1.08254398344580282653737e-01
 7.60234294305349278531025e-01	 6.42282916123947056341592e-01	-9.75524136931863738997350e-02
 6.76975203239295053592173e-01	 7.30939488305340834273238e-01	-8.62092723263680610346071e-02
 5.81856537139681329051655e-01	 8.09835162964079202652101e-01	-7.48997931556679291675849e-02
 4.78066806456016568649403e-01	 8.75831425265522045542355e-01	-6.61168895389802890871778e-02
 4.06554744018560343388202e-01	 8.99394938491089090959463e-01	-1.60629962126039305125857e-01
 2.95238697505589009484339e-01	 9.42593932891689467723495e-01	-1.56047393989712207540421e-01
 1.81014833027185961800143e-01	 9.72708118207765703999712e-01	-1.45163862572085189395210e-01
 6.43317364416609582811191e-02	 9.89457938642445133936576e-01	-1.29747506118014194198551e-01
-5.42234640037218204589031e-02	 9.92322222775891105150947e-01	-1.11159444657445746762470e-01
-1.73521132584542020493856e-01	 9.80710492545360912330921e-01	-8.99852563368762625728436e-02
-2.94658829020272794441127e-01	 9.52759819101792082562952e-01	-7.36539312292434494855442e-02
-4.10262026536984125701935e-01	 9.09641500470542263556695e-01	-6.50953931047912603968797e-02
-5.13787550308240303920115e-01	 8.55576060528160708962275e-01	-6.33400173616218004069012e-02
-6.08392042521030962376472e-01	 7.91183872158983003686217e-01	-6.23474380596828400835641e-02
-6.94867056347892808609856e-01	 7.16482042612625380506586e-01	-6.17515717699092941961325e-02
-7.29435347490652752355800e-01	 6.63541092256063613774586e-01	-1.66244677264629797663886e-01
-8.03685246429198474338307e-01	 5.73395510977422140364013e-01	-1.59083665607062246794001e-01
-8.68379191019973295517786e-01	 4.70603924395278594428049e-01	-1.56363445047938698362344e-01
-9.19305502717955524971671e-01	 3.64494518161958491742070e-01	-1.48395211857959952173047e-01
-9.23833291909297749100460e-01	 2.95923913503233659838543e-01	-2.42819039980313067239592e-01
-9.58262868598156680732814e-01	 2.46702495163431234637130e-01	-1.44465059949349078349812e-01
-9.96871202302965442321181e-01	 7.37254514768255903023331e-02	-2.85019968349300330257012e-02
-9.98249240337363619168798e-01	-5.28414659178577800213716e-02	-2.65750568302041065282815e-02
-9.83575882405705259614592e-01	-1.78544661042897706559884e-01	-2.64629469809162659599266e-02
-9.62994043822762879614174e-01	-2.35616410692072952848264e-01	-1.30871611033360063514053e-01
-9.28102430173935233348459e-01	-3.47196065121155694743749e-01	-1.34464759210812162537607e-01
-8.80897603369242165882724e-01	-4.53666704629184125430186e-01	-1.34929364814417390716628e-01
-8.20707500100025355571631e-01	-5.55410511662202455163140e-01	-1.34008816182732359845176e-01
-7.45696183431996506563166e-01	-6.52140975427818347931463e-01	-1.36562623667707133678917e-01
-6.60859368747979125657821e-01	-7.38772096940265576847651e-01	-1.32214535965246626769698e-01
-5.62561796832123928169267e-01	-8.16602249836256954829139e-01	-1.29170392533953515279421e-01
-4.58390278613624246872860e-01	-8.80627733267466572542048e-01	-1.19888063929350294212206e-01
-3.42114249549702598152123e-01	-9.32650106316257887506538e-01	-1.14549637464798487185291e-01
-2.75545383618743866538381e-01	-9.37798261781795927660710e-01	-2.11208810813946407103359e-01
-1.56995654748589646976242e-01	-9.64497308019176879945178e-01	-2.12361265803872351076720e-01
-1.15449898054107338851715e-01	-9.89064327389842956606003e-01	-9.17773246732208475284764e-02
 4.47249014890191681076415e-03	-9.96618921346141273254204e-01	-8.20409802886462591331451e-02
 1.24697748107504113868060e-01	-9.89046032986000911435553e-01	-7.89836454689942096818456e-02
 2.39226384475989400923979e-01	-9.67343892775130664851702e-01	-8.37647305326220115162528e-02
 3.48505748438989237936170e-01	-9.33023062038186412614493e-01	-8.95081505219872397560721e-02
 4.52578295358983473395398e-01	-8.86768678297495949180984e-01	-9.38839590157378722778958e-02
 5.50558513361823931298034e-01	-8.29138349558764087277041e-01	-9.70305140447442898699038e-02
 6.41765031273975439241042e-01	-7.60481390501995702102533e-01	-9.90237311661423119657499e-02
 7.26894826189406928484971e-01	-6.79977093066029270040929e-01	-9.62032461226980245561080e-02
 8.07894081833670840708805e-01	-5.84442349175130493321717e-01	-7.57251149143069596236799e-02
 8.41836801512122034907293e-01	-5.16526083017882831072143e-01	-1.56561825430222151256388e-01
 8.79064512208841186691188e-01	-4.73617798962179203936529e-01	-5.41457651275978751881368e-02
 9.48697898516672188939935e-01	-3.03559031317764960178351e-01	-8.84545750963187660254050e-02
 9.57902873517659125823798e-01	-1.49226748192480856980424e-01	-2.45262028309539081849522e-01
 9.67840497955691048126425e-01	-3.29562551259446820384191e-02	-2.49396583306495139842340e-01
 9.65799416572133084812890e-01	 7.75523861152832699739079e-02	-2.47420925462567192765206e-01
 9.52148310777371165158911e-01	 1.86648489817962309755828e-01	-2.42024658934730990678119e-01
 9.26026141656859591577700e-01	 2.94210580160554568962539e-01	-2.36465049192686349588399e-01
 8.88026833200231124898494e-01	 3.98501321689715526375153e-01	-2.29357886561414370252265e-01
 8.38727416770248201949300e-01	 4.98582491925404103216835e-01	-2.18979038045565010950355e-01
 7.77123049196108528491322e-01	 5.94357113294995187402492e-01	-2.06928461753773440534587e-01
 7.03408410565321218221868e-01	 6.84583335938153347832724e-01	-1.91212614912714101711444e-01
 6.14725632307028369005764e-01	 7.68366483481735973448679e-01	-1.78116097101399722957282e-01
 5.14751462311512586467188e-01	 8.40693132242217755489833e-01	-1.68124922152928540919348e-01
 4.39927252959177395030821e-01	 8.59238077952236611878334e-01	-2.61101393142085469456504e-01
 3.31986020837253426041258e-01	 9.06761434609968719477990e-01	-2.59940344449872184906525e-01
 2.20490065857322281583919e-01	 9.42159905149800858126241e-01	-2.52425917818182965479679e-01
 1.06926574520442130289410e-01	 9.64987083107673337956101e-01	-2.39513333859868421393813e-01
-7.80631943923157899101195e-03	 9.75056002507883046170889e-01	-2.21821670154562999854875e-01
-1.23844596649778523889118e-01	 9.71598385012550358474925e-01	-2.01641003076402230975717e-01
-2.39228504829993360303320e-01	 9.54409792525113487293709e-01	-1.78526385750050142764422e-01
-3.55958714680245091876998e-01	 9.19345029084065235025491e-01	-1.67624911458909037209608e-01
-4.61239245936755859478495e-01	 8.70919213194673691447178e-01	-1.69582080704487547784254e-01
-5.58298635420161559750341e-01	 8.12069155037210332892528e-01	-1.69842047576968024902300e-01
-6.47638611042154255237335e-01	 7.42934561580372299083308e-01	-1.69152199798788177576014e-01
-6.74043203573571059195046e-01	 6.86113114814216440429107e-01	-2.73705230852849534795013e-01
-7.51668137118466916923865e-01	 6.03241118386507180204603e-01	-2.66636765523154795065608e-01
-8.21104333825372845190316e-01	 5.10410701143661604817225e-01	-2.55477179276792532025553e-01
-8.79398409547448856038443e-01	 4.01670055165837591726330e-01	-2.55577002229250338505295e-01
-8.77710556078569736904171e-01	 3.23670135466347097530360e-01	-3.53357924993121796930495e-01
-9.53986835338299754560865e-01	 1.75646590891684578616960e-01	-2.43017269158685683683174e-01
-9.82700083522208611697124e-01	 1.31716806263543345645317e-01	-1.30196884729153694593151e-01
-9.92214968148122267166400e-01	 8.17115401606755345498279e-03	-1.24268617216360274801978e-01
-9.85341021776394487829975e-01	-1.17893726265026838051497e-01	-1.23305069287511434583671e-01
-9.57741231111150836952106e-01	-1.72881168351022851403798e-01	-2.29877871617262113934643e-01
-9.28910269577489011716409e-01	-2.84385851168405257016758e-01	-2.37171665105042145382797e-01
-8.88474450730526332797865e-01	-3.91692263139366558810650e-01	-2.39144979867549845042873e-01
-8.36108478082299599876137e-01	-4.94614681927076804690557e-01	-2.37231804994771811045950e-01
-7.70671257113031749064191e-01	-5.93133391405251342298754e-01	-2.32934740775017273817227e-01
-6.87956630908139743496577e-01	-6.86595363061274777116694e-01	-2.35164796286089189392143e-01
-6.00416860774500960040712e-01	-7.66768535265517470200791e-01	-2.27080617016218511139414e-01
-4.97438961266137513739238e-01	-8.37917703232068822316592e-01	-2.24607218104763362021004e-01
-3.92620877158658398986546e-01	-8.94896941897046049874120e-01	-2.12151620786833361442802e-01
-3.26321406450955808775660e-01	-8.93775754733188931844268e-01	-3.07699918659379345609040e-01
-2.04302602778307251796264e-01	-9.29696883457793110672185e-01	-3.06470473923469266530617e-01
-9.14658987846598409143795e-02	-9.41461653139110343779805e-01	-3.24474875804102336207535e-01
-5.36990856003222646886108e-02	-9.80810540391501839430077e-01	-1.87422229371596638092257e-01
 6.84872917695893979050936e-02	-9.81227895966681251671559e-01	-1.80281188821426352486554e-01
 1.83962978130575299795524e-01	-9.65125505805842220929947e-01	-1.86253538812949509528849e-01
 2.94422149257873078109782e-01	-9.35908005302399814695491e-01	-1.93369603705592224551779e-01
 4.00501092843780437391388e-01	-8.94503022513445600338855e-01	-1.98653510780071013153147e-01
 5.01290420107130652027649e-01	-8.41305679339221290646833e-01	-2.02268802884646298201332e-01
 5.95803020746952571862209e-01	-7.76735799064518728229700e-01	-2.04206412534988335227837e-01
 6.84222099884126411240004e-01	-7.00999808849751659955984e-01	-2.01095464948288532580634e-01
 7.67806723457354123318908e-01	-6.13880468417502989098011e-01	-1.83367406888981038237674e-01
 7.97118871391906513856895e-01	-5.41480012370886165662398e-01	-2.67209470404246918207036e-01
 8.64706738109226935584672e-01	-4.43656978098504239937938e-01	-2.35479814109414153922017e-01
 9.05791313255271735016549e-01	-4.01709557702943809154306e-01	-1.34801810378776282250968e-01
 9.21079982262758223399146e-01	-3.23921180423172305751223e-01	-2.16071134462925501518171e-01
 9.32110022606030375058594e-01	-1.10539159180867166409890e-01	-3.44894186736994345920948e-01
 9.35217834143295845272803e-01	 6.06406046338254633293330e-03	-3.54020945525853170110508e-01
 9.28802580388466192395924e-01	 1.18111752155223126425909e-01	-3.51248317670775300758379e-01
 9.10503613658497523708490e-01	 2.27968102154972901418617e-01	-3.44983642966847858790658e-01
 8.79081383212240718982855e-01	 3.35253699512503944291097e-01	-3.38852296218917770076473e-01
 8.36127049477058292836773e-01	 4.38095422403642908992794e-01	-3.30096891838991490786270e-01
 7.82497804090800830323360e-01	 5.36196138420214962749810e-01	-3.16529442131888216760416e-01
 7.16247842292343950276745e-01	 6.29523144392826083937109e-01	-3.01147205009993035318416e-01
 6.39148757269426215366082e-01	 7.15705757273338183388489e-01	-2.81521109486918108544273e-01
 5.44669060518189862563077e-01	 7.94470527802597414890329e-01	-2.68611606166402727691178e-01
 4.66805508342219122042138e-01	 8.08362083173032264227231e-01	-3.58668872178110997861467e-01
 3.62735002964590602658745e-01	 8.58932629888357390690601e-01	-3.61466533633957365356792e-01
 2.55074093690360215180846e-01	 8.98651450425959619217053e-01	-3.56879219590270024831113e-01
 1.44205043678057698297579e-01	 9.26697461560003432623489e-01	-3.47039940231748944565737e-01
 3.20758246915809550059429e-02	 9.42600405865893775647635e-01	-3.32378724246615020465612e-01
-8.01169920202507157558358e-02	 9.46532566914602191410211e-01	-3.12501787770376238118075e-01
-1.93413508193551714198222e-01	 9.36588395598215495141403e-01	-2.92221477785298000551251e-01
-2.99589829285393738356191e-01	 9.14498401845381114760869e-01	-2.71916544570191043295182e-01
-4.00711893661326201687700e-01	 8.73798917271473851720032e-01	-2.75509401751653948409171e-01
-4.97694640450189240699075e-01	 8.22018799367997932137087e-01	-2.76740200102464695142146e-01
-5.89259207348164171236249e-01	 7.59210580574756210836540e-01	-2.76356438135164361735718e-01
-6.01990810890239091968112e-01	 7.03460624981410709288809e-01	-3.77822991233296490154459e-01
-6.85810660225410151369374e-01	 6.25018238857027785826403e-01	-3.72848413456791538678203e-01
-7.60626390028120269448664e-01	 5.38436829729666222021933e-01	-3.62675164828605955946728e-01
-8.26564159489339256303708e-01	 4.42841586899088313078465e-01	-3.47394615905859127646949e-01
-9.14866008075858383463697e-01	 2.23913979103354948696492e-01	-3.35980233390962779171929e-01
-9.28913725672924739384939e-01	 1.09302442361303056572730e-01	-3.53796928124454401753951e-01
-9.71833512302997859499953e-01	 6.92188623988911622131326e-02	-2.25273996397769099564456e-01
-9.74035395932796754792093e-01	-5.69067073712117080241946e-02	-2.19127073010631695515471e-01
-9.39215741800442649456215e-01	-1.04755160020524804020958e-01	-3.26955878985710712836266e-01
-9.16622845473408776051372e-01	-2.14733809264319924769993e-01	-3.37182369519917368716477e-01
-8.82810554116762569165644e-01	-3.22094077339289852623949e-01	-3.41907781255422760224860e-01
-8.37961892377742101345461e-01	-4.25933825603765525702471e-01	-3.41174798496685971471720e-01
-7.81565845805720527117444e-01	-5.25634309047670833514587e-01	-3.35951487304292972790876e-01
-7.12293794764728871449222e-01	-6.20979537341714293852135e-01	-3.27142116124678472566245e-01
-6.21287439709062971893161e-01	-7.09513707942758253821580e-01	-3.32554079062452434545349e-01
-5.34077073739502417026870e-01	-7.82651707127145601639029e-01	-3.19715474503212915280415e-01
-4.24328557349322454950169e-01	-8.47152792151757649818933e-01	-3.19808414785045680428510e-01
-3.54649181922358780472138e-01	-8.29366024371723242758492e-01	-4.31712815862170029568290e-01
-2.64172926018308051876460e-01	-8.79865563881338741403226e-01	-3.95030700901461029328487e-01
-1.51313270127860471925274e-01	-8.97708929074536143843943e-01	-4.13790977358209799419342e-01
-4.26504594326006930549156e-02	-8.97906146593819287637928e-01	-4.38115841095967240015341e-01
 2.61512151648941263554216e-03	-9.60436370099060132687896e-01	-2.78487235130077837030882e-01
 1.21125469301380794817646e-01	-9.50668770790089601163686e-01	-2.85582753209958739581964e-01
 2.33082051234588055743657e-01	-9.26832102170422222897628e-01	-2.94372233368966229605235e-01
 3.41235095985669145690622e-01	-8.90604022423422403420545e-01	-3.00637796211439711768776e-01
 4.44712563161723029026007e-01	-8.42221865748882470015246e-01	-3.04783636405568769678354e-01
 5.42291393394027321228634e-01	-7.82080802888764026192803e-01	-3.07033650278972836122904e-01
 6.33615910367814505477213e-01	-7.11039583359012627994389e-01	-3.04882910353150682336576e-01
 7.19704784192792046404463e-01	-6.30379753375087115152553e-01	-2.90940526817373423806856e-01
 7.43547112153302491854845e-01	-5.52665492028632243659558e-01	-3.76428673096556476451724e-01
 8.14904396599334446271712e-01	-4.63250490915500190425291e-01	-3.48324284352416302379396e-01
 8.76620695201056232548353e-01	-3.66317542906983650841113e-01	-3.12005792420280647636588e-01
 9.23915548479566028916565e-01	-2.39332886928405458304425e-01	-2.98495943879004410614897e-01
 8.90224895156436435428304e-01	-1.81075511895498170167329e-01	-4.17984802397760757397549e-01
 8.91737727005446401129518e-01	-6.67226870060600579792620e-02	-4.47606869109323957101054e-01
 8.89840749477986414639474e-01	 4.59489534092464499415165e-02	-4.53951687130965952921002e-01
 8.79169553055691554988016e-01	 1.56052952595588129147686e-01	-4.50231465988389645271894e-01
 8.56585423007087176650032e-01	 2.64044181665322119645367e-01	-4.43330670290765893604146e-01
 8.20290111131631860530433e-01	 3.69294615407493531655803e-01	-4.36744342391159889871233e-01
 7.73274218694047998923224e-01	 4.69877552904477580053566e-01	-4.25748832035519997329942e-01
 7.16430177783191290963316e-01	 5.65457662814435324527551e-01	-4.08638510086826278744354e-01
 6.46129339516416600908144e-01	 6.55388055496040511371802e-01	-3.91130890277408160837780e-01
 5.66876043786247674205470e-01	 7.37031487843802901593904e-01	-3.68016489994676843089394e-01
 4.86583850116306948496714e-01	 7.46217059168265306468015e-01	-4.54308548689387026175979e-01
 3.87931937019197758953482e-01	 7.98559024567835340491229e-01	-4.60230699238762974712103e-01
 2.84397963206441228845023e-01	 8.42227661582109266014129e-01	-4.58006948189609741639572e-01
 1.76076096276120558359324e-01	 8.75660459051945228026170e-01	-4.49684299006646193141989e-01
 6.35704888306685284016240e-02	 8.97254017994970620719641e-01	-4.36914202265972217986700e-01
-5.08865294602081144614836e-02	 9.06764367119480829693146e-01	-4.18555783190129537807422e-01
-1.66940797548328856425570e-01	 9.04170664460765105552298e-01	-3.93199923248347515958301e-01
-2.92654241171038886903943e-01	 8.80057863667137896257486e-01	-3.73967447409846998063188e-01
-4.05779199644254906509389e-01	 8.32532303055490974230679e-01	-3.77138178265192747229406e-01
-5.09152813879859444945453e-01	 7.73028804997192953152307e-01	-3.78404385232032958175097e-01
-5.30395962141755217267303e-01	 7.01728641150547671756499e-01	-4.75664837393649952979047e-01
-6.15872659047273729449046e-01	 6.29416315591654451644388e-01	-4.73852265484789536564847e-01
-6.92934395173955941515942e-01	 5.49337563304868714553209e-01	-4.66979834176137809098606e-01
-7.61351313618717329134711e-01	 4.62549210846018910014976e-01	-4.54304308582670846039520e-01
-8.22351523742974044317577e-01	 3.68170057704096498341073e-01	-4.33807307462393210162332e-01
-8.81910756010235052926305e-01	 1.89152664228298628135150e-01	-4.31803992627201427279005e-01
-9.49530737958689363686915e-01	 9.87390996491768237197650e-03	-3.13518553794877474771852e-01
-9.10412595623568021707683e-01	-1.12819184283364151027973e-02	-4.13547607956489149394486e-01
-8.93733265915891528230475e-01	-1.26899032597809324762750e-01	-4.30276056643934645684624e-01
-8.66362587589438737367686e-01	-2.37814651057476095230570e-01	-4.39158352496845039159012e-01
-8.28122870813934874867357e-01	-3.44973419832142469410030e-01	-4.41821061567014006232768e-01
-7.79311003752777176067923e-01	-4.47737840641270756769643e-01	-4.38412118317606125383890e-01
-7.19495981768427328439941e-01	-5.45589599829370608397028e-01	-4.29717954915912359048491e-01
-6.47340901247205113833161e-01	-6.38443399369157393863361e-01	-4.16340946069937767326508e-01
-5.44019958663700009537934e-01	-7.21135306773278084158108e-01	-4.28959384907890983740231e-01
-4.59772092554499023364656e-01	-7.89301517111327344267124e-01	-4.06955449642604272231239e-01
-4.24159266670124657228058e-01	-7.53753233045663217914978e-01	-5.01941211867557468551126e-01
-3.18945861644052031103058e-01	-7.78557269660724804438701e-01	-5.40483223790128919361564e-01
-2.36333198946998668255048e-01	-8.37565512396917122295292e-01	-4.92575508443901577404489e-01
-1.21551330710302635251807e-01	-8.47882747078313347977030e-01	-5.16062129214581721825539e-01
-6.29902949162163255242275e-03	-8.41982051221088378945012e-01	-5.39468764294089964117518e-01
 4.09033822424166859654804e-02	-9.25896854284643966437329e-01	-3.75555493298835363358279e-01
 1.59297673752960500248577e-01	-9.07365466001024967290789e-01	-3.88988640252691642018590e-01
 2.71783672167947298881074e-01	-8.76438748512271437185461e-01	-3.97477993918090355407458e-01
 3.79159654001134716061472e-01	-8.33049230873752266646193e-01	-4.02823703024523638305254e-01
 4.80383391292724892807087e-01	-7.77475161075234399987721e-01	-4.05911531347828258287080e-01
 5.74616340255857616092783e-01	-7.10882738726345331237155e-01	-4.05538892452863675153196e-01
 6.63089923236405032191954e-01	-6.35417079299569920181057e-01	-3.95672704437319611159296e-01
 6.82011902414848991682561e-01	-5.50731095842422746500233e-01	-4.81201646959653117630040e-01
 7.56108177359061550681929e-01	-4.67275959331931611817623e-01	-4.58206942288286345199566e-01
 8.20940592393651025204804e-01	-3.78886986221920685213860e-01	-4.27201586410949241123802e-01
 8.76833974510450198103229e-01	-2.85379647561639249175869e-01	-3.86937511624037056012781e-01
 8.39590840238239266568598e-01	-1.57164241861946440970144e-01	-5.19987136444746145258478e-01
 8.38110592656563513358492e-01	-4.25452665258318207808230e-02	-5.43838702901062065464544e-01
 8.32955254276930845414029e-01	 7.07674923650788711970705e-02	-5.48796416166151823645691e-01
 8.19020183493369136051854e-01	 1.81715403471847697369768e-01	-5.44229226678935140704141e-01
 7.92601037649518835870310e-01	 2.90392675201232630666226e-01	-5.36148943211098072403331e-01
 7.51000641482184372321740e-01	 3.95928953205637701451280e-01	-5.28430033691155043307219e-01
 6.99739064383312237005441e-01	 4.95113012699328225441064e-01	-5.15003248952626835333035e-01
 6.39803469733109531070170e-01	 5.88220600027611562055085e-01	-4.94619091645915665012012e-01
 5.63891162418552638335711e-01	 6.74202513113298929070538e-01	-4.76946253007574594295903e-01
 4.40660673950724057768014e-01	 7.12508942941881495691803e-01	-5.46030380712590468483825e-01
 3.29692316663995288461564e-01	 7.66459880369913637565560e-01	-5.51218856821920955013638e-01
 2.18533323660757172746116e-01	 8.08214150672922682083765e-01	-5.46839165661923587435922e-01
 1.05734790122271382628583e-01	 8.37823596788129787427124e-01	-5.35604121364651519776601e-01
-9.49790470328220129414554e-03	 8.53922663750624200140749e-01	-5.20313246169349041814201e-01
-1.22266050310362847652890e-01	 8.57296247797588950589898e-01	-5.00094147589910331674901e-01
-2.31235426572488300678287e-01	 8.51822742350440642589149e-01	-4.70029991715862793810743e-01
-3.33920479772937595086546e-01	 8.17455402635992256499264e-01	-4.69322679922288266141095e-01
-4.36964277495355657432441e-01	 7.65333425742504958044776e-01	-4.72574827550308107504407e-01
-4.49089095548878936003945e-01	 6.91785569629956742510046e-01	-5.65465922855521219148045e-01
-5.40895263063972175920924e-01	 6.20796687274894121166824e-01	-5.67489019685380013946485e-01
-6.23529386257518192238081e-01	 5.41827813002952685117464e-01	-5.63590033206549656519257e-01
-6.97515668987924608579476e-01	 4.55584765381227774216910e-01	-5.53095301976846975833269e-01
-7.64133706643368881827882e-01	 3.62411453933097760238269e-01	-5.33626851301135407545928e-01
-8.34132014764257134764591e-01	 2.71341936026058661024507e-01	-4.80205514023892887642830e-01
-8.79982796328067973234965e-01	 8.08984034576798599625036e-02	-4.68065942453232242126404e-01
-8.58771878551775724730533e-01	-3.43551833689070482136252e-02	-5.11205029302669422541783e-01
-8.36680197881504494894500e-01	-1.47686018406514546486008e-01	-5.27404101652800161303958e-01
-8.04871098641330107170688e-01	-2.57017252790018913000125e-01	-5.34906203310608230339085e-01
-7.62796712530716902733730e-01	-3.62014436788209548190309e-01	-5.35804743268708083547835e-01
-7.11043738476739517473391e-01	-4.61908404269508021666724e-01	-5.30148496214238984514111e-01
-6.49251291501117933080423e-01	-5.55997591748809472100845e-01	-5.18979227381650143335889e-01
-5.77151862757220412980530e-01	-6.44993126923821713525342e-01	-5.00878821210181901513181e-01
-4.87242054590598105967558e-01	-6.78864866711955339262374e-01	-5.49306538266650878910013e-01
-3.85101037755724295852389e-01	-6.98809986548346917523133e-01	-6.02794984567525449214997e-01
-2.80154342058190730657685e-01	-7.15055248230411333310030e-01	-6.40476023442007380559460e-01
-2.03206204278425367482086e-01	-7.83903116991933157642336e-01	-5.86688283258739118330993e-01
-8.77804197997397589459112e-02	-7.87950259987501122616038e-01	-6.09449740081502322475160e-01
 3.00341569237987729423800e-02	-7.75723202291887514725488e-01	-6.30358202012075152786963e-01
 7.90736798032476151387726e-02	-8.77435585773424620015248e-01	-4.73132271125972114766967e-01
 1.96245769120198254586995e-01	-8.51291061436994178635018e-01	-4.86611885202054728072341e-01
 3.07625770394900854842746e-01	-8.12890401871641854469885e-01	-4.94545831985170325495460e-01
 4.12449459202015589198709e-01	-7.61983884939694600113569e-01	-4.99265463151793820184565e-01
 5.09148406935163055919702e-01	-6.99600276906729878767521e-01	-5.01325595065135853900529e-01
 5.99459549153730231196846e-01	-6.28602021811179856314311e-01	-4.95487383394676905723486e-01
 6.18979841853321000044730e-01	-5.32293372819382715199765e-01	-5.77518588992426695760685e-01
 6.96997437502291927735598e-01	-4.50519706875171288551485e-01	-5.57876837511962486715333e-01
 7.66898479615549022447851e-01	-3.63071485866088783378558e-01	-5.29193554490556827829550e-01
 8.28832571412100427288294e-01	-2.69999092184069366950894e-01	-4.90037813628891039119395e-01
 7.79139446504400701165594e-01	-1.32402544312417796978920e-01	-6.12708159861131917978128e-01
 7.74581119680377905289959e-01	-1.55660725386282065146881e-02	-6.32282995517366663840164e-01
 7.65781394518495917012046e-01	 9.93608633726931200769172e-02	-6.35378843399070580844068e-01
 7.47787442757967379947104e-01	 2.11501706335021882887659e-01	-6.29349639446050601598870e-01
 7.16439572346890707343903e-01	 3.21240968846253249768807e-01	-6.19288768758262664348990e-01
 6.66961928798706638055194e-01	 4.27882289608690513649236e-01	-6.09982402838257109500830e-01
 6.09499863022959220693053e-01	 5.26468756864246323345924e-01	-5.92739879728712892870135e-01
 5.43434321699974409725087e-01	 6.18988729714637919698816e-01	-5.67037997390605008618536e-01
 4.52858131618093018300186e-01	 6.36251251379656768136783e-01	-6.24582947049621806101527e-01
 3.52811848591464916058413e-01	 6.88679613005677482284739e-01	-6.33438386998943836481146e-01
 2.46821719502274244950613e-01	 7.32786256924164769444019e-01	-6.34116188442632733313076e-01
 1.36951931525065517813999e-01	 7.67470434436362203278748e-01	-6.26285318938273771749436e-01
 2.26457415876593660952754e-02	 7.91450282400414151240398e-01	-6.10813900362663475540614e-01
-9.89363830530945592700576e-02	 7.99748261275637695177920e-01	-5.92126937991310997588812e-01
-2.21249743985194535778049e-01	 7.96433294115131307222555e-01	-5.62798861771598324388322e-01
-3.46871874396566526321806e-01	 7.54471430809066090361625e-01	-5.57182880969554927830245e-01
-3.72731344019689270208318e-01	 6.65444798515965496576996e-01	-6.46726035747225758143486e-01
-4.65390460308436948455579e-01	 5.98607744939888775093095e-01	-6.51981968425417668377975e-01
-5.50518196782354030105466e-01	 5.22707084445707903519462e-01	-6.50927813879368044602813e-01
-6.28031507939258437644980e-01	 4.38940186737583504239524e-01	-6.42579129370318580249943e-01
-6.98922294201712590577813e-01	 3.48174068025487448707622e-01	-6.24725895911477424604641e-01
-7.70429976085358014792348e-01	 2.56905307826393869419235e-01	-5.83470063293516805202898e-01
-8.27354690106602230770250e-01	 1.64834559171032540847435e-01	-5.36948586795327753584672e-01
-8.18097581633130177536373e-01	 5.63609637025352730455019e-02	-5.72310919602749823553722e-01
-7.94671445126673314796051e-01	-5.69875955156735683471148e-02	-6.04358923370563627663898e-01
-7.67539136395174681481990e-01	-1.69463115043792522662613e-01	-6.18195702622886145150005e-01
-7.30447648030871365953942e-01	-2.78628798652187426032611e-01	-6.23548094414381970373995e-01
-6.82871788683770075678581e-01	-3.83552923961952563214339e-01	-6.21750170679562508269100e-01
-6.25423532973065743334473e-01	-4.83511167885739279181934e-01	-6.12423346169344795519862e-01
-5.56774058221145340397129e-01	-5.79233598470609956088140e-01	-5.95391540496457372100281e-01
-4.59698801966896053450284e-01	-6.10384264778149998598167e-01	-6.45064384989155858995957e-01
-3.55478621674468753255383e-01	-6.28659733605836490433205e-01	-6.91680481779743949743988e-01
-2.47163276688248195744890e-01	-6.39750209103247091668720e-01	-7.27756816944424289594906e-01
-1.67819183294458162958307e-01	-7.17743017600522725807366e-01	-6.75782274408020189326862e-01
-5.32876501807129920873507e-02	-7.17754330137364005004486e-01	-6.94254382706570916106159e-01
 6.47696511937748131693127e-02	-6.98918715839938253786556e-01	-7.12262255726701098978992e-01
 1.14956393548276497584837e-01	-8.16846393931414449518513e-01	-5.65284880660732125257084e-01
 2.31333446896327926678438e-01	-7.82632123701737625331987e-01	-5.77902928957080175287331e-01
 3.40682363438645996467358e-01	-7.35733728631677408316136e-01	-5.85347254025836982727071e-01
 4.40450560668126933627775e-01	-6.76391464656125207532966e-01	-5.90337098738910825979076e-01
 5.33462776463295207385329e-01	-6.08051878902206910382233e-01	-5.87954401881275345864708e-01
 5.50533319788273911576937e-01	-5.04755454889103005733375e-01	-6.64932323295083227421287e-01
 6.31973456058006033408958e-01	-4.24709175110159098398555e-01	-6.48252780491798574757922e-01
 7.06187579813734922495883e-01	-3.38965122173775612601787e-01	-6.21612216793184568786046e-01
 7.73524208993516260157719e-01	-2.47748120231154445036736e-01	-5.83336238393333816887321e-01
 7.09787360958891833107032e-01	-1.03563899073627077584980e-01	-6.96761380267074903471780e-01
 7.01741928799554992579601e-01	 1.41977359837125761965471e-02	-7.12289751195127829319631e-01
 6.88883244656705584496592e-01	 1.29130864161275782375782e-01	-7.13277712502088490076346e-01
 6.66673812459708692301774e-01	 2.40992881475642267696813e-01	-7.05314439706507090299681e-01
 6.30893614148595460733304e-01	 3.50383300782371287507289e-01	-6.92246191870618643449120e-01
 5.71475226475158804007037e-01	 4.56322489006859621785139e-01	-6.82045344205024495209955e-01
 5.11266179478355509147036e-01	 5.44628158918416871436818e-01	-6.64821075353919432870953e-01
 3.95431190875735472101127e-01	 5.86445147809780520375966e-01	-7.06906119575267610777303e-01
 2.87155523211580443465607e-01	 6.40182314485822412386540e-01	-7.12536532192321270251512e-01
 1.77267497612896646197456e-01	 6.81220374129733907686557e-01	-7.10292218851232615151048e-01
 6.57899117336539912548332e-02	 7.12665247914804123041677e-01	-6.98412436837008598899956e-01
-4.82703948973856114545988e-02	 7.33364551027208988465134e-01	-6.78119756586630262340520e-01
-1.68922606624114401974168e-01	 7.35033979623503586076083e-01	-6.56650745655671719269719e-01
-2.73922848645452354787722e-01	 7.23400356306421077334790e-01	-6.33765096455858434332242e-01
-2.69813374056401655831650e-01	 6.47086678617780464151110e-01	-7.13077536832923519760641e-01
-3.72455259985133679823122e-01	 5.79072517685481957805393e-01	-7.25225550136509800047691e-01
-4.64283133071371312272646e-01	 5.03670567497293886205512e-01	-7.28530803591986297895744e-01
-5.47310755561019823822733e-01	 4.20924822067282766724361e-01	-7.23376272084488625147003e-01
-6.23325178382795774822966e-01	 3.31678740454917797553236e-01	-7.08134828351419942649159e-01
-6.97689779211371208234027e-01	 2.40246666289768512347891e-01	-6.74915188242671493235036e-01
-7.60761005214122043582847e-01	 1.47638761939107243659208e-01	-6.32017000498156011900619e-01
-7.46356494971760153767093e-01	 3.57669696709361772946068e-02	-6.64584611839626804297154e-01
-7.20086344231576025443076e-01	-7.82157943580171072239793e-02	-6.89462070286791406381610e-01
-6.87983724220762704604226e-01	-1.91124899975592482670450e-01	-7.00106897421136076253845e-01
-6.45233375781267270987485e-01	-3.00860048213992148369300e-01	-7.02251466475210750495251e-01
-5.91653197901076954856592e-01	-4.06209908214889225952504e-01	-6.96376337824225921657728e-01
-5.28878928324363339896763e-01	-5.07390972294631370509421e-01	-6.80324540501356267441224e-01
-4.28605974042813420155085e-01	-5.33996589192998527551026e-01	-7.28796653220262324879286e-01
-3.21663035893264837028482e-01	-5.50232242129166881916547e-01	-7.70569510856378037111369e-01
-2.10392355558077087662738e-01	-5.54876462182519625265797e-01	-8.04889538035210572175515e-01
-1.35208058675915093749254e-01	-6.40498990493694630998789e-01	-7.55962845678045503028386e-01
-2.15386575564923445080812e-02	-6.38020729120837071235428e-01	-7.69717893414710530031186e-01
 9.65771684660747670170267e-02	-6.11881274625840076986094e-01	-7.85031309116606346165668e-01
 1.49996426652375475230272e-01	-7.44315923514295763041559e-01	-6.50764840779355369093651e-01
 2.64018322485395806609176e-01	-7.01187703123490990719802e-01	-6.62291575048634229005984e-01
 3.66614175695096189411260e-01	-6.44557923709255020661146e-01	-6.70924085991119745209232e-01
 4.62333004245507772633772e-01	-5.78637297290295782303815e-01	-6.71883227480716938018190e-01
 4.75180338475976571377402e-01	-4.70770043412221728118539e-01	-7.43356719315505509726449e-01
 5.59404302559657118365521e-01	-3.92972471978070891918122e-01	-7.29821527871840736167997e-01
 6.37284804893328615804649e-01	-3.09471561758640212325133e-01	-7.05758761840574178059171e-01
 7.09132366769221755831154e-01	-2.21203740672196169647634e-01	-6.69477551164271544870132e-01
 6.31668006942803117453877e-01	-7.09604378145178155135042e-02	-7.71984549890785576309327e-01
 6.19584944811428228739203e-01	 4.64971478212394054296830e-02	-7.83551218113729408543122e-01
 6.02459027607032404638687e-01	 1.61125685276651692268146e-01	-7.81717105863059757986377e-01
 5.75809459001069723349531e-01	 2.72684530425622961846699e-01	-7.70770143292702436532693e-01
 5.35465553485771850183994e-01	 3.83322819048140250863810e-01	-7.52555816818369027743074e-01
 4.50230658936958849647425e-01	 4.93259300036638259623345e-01	-7.44303443953175380976006e-01
 3.24863971873532109135851e-01	 5.41813665941937361303360e-01	-7.75178270578524175604684e-01
 2.11782236462086714823272e-01	 5.86988077694533427752788e-01	-7.81404684503230528846984e-01
 9.96340508308719563501654e-02	 6.23380250806981228706150e-01	-7.75545046286065908880403e-01
-1.36293408533263975951355e-02	 6.51055824972026853103557e-01	-7.58907473831887502413451e-01
-1.30919305070786418099260e-01	 6.68462849664365976742886e-01	-7.32132197201009304876607e-01
-1.99585223257416982667323e-01	 5.96811259385969794521998e-01	-7.77162826779189019887895e-01
-2.92671142911834158972795e-01	 5.37616943956492399081526e-01	-7.90766478600074540494802e-01
-3.80654756310694730725430e-01	 4.68877748856149745293465e-01	-7.97029242327805143020214e-01
-4.63666121733562197615441e-01	 3.91719300053716246168278e-01	-7.94713607233438756871635e-01
-5.41569309537580756419572e-01	 3.07169382464256512932366e-01	-7.82527733338260311768408e-01
-6.17471039404165256136992e-01	 2.19049054696440620437770e-01	-7.55478012343003602069302e-01
-6.84978165225912150049226e-01	 1.27556568120199526061853e-01	-7.17310417527265431480998e-01
-6.65360121632295964388959e-01	 1.43926084338650058652709e-02	-7.46383789590801205449111e-01
-6.36115806283229945350399e-01	-9.98120598519976337525961e-02	-7.65110602269199469027683e-01
-5.99270288545042717487377e-01	-2.12989255901482266164493e-01	-7.71693396458511871038866e-01
-5.50824263085697540809349e-01	-3.23209850083250149754832e-01	-7.69498553608297108930003e-01
-4.91587284418672498809144e-01	-4.29501463408144712463610e-01	-7.57542364972505821718585e-01
-3.86798618138830041512932e-01	-4.52876543222963667822967e-01	-8.03299237896010098758381e-01
-2.73759063642023681151016e-01	-4.67444693406252109735277e-01	-8.40566138789909489403840e-01
-1.50554784106000066890019e-01	-4.62431226038901299624229e-01	-8.73779502029518928551965e-01
-1.01209855114239730133896e-01	-5.52179372058440254278366e-01	-8.27559367236515130983321e-01
 9.84770831587445175103745e-03	-5.48349266940825086358302e-01	-8.36191427895781047574530e-01
 1.82484023367957964856245e-01	-6.59706553372483850417041e-01	-7.29031442842378973878681e-01
 2.86897987196022608014090e-01	-6.05649792392906505256178e-01	-7.42211475199150982895446e-01
 3.84911688137923702068832e-01	-5.42486828751901462020157e-01	-7.46693399572755489579379e-01
 3.92836187578632256567346e-01	-4.31145015149568655576928e-01	-8.12276865139198611664995e-01
 4.79205273134730269646298e-01	-3.55961713842832538912120e-01	-8.02280228148458118830888e-01
 5.60273724268385509006407e-01	-2.75430732132944555701215e-01	-7.81173006248387702399327e-01
 6.36238057975020199208416e-01	-1.89779901304930193051135e-01	-7.47786548852589438851624e-01
 5.44168231582282224678693e-01	-3.86371267539261376011694e-02	-8.38085978985934731966267e-01
 5.28347532991162549542707e-01	 7.66717765893246416819551e-02	-8.45559177737897571525139e-01
 5.07226411522963993583346e-01	 1.88231989879234756779525e-01	-8.41005401551999876019750e-01
 4.77761207654388841969961e-01	 2.96248282148246278033810e-01	-8.27031549449495195780457e-01
 4.40582773366084867738834e-01	 4.03600799538085475148819e-01	-8.01868576778805630667080e-01
 3.43883030928566146844361e-01	 4.47966536324156561210685e-01	-8.25269921524540372992362e-01
 2.35786764234885093394212e-01	 4.87227258333360835340642e-01	-8.40841364675049218746494e-01
 1.28008671661484441095524e-01	 5.24693164308041137822158e-01	-8.41612062240006841840056e-01
 1.94931614582370509036746e-02	 5.55572033494969197420232e-01	-8.31239876482491535369945e-01
-8.93864186840273855505501e-02	 5.78978239965948882073121e-01	-8.10428445824044385581431e-01
-1.81755096070537025543246e-01	 5.03592800034672327669227e-01	-8.44606048288566557680213e-01
-2.76206993466299233208616e-01	 4.38012817821403332985142e-01	-8.55484931594041375646498e-01
-3.64641876317016333519661e-01	 3.64250437880243416177706e-01	-8.56946859811071881551925e-01
-4.47731457922905529134283e-01	 2.82480607675602790607172e-01	-8.48375652569928306867553e-01
-5.27283030022512977375015e-01	 1.95856383052694843494024e-01	-8.26808855460434477535614e-01
-5.99646440140732317480854e-01	 1.06036867939712703412525e-01	-7.93208881357289841140812e-01
-5.75706744681916626760199e-01	-7.23110839550263843206190e-03	-8.17624275079405160582269e-01
-5.43878037325340901730897e-01	-1.21149483035655480822612e-01	-8.30373098838906531504733e-01
-5.02797411196555743551073e-01	-2.34383769701756866643549e-01	-8.32021040475801387792387e-01
-4.49239852471439715664303e-01	-3.45228302882982118759969e-01	-8.24015153889766205352885e-01
-3.42813562279598083026855e-01	-3.66476133051203911694671e-01	-8.64970580667925648121752e-01
-2.28959637213416528078724e-01	-3.81431925220338474691317e-01	-8.95593195010885967377590e-01
-1.03786805485793123815519e-01	-3.66109814060985194750231e-01	-9.24765863911122587559532e-01
-2.89556707772868765493612e-02	-4.60618008195824324424450e-01	-8.87126044965172222411809e-01
 1.08021362604286588759983e-01	-5.08164279634915727612565e-01	-8.54459156498565741699736e-01
 2.01208224656075823633117e-01	-5.60337180335341078496469e-01	-8.03453480087422011735043e-01
 3.01094668916903118738304e-01	-5.00419537018297222452645e-01	-8.11740283169569920573849e-01
 3.03000097734069606669749e-01	-3.86790478841480822591592e-01	-8.70967316407867508942786e-01
 3.91054020678912317432463e-01	-3.14466693658744800288218e-01	-8.64978295386765183572209e-01
 4.74666794482296983126446e-01	-2.37269877485522057147804e-01	-8.47581523780400858392170e-01
 5.54415445954581143084283e-01	-1.55729201733492528259006e-01	-8.17540169664116245229479e-01
 4.47926001518198668716053e-01	-1.70751450965678057414276e-03	-8.94069002682744917720470e-01
 4.27262267435781939450834e-01	 1.13059835591129351217710e-01	-8.97030896012919298776467e-01
 4.01312646905950642928218e-01	 2.25046199219102682764770e-01	-8.87863935324763597911613e-01
 3.68373453557695074156442e-01	 3.34503178359862485269360e-01	-8.67414907861933759392059e-01
 2.62630061530539193892508e-01	 3.79941092324270812685683e-01	-8.86944314567664982007500e-01
 1.52521912643196089209852e-01	 4.18497076920616772888195e-01	-8.95319642793879766351495e-01
 4.20415849882136427595469e-02	 4.53020531818911664778682e-01	-8.90508227296182508503364e-01
-6.93143168116650693066916e-02	 4.80920223234412302915075e-01	-8.74020173891366880525311e-01
-1.62340357696866166570260e-01	 4.05398928751195708475308e-01	-8.99609535759952172462306e-01
-2.55601757547563590566853e-01	 3.35156988144393042095004e-01	-9.06828282993299650271979e-01
-3.43916322089980242004970e-01	 2.57507405378380460625465e-01	-9.03001384038471632820233e-01
-4.27869035984727086319168e-01	 1.72804823258788792239571e-01	-8.87167729972184626596743e-01
-5.05247505939209973213622e-01	 8.39066515442269539315490e-02	-8.58885691794224359618681e-01
-4.78176254137588852000107e-01	-2.87176653651517246879088e-02	-8.77794261586916091388844e-01
-4.44553495291578393278087e-01	-1.42004310581711562511131e-01	-8.84424652302418401461637e-01
-4.00093815483645365294052e-01	-2.55259742264672906397749e-01	-8.80208726831716470329070e-01
-2.92761654834093720811694e-01	-2.74948450440173075559613e-01	-9.15802360260853820506100e-01
-1.78197906769890945799517e-01	-2.90354599153732961802632e-01	-9.40180680918888178609905e-01
 5.29798774949612454737702e-03	-3.65124159212454280076798e-01	-9.30943757530606541550355e-01
 1.00216017276804403302037e-01	-4.13645847646167186262289e-01	-9.04905444014046822509556e-01
 2.10186427994512481376432e-01	-4.53207260213513707380883e-01	-8.66270653304536231154032e-01
 1.99709537314558149834198e-01	-3.45819024584682332967844e-01	-9.16801670450542061097110e-01
 2.91886708723073373672463e-01	-2.73794639656973981534094e-01	-9.16427108157500724949784e-01
 3.79126769974392707762689e-01	-1.97956260423072460952199e-01	-9.03922679905807324729494e-01
 4.62705357477960266265882e-01	-1.19254129405714739964317e-01	-8.78454440925013457786008e-01
 3.43771739569471934672151e-01	 3.82160310632251587481534e-02	-9.38275293313829972241535e-01
 3.19549043949589328672545e-01	 1.53926690354208722810725e-01	-9.34983947727180408904246e-01
 2.89300055485226692564282e-01	 2.66369360493840467984938e-01	-9.19430716088138533237384e-01
 1.79013064985583641997025e-01	 3.08838955631139722157741e-01	-9.34116064549333269262377e-01
 6.59542425977328039543579e-02	 3.45744931448767389703391e-01	-9.36007735150114150712852e-01
-4.77155654610992088771049e-02	 3.77888759922191619367027e-01	-9.24620630278816357794369e-01
-1.39877630898351007493474e-01	 3.02103545894253699977128e-01	-9.42956889752857740916170e-01
-2.32135990600678576711857e-01	 2.28899955216496503451751e-01	-9.45366432855391569667347e-01
-3.20566733200104148071574e-01	 1.49025879026307317420930e-01	-9.35429450544427498748234e-01
-4.02908015824623266798454e-01	 6.18831738636646602746971e-02	-9.13145992477010559618122e-01
-3.73802012919607518082188e-01	-4.98115758999476410107121e-02	-9.26169996298527031797221e-01
-3.39536919504995426954963e-01	-1.62232550929784752336005e-01	-9.26496238368981761546195e-01
-2.29730272279984271133202e-01	-1.81126341818436537023373e-01	-9.56251666820840062754883e-01
-1.12759791667196004882889e-01	-2.11154602964425758271361e-01	-9.70926857713858004750307e-01
-1.96019077514012554641631e-02	-2.63378351928549137017654e-01	-9.64493446814392196841936e-01
 9.92589001397649883795538e-02	-2.96969834434176294113428e-01	-9.49713950713151344729113e-01
 1.90696280102233772790754e-01	-2.27721845512272508260665e-01	-9.54870509457515503903835e-01
 2.78797242299564762557651e-01	-1.54426999372209383665222e-01	-9.47852519937069870614721e-01
 3.64183303213492348682223e-01	-7.84934121391979294779517e-02	-9.28013634550298727177164e-01
 2.35261053987038337709237e-01	 8.07095892995642189005068e-02	-9.68575344860689635417828e-01
 2.06184002312301051240695e-01	 1.95034828598272008681747e-01	-9.58879331732686579492508e-01
 9.24039484514238146362075e-02	 2.35231165379758910827235e-01	-9.67536980763354148571409e-01
-2.34231185746934834901456e-02	 2.70529127037307359771034e-01	-9.62426801861143266236809e-01
-1.14741439732202507584269e-01	 1.94951812739921903627760e-01	-9.74078124545254331323463e-01
-2.06248149297160898729686e-01	 1.20535801759705324398553e-01	-9.71047280726145212170763e-01
-2.93546309267947891363804e-01	 3.93803591647175973977646e-02	-9.55133368502652735365643e-01
-2.63294765502399830126024e-01	-7.06636510527793304525801e-02	-9.62123960245729992202257e-01
-1.46442749112701775526801e-01	-9.91256398309570130322754e-02	-9.84240127591035518506146e-01
-2.66929384777267013351132e-02	-1.38775327363254097345902e-01	-9.89964088010593545874372e-01
 7.71048201943525385315681e-02	-1.87694899987364854920813e-01	-9.79196339464935783247768e-01
 1.69223098795586335274521e-01	-1.13254975509757910279163e-01	-9.79048953503502517037305e-01
 2.57672000065686412906274e-01	-3.75519323249524639152241e-02	-9.65502456113298102025055e-01
 1.20208933331877099170981e-01	 1.21635464584981270452779e-01	-9.85268809057918137916943e-01
 3.48871003680932155119332e-03	 1.60259885717718930653319e-01	-9.87068689571309665353738e-01
-8.70488676797880056579260e-02	 8.54449884019952837777012e-02	-9.92532945847466430144834e-01
-1.77427527381970040476489e-01	 1.10248639557906751018646e-02	-9.84072113669459014317908e-01
-5.73196945726746898142068e-02	-2.57811393858806518764037e-02	-9.98022938346639909568125e-01
 6.15109645304123889286707e-02	-6.66125580815707107884549e-02	-9.95881101511805866266513e-01
 1.49056621000048267200455e-01	 6.71396922646948050850124e-03	-9.88805868890994310582698e-01
 3.20772435532821337256237e-02	 4.76565682540118426557818e-02	-9.98348587392336783707947e-01
