 4.99915813109891478405178e-03	 7.27813225958682651767218e-03	-1.96346941723565425116926e-03	 9.99959090161512409444811e-01
 9.82010272682978802016862e-04	-2.54772272529819876485391e-03	 3.75605448379599915487148e-01	 9.26775642705557456402232e-01
 2.85294197448995867638644e-01	 1.45324030660993114283386e-01	 1.91507541420786298047574e-01	 9.27800090856506609604537e-01
 6.61386559630762482786537e-02	 3.04354998305517987500224e-01	 1.91055418873131876988936e-01	 9.30855273451817621932491e-01
-1.95606935415055693816555e-01	 2.47316668517149895745177e-01	 1.97185793145345650279054e-01	 9.28272672910685936464859e-01
-3.23804065673946261938454e-01	 8.42216719871707723311938e-04	 1.84976243336100409919709e-01	 9.27865295786669097566346e-01
-2.02736601874376060061778e-01	-2.47324219705626513476915e-01	 1.84532065881599510737132e-01	 9.29341980795499678080773e-01
 6.70556467572072101290814e-02	-3.14189309674162642327389e-01	 1.88157673845387868327705e-01	 9.28108456861340247456837e-01
 2.80597617584490366393624e-01	-1.39556610933251085127083e-01	 1.86443399443404073112518e-01	 9.31143269403114315352354e-01
 1.96933605263046818123485e-01	 2.55405145062038485548328e-01	-1.91710474147082005069720e-01	 9.26947927931358273134776e-01
-7.16952599138267893108534e-02	 3.12702203801406286576281e-01	-1.81184609879332741977365e-01	 9.29650073192331283244982e-01
-2.94542743908741633251935e-01	 1.38564173804363810482698e-01	-1.80953508066215629224160e-01	 9.28062697056159735531367e-01
-2.86812157782079746315418e-01	-1.33517000614493119847737e-01	-1.85044983330307527547021e-01	 9.30414074936306456642399e-01
-7.62299322299318377060828e-02	-3.12079891954668953157892e-01	-1.96574161386875972956645e-01	 9.26365876716553349190519e-01
 1.95333407700931382944276e-01	-2.54323561044325352487050e-01	-1.81193780680447086295359e-01	 9.29695218862827799100046e-01
 3.16882956298661588867560e-01	-2.26770186826882533259742e-03	-1.92992116208594105541962e-01	 9.28619455222097767155276e-01
-2.78717172928818731139633e-03	 5.95356111617313405598440e-03	-3.77562175322326831761188e-01	 9.25960901199213481937988e-01
 5.18139338500410093213411e-03	 2.34057468216398214524640e-04	 6.52258098002827635397693e-01	 7.57979202860754930348719e-01
 3.00472270817098374706688e-01	 1.64819422719886865547068e-01	 5.66496971617559852418822e-01	 7.49421212344855480758099e-01
 7.61149175459831326545634e-03	 3.34514813817421652331063e-01	 5.64153472668998179351263e-01	 7.54832937679242421680215e-01
-2.91080130842499118504207e-01	 1.71234770552849385749639e-01	 5.58221598392984574843467e-01	 7.57852002616611231111676e-01
-2.95525843297111401319910e-01	-1.69758360416682158033908e-01	 5.62387232759382738045417e-01	 7.53370543253062852073754e-01
-3.14492147354763790928489e-03	-3.28151951662132457254728e-01	 5.66461351147241609638172e-01	 7.55928530845145552063968e-01
 2.95354204757137694947744e-01	-1.62661969464700822962655e-01	 5.70307225313375187880638e-01	 7.49037146059861824731740e-01
 5.69254781879282356626959e-01	 6.32401042856238215783549e-02	 3.26147450591958598664633e-01	 7.52048883377856025589381e-01
 4.46558041758234103291159e-01	 3.61756031984408754631488e-01	 3.24572108176163887094390e-01	 7.51246587518390795956691e-01
 1.85378454165271405740256e-01	 5.41099309322671473410082e-01	 3.34995967624751755931101e-01	 7.48748334126346004602226e-01
-1.30247751192498900651984e-01	 5.56992645509143513571360e-01	 3.19066884263821348710621e-01	 7.55639490447792661065307e-01
-4.21240962120791151424015e-01	 3.95320770697633938617344e-01	 3.29524065098695806419471e-01	 7.46787406567230083176412e-01
-5.62069351291013763471938e-01	 1.15581620808594312532769e-01	 3.29088311303393055151645e-01	 7.49946542517557324103450e-01
-5.27439192368448828140970e-01	-2.09992237484488863952237e-01	 3.25279655617706997539074e-01	 7.56243548198067161436597e-01
-3.29240977068865903198969e-01	-4.62776201449354274153336e-01	 3.28842503102141414661475e-01	 7.54520493124185009925498e-01
-2.55944251474959326431158e-02	-5.66723879177936207263144e-01	 3.21768332937548806604866e-01	 7.58046245350157854581141e-01
 2.92420124909338496888012e-01	-4.92656892052735106979355e-01	 3.32208803478967418243428e-01	 7.49277630889925383428363e-01
 5.06326800934175813573290e-01	-2.64157632138894871154378e-01	 3.30216777341794442968137e-01	 7.51538951752027006847356e-01
 6.57797169969145723023018e-01	 3.91083644384595183196573e-02	 1.80460233208334496629588e-04	 7.52179092002453808518680e-01
 5.42935693580982814410163e-01	 3.63250240942327773385756e-01	 2.84981145133518173895304e-03	 7.57140656460719929654601e-01
 2.79530409514406275039988e-01	 5.92334872706380077822530e-01	 1.28778913011908489882895e-03	 7.55645743938110903137328e-01
-4.38625391910472603451687e-02	 6.55927109800744978507225e-01	-8.74036747935448728175079e-03	 7.53498049274502923466912e-01
-3.64600161917790599463984e-01	 5.44206062950849944748200e-01	-2.94449001378522265751081e-03	 7.55577800729756110520441e-01
-5.85781149868175754491517e-01	 2.89445868095088099103407e-01	-3.44366193986432676116261e-03	 7.57013655817543651416202e-01
-6.51276513556598546372811e-01	-4.60747557109556921117743e-02	 6.41546554528678140971731e-03	 7.57413270003618910308774e-01
-5.48274129393108156094172e-01	-3.62689302563150295366512e-01	 2.79202169901426964365720e-03	 7.53554346719144785282651e-01
-2.90060415004339822164781e-01	-5.92650952391085006354388e-01	-8.26134193201723612820508e-03	 7.51373112712274693336667e-01
 5.52765720741750163358397e-02	-6.60892092343721038183446e-01	 1.80841497599057822801005e-04	 7.48442456140496870098389e-01
 3.76537472229052538885696e-01	-5.46734644662302371465046e-01	 4.23243318999642469807609e-03	 7.47852155738441104482206e-01
 5.91890528642414426307994e-01	-2.92702333450208684872962e-01	 3.66509844451600244608080e-03	 7.50984362786335069017696e-01
 5.65580724262014222780692e-01	 8.21805201772429078088678e-02	-3.32526283186592164220485e-01	 7.50194026526980306535108e-01
 4.37017328671282900831585e-01	 3.72664877625798030003068e-01	-3.30696972834126523554943e-01	 7.48849955320496696309363e-01
 1.66345050805402377980258e-01	 5.43467350042973196266871e-01	-3.22222557314648883064478e-01	 7.57063529082879660414562e-01
-1.58576641171612353620191e-01	 5.46349138968729830523330e-01	-3.33636936520644633574761e-01	 7.51693063565160413119770e-01
-4.25992952956748438531065e-01	 3.77786322231919935443756e-01	-3.21872555695257800412179e-01	 7.56442698858196815869803e-01
-5.62787565759316099622822e-01	 7.93565479528615114190870e-02	-3.35484651799927813264901e-01	 7.51280734832452390392632e-01
-5.17579250065720919415924e-01	-2.31403801361819261295238e-01	-3.25414037636309383394462e-01	 7.56749433251152403556716e-01
-3.05067088810932529607811e-01	-4.79796631945805851504616e-01	-3.26889121337958110657951e-01	 7.54899175816732048716062e-01
 3.53335187238614954405302e-03	-5.65965942373431674106143e-01	-3.30846204701768176192900e-01	 7.55123073632593455606354e-01
 3.12701854281337676688679e-01	-4.87325816924138066621452e-01	-3.26978816260342974864272e-01	 7.46870773430865719788585e-01
 5.27546827045535238198681e-01	-2.37747169062737628841830e-01	-3.27094349501020731363354e-01	 7.47114392446930564162244e-01
 2.59297093671731537778413e-01	 2.13139904199923929661864e-01	-5.63041289744365291980444e-01	 7.55195937816168338940770e-01
-4.22036334718641978347442e-02	 3.39486322734849466087326e-01	-5.61839665372140473209583e-01	 7.53195911043244681337683e-01
-3.04968213468768623020111e-01	 1.21768289821826247720793e-01	-5.69890804978975484829107e-01	 7.53253836875691362706675e-01
-2.70001724297731671153855e-01	-2.09050326012725273816528e-01	-5.69452134025733358591026e-01	 7.47744138809367853149013e-01
 4.72701723748272586989039e-02	-3.40085927668740461982111e-01	-5.65233870180513742198514e-01	 7.50078505628646974301432e-01
 3.11708336079586201261549e-01	-1.24689706116602294638795e-01	-5.69446885615461417806671e-01	 7.50347009636143313926482e-01
 1.44148631903889953495557e-03	-6.17445370232488043027441e-03	-6.52954389461711470765692e-01	 7.57370690957442249668929e-01
 8.70546728817355938701006e-03	-2.66942941059531129582849e-03	 8.71820823361245555993548e-01	 4.89740279065992600848745e-01
 3.00222784631997474669163e-01	 1.63374335283121507877979e-01	 8.01159324738128897358536e-01	 4.91242142475330489936880e-01
 3.54147515997124424230735e-03	 3.43519973231727837603700e-01	 8.00970644213325977389673e-01	 4.90334083103605877784759e-01
-3.00528556250032774510572e-01	 1.77112614495897102706579e-01	 8.01701103707921580721063e-01	 4.85375163124565911498820e-01
-2.89942446998183167572449e-01	-1.63591959645338513862356e-01	 8.04446713977150618113399e-01	 4.91972085122182656302670e-01
-2.79854093998068006662883e-03	-3.37014339973007504003277e-01	 8.02202676946330739404800e-01	 4.92833002061861036313672e-01
 2.93769478043391707444698e-01	-1.64000647605947402762894e-01	 8.07244694562411102545241e-01	 4.84932247283868245180116e-01
 6.00665143622677200063720e-01	 1.56826125629135448846796e-01	 6.17929972548129868847866e-01	 4.82461916200201512694434e-01
 4.30939613480164740444422e-01	 4.40467612418006304597640e-01	 6.16905822177223117641631e-01	 4.89598344061937973403786e-01
 1.57071065465042764008885e-01	 6.02799155438229594672350e-01	 6.12564254454475487499110e-01	 4.86545879400150760307753e-01
-1.55197847703947788833290e-01	 5.97925356868881818783734e-01	 6.17684590246369569221940e-01	 4.86687417808861100265716e-01
-4.37198534625190371460945e-01	 4.36091730801227095426498e-01	 6.14079011945689590135089e-01	 4.91516439944974792286558e-01
-5.99129743102538081522823e-01	 1.61660939540141823655972e-01	 6.07773824242749727275736e-01	 4.95500020304972865758941e-01
-5.98285143141528918953043e-01	-1.54388665596728952289496e-01	 6.10081220331561313585667e-01	 4.96003963724217122877036e-01
-4.42437086183739003431015e-01	-4.39502849181850230309010e-01	 6.15347892610768276711042e-01	 4.82113722465732308375408e-01
-1.59666593955639118940226e-01	-6.02601148252630780532968e-01	 6.06939443311138471237598e-01	 4.92953290943859590012011e-01
 1.56287837320428391052474e-01	-5.94040588946011638427080e-01	 6.14161887212789414647318e-01	 4.95474587527558130162220e-01
 4.44478845970991631730840e-01	-4.37376520428689574693237e-01	 6.10719007293343940645514e-01	 4.88019086709341631813430e-01
 5.97031844727249461080021e-01	-1.55183364026425657522523e-01	 6.10072552386000332980132e-01	 4.97275155961214354594091e-01
 7.89696603955529430329818e-01	 1.61586098501042607633593e-01	 3.30278711228500443386480e-01	 4.91106077524556539071199e-01
 6.58029007010206057337598e-01	 4.74136267296771329871063e-01	 3.19118727585438022309461e-01	 4.90261015859203064248817e-01
 4.04349175931073612222377e-01	 6.98989885777579256220804e-01	 3.33695512593190746208904e-01	 4.86376591109888956054874e-01
 8.08771388738016294706057e-02	 8.04620798505480072648766e-01	 3.25609805345623115613307e-01	 4.89920925949052288306262e-01
-2.54227208861206754875184e-01	 7.72157786472200013960787e-01	 3.26291477704271637438893e-01	 4.82363711987702670214162e-01
-5.36289648432728194293873e-01	 5.96797693602960088732345e-01	 3.32859572527106684081133e-01	 4.95409356866783390227482e-01
-7.39437967792914263576165e-01	 3.34740282164884217497303e-01	 3.27525497002438659155388e-01	 4.83639828897253154504909e-01
-8.05505616765282095315115e-01	-1.01658658335589732052417e-03	 3.31450305455701865753326e-01	 4.91223333041726439862629e-01
-7.35765190500761057101897e-01	-3.21541018562769453925654e-01	 3.30446403267140975668070e-01	 4.96050534116036889731305e-01
-5.38666317064549149407071e-01	-5.97021142516678260392382e-01	 3.28942714164632499240781e-01	 4.95177791349934837139557e-01
-2.41442920811278244341835e-01	-7.68058481594948050386051e-01	 3.29567573876679842381776e-01	 4.93129495253752880845610e-01
 7.89427937751730063320466e-02	-8.07871487503743823666014e-01	 3.23440229206078344592612e-01	 4.86310716641715101715704e-01
 4.07974510403584345041850e-01	-6.99470090077920714222159e-01	 3.22852855524878357140750e-01	 4.89963698274446690650308e-01
 6.56647885210608572847946e-01	-4.75270590562706818360539e-01	 3.32568423347447905680241e-01	 4.82005875884105594586515e-01
 7.91179538577326701975778e-01	-1.62800701366770966815878e-01	 3.26367587198722719499244e-01	 4.90932854265367035750955e-01
 8.58922835995168942879729e-01	 1.65522385525877391287963e-01	-5.17666969382902467794461e-03	 4.84589624101383342757998e-01
 7.26622305425047354532353e-01	 4.77363697487352522941251e-01	-5.14370877329388669768617e-03	 4.94082450447340115751160e-01
 4.92643968286586131366533e-01	 7.21863773172841005631994e-01	 2.14670338277865753451312e-03	 4.86014408383229679078141e-01
 1.63294147079736079453127e-01	 8.52597199590969356819414e-01	 2.02661461067037054067930e-03	 4.96395940366516685848808e-01
-1.74555793203519965528514e-01	 8.51403084387413300326841e-01	-4.79440934823208240317394e-03	 4.94590817336604926524046e-01
-4.88166415372158268848324e-01	 7.18252196257079700281167e-01	-6.09267872564358799539197e-04	 4.95789231697541188381706e-01
-7.27747629795595596391422e-01	 4.81702662237382117638163e-01	-8.64636398153108623465535e-03	 4.88130282721949082525015e-01
-8.54582760576666378149469e-01	 1.66863122959421683599857e-01	 2.69657419691471346087641e-03	 4.91769999094082033153086e-01
-8.55764785315586529179654e-01	-1.64366641882351172121446e-01	-6.18592575226885928868503e-03	 4.90522143814807409789580e-01
-7.30977722559773002153349e-01	-4.80347921311426728774308e-01	-3.41994893851577856733887e-04	 4.84703338809020001232142e-01
-4.84489382991879380391254e-01	-7.25764650676197886625118e-01	-3.17791687399378037365283e-03	 4.88390837794226539969600e-01
-1.69061953594220937269199e-01	-8.59080253319177811199836e-01	-3.54654147592459991975011e-03	 4.83101020747754517081773e-01
 1.70831219155661323538808e-01	-8.50976416200502794318083e-01	 5.46368434871390747792352e-03	 4.96614520312965490589363e-01
 4.90944138869385648948906e-01	-7.18439733337748576147419e-01	 9.01732942724082722372667e-05	 4.92765861175628816504002e-01
 7.27324892809196432708063e-01	-4.81559923344718421311939e-01	-8.90462066327835262413704e-03	 4.88895948294893134544736e-01
 8.54410276401777024624096e-01	-1.70050250670411295939033e-01	-9.82158168796598389505004e-03	 4.90886471965887194457423e-01
 7.84857756131563721879729e-01	 1.86446767479951452939346e-01	-3.31438106965458167962879e-01	 4.89269544103817288771552e-01
 6.40363524671681449973448e-01	 4.93033723145634206197485e-01	-3.27100584075115385918053e-01	 4.89752500768432297295618e-01
 3.78652411131927102427852e-01	 7.10187292937622616229021e-01	-3.31752640468100268300589e-01	 4.92134682822043034722270e-01
 6.33881816500099087852149e-02	 8.02763487549344900706672e-01	-3.28871852162832156718508e-01	 4.93351828150769722292068e-01
-2.65214811179206422231402e-01	 7.65078980039440748051049e-01	-3.20087879149750731411217e-01	 4.91791630524962608550510e-01
-5.59010902217610849973539e-01	 5.82047554968462055313694e-01	-3.35462215374823735647425e-01	 4.85996457819296956426314e-01
-7.47562620681568978930898e-01	 3.01153340179684758659562e-01	-3.29563717382692078494699e-01	 4.91776931182446419565935e-01
-8.06129416901925410776641e-01	-1.52024375795401581190625e-02	-3.34565739470123746368557e-01	 4.87842203042962552217432e-01
-7.35071742944578554457280e-01	-3.41854838127348903409342e-01	-3.22671437555693718657324e-01	 4.88557003592298644267800e-01
-5.32079615752112267124119e-01	-6.09175957445912685805922e-01	-3.23767397680669088977368e-01	 4.90887571211603646048616e-01
-2.24606109069879489315014e-01	-7.80616730563887917249133e-01	-3.24361036032976279841478e-01	 4.84746876251771263710566e-01
 1.11840351982735883296094e-01	-7.96938566238877932335072e-01	-3.34029957377906527860034e-01	 4.90718498615665854600820e-01
 4.25579933542892696607396e-01	-6.84569128505465918088646e-01	-3.30002742110386770857389e-01	 4.91268784539094505170453e-01
 6.70418044015246405997743e-01	-4.59156202013565328812206e-01	-3.24052226106455232290671e-01	 4.84464016379647977039724e-01
 7.95805770158186320806237e-01	-1.39164476852691565422759e-01	-3.32314995228575216223987e-01	 4.86716723065362233402453e-01
 5.65471102117202195636025e-01	 2.41310352663232419168082e-01	-6.13843277328841585571695e-01	 4.95184992953229596857057e-01
 3.76224320510560261698885e-01	 4.89319402619999954673347e-01	-6.12955530986546870408915e-01	 4.93261897888914446763664e-01
 7.94199316635458008040160e-02	 6.16735345167362503104869e-01	-6.17753149737920725925733e-01	 4.81363723669254117698557e-01
-2.43481153408707712282322e-01	 5.72531678067254690134291e-01	-6.11054641383949714850132e-01	 4.89424795844460081006844e-01
-4.96709135626005104935388e-01	 3.74516207197485961888361e-01	-6.09202562742537145901167e-01	 4.91823019672729511153619e-01
-6.12110982721555507701794e-01	 8.92517586107906268910739e-02	-6.17596513677448388790481e-01	 4.85725040233663307720491e-01
-5.74725398310767521259379e-01	-2.28180170236112922488303e-01	-6.16700755803206601690647e-01	 4.87139306809974026446497e-01
-3.80290704220930919632337e-01	-4.90040367511622276808225e-01	-6.18177395423818776265534e-01	 4.82800296478001600419816e-01
-8.53937264369298565380717e-02	-6.06187929662115765339081e-01	-6.16774786056513812937396e-01	 4.94805990972334408528610e-01
 2.41162690444603422523784e-01	-5.72137081692127513754542e-01	-6.09149826574536312762120e-01	 4.93392546837250645097583e-01
 4.97797769421806812761844e-01	-3.70929242976007544907446e-01	-6.14052003459126582995964e-01	 4.87390002474150707545419e-01
 6.17408790697853149254115e-01	-8.35827219559577283547469e-02	-6.16424304375530529576110e-01	 4.81499107719413066419634e-01
 1.30096203321600711877437e-01	 3.07834905679663206612418e-01	-8.05777261003103095760025e-01	 4.88912726748685355637747e-01
-2.00488061427813613057936e-01	 2.68717720851458452546723e-01	-8.04432786222754936389379e-01	 4.90390881007396417512467e-01
-3.36575895328134200301662e-01	-4.36284262303735792531967e-02	-8.07824997006078904249193e-01	 4.81904556235832226551707e-01
-1.24489186547647318059617e-01	-3.13345947522257806117096e-01	-8.05502485227702513803649e-01	 4.87321768338003225018440e-01
 2.15777825443393633797484e-01	-2.66906513427563663043429e-01	-7.99450186881275892680776e-01	 4.93031684410196291423745e-01
 3.38905869284469252189496e-01	 5.07541380103244746391233e-02	-8.04618912357926152623122e-01	 4.84928072104838348010958e-01
 7.10453075177071378260019e-04	-7.61270749954372910606182e-03	-8.74268655112650838745481e-01	 4.85382179965922477826723e-01
-4.70688434110162756685014e-03	 7.61861096350346499866957e-03	 9.85285155208830087936178e-01	 1.70683815670666594321858e-01
 3.15462864646335272578170e-01	 1.54983248336589246596517e-01	 9.19940816653369908273419e-01	 1.73701662684321855856240e-01
 8.92562915001896411970606e-02	 3.49930234250211136259878e-01	 9.17605072156867596078200e-01	 1.66081537616965202452946e-01
-2.31579420469839314389304e-01	 2.77646742901452192597844e-01	 9.17706313578766752492299e-01	 1.64615856431688883931841e-01
-3.56237170030801075792937e-01	-6.91387873010495721502744e-04	 9.17912603255534365054302e-01	 1.74731375133096722418458e-01
-2.26829538709112710215265e-01	-2.84557829181714738719933e-01	 9.16470946219696935841625e-01	 1.66301554278889596183433e-01
 8.58344592627596353340280e-02	-3.55613338870832851323911e-01	 9.14342412158729689330983e-01	 1.73636263919618699658187e-01
 3.22862483753800055819028e-01	-1.56493593326107738317177e-01	 9.16194485483743048526151e-01	 1.78485956314185900684066e-01
 6.45203249890379471054302e-01	 6.98768486789795445490725e-02	 7.39988595415771555074969e-01	 1.76767844938441637259174e-01
 5.29556453420878092686053e-01	 3.86217141221242177273609e-01	 7.35023058815201690840979e-01	 1.73630024699465340676241e-01
 2.56419065523188272059940e-01	 6.00498399399986726443501e-01	 7.40002895148548334169902e-01	 1.61389746657076837976774e-01
-7.03565764934550447184947e-02	 6.45801208418756766960200e-01	 7.41178670135926420670103e-01	 1.69248132292600383941306e-01
-3.88563140898324499428185e-01	 5.30839384876808817459448e-01	 7.34744586403820010289678e-01	 1.65464877690461420467471e-01
-5.94014339462246243606103e-01	 2.54916074698657568742277e-01	 7.43584920611594757389184e-01	 1.71015277716664221285825e-01
-6.45248222624977385564193e-01	-6.78737201364068842845967e-02	 7.41317599073735178372146e-01	 1.71744305925130513745813e-01
-5.24866911334448404957698e-01	-3.82359506219966727158521e-01	 7.39832480273839188100737e-01	 1.75965435586989876748376e-01
-2.65748658913154522931421e-01	-6.01543264703780611313277e-01	 7.33440803632913085330358e-01	 1.72011448868044064530736e-01
 6.47967045825142695658627e-02	-6.47781874484281372517103e-01	 7.40677610212358672470145e-01	 1.66062361463957391949364e-01
 3.84724762280182264184702e-01	-5.28772084646862428058967e-01	 7.36885991865897760355608e-01	 1.71423378739542886517455e-01
 5.96385928932899433974058e-01	-2.52501860025973023926582e-01	 7.42140057645981787715073e-01	 1.72611614011009162350518e-01
 8.55108530195108351712463e-01	 4.45112395534614097014625e-02	 4.85256646915036116141096e-01	 1.77014512867595452672020e-01
 7.56502985125345417394271e-01	 3.98087453546688729844050e-01	 4.88841560773954353358306e-01	 1.73964195411695665693941e-01
 5.35226448060915571680596e-01	 6.70690620257523129055244e-01	 4.82783477292031470984313e-01	 1.75005300629693633096551e-01
 2.15955757445857876586359e-01	 8.33955297129675865441811e-01	 4.77334755352543826933953e-01	 1.73300907521763830620998e-01
-1.42574727859218736147895e-01	 8.47874202715313884937132e-01	 4.84117040970295564594750e-01	 1.62519149603687074190361e-01
-4.69016401917677294708398e-01	 7.20987457794844632807951e-01	 4.83331168124120136297961e-01	 1.63069562930965944458350e-01
-7.24655982796311826099611e-01	 4.54036079119803315240489e-01	 4.90518575515681509724430e-01	 1.67679672378895777695718e-01
-8.52053959820784023726503e-01	 1.25558544962718426907244e-01	 4.77996196749337853848516e-01	 1.72507209222498597567252e-01
-8.24034362470001613409920e-01	-2.34493185771238565884289e-01	 4.86866874239620661679595e-01	 1.70120433997961895133955e-01
-6.65765788524533164149943e-01	-5.39051920787864680129076e-01	 4.85548073584765982335654e-01	 1.74419063646559346913989e-01
-3.75222985974504819051134e-01	-7.68818723974452833402893e-01	 4.88831404460244700604932e-01	 1.70790334843911290052532e-01
-3.57642680509981172876088e-02	-8.54066410681020182771306e-01	 4.91585526100893732692754e-01	 1.66238244111644811740192e-01
 3.16845693438657705076622e-01	-7.96221131844411345035439e-01	 4.85165865839637278078555e-01	 1.73939065128726866316100e-01
 6.07251509734684669084004e-01	-6.04515150292849745561341e-01	 4.89334573661423410939619e-01	 1.62353663373981493833753e-01
 8.05739575937088781110162e-01	-2.94960882540852398214781e-01	 4.82514590301856893805876e-01	 1.75958755636862057558645e-01
 9.71200557334157110744854e-01	 2.39519983476049989901124e-02	 1.74338080596735750527060e-01	 1.60630049688173237587563e-01
 9.04887939522080575471819e-01	 3.53866745449362196662690e-01	 1.73076471283943295054186e-01	 1.61247258768817847141008e-01
 7.25366471381519550831740e-01	 6.43976841471764260838029e-01	 1.73278771871124920300744e-01	 1.70621736781711941244311e-01
 4.56441497763856118830006e-01	 8.55961265745433741436443e-01	 1.73647966280742166444995e-01	 1.69817120659623288503326e-01
 1.52972232675846697702582e-01	 9.56828883193688528585596e-01	 1.81815949567414647525254e-01	 1.67394578166035173927284e-01
-1.84487334186624024612300e-01	 9.50206268390826558345452e-01	 1.80481170240005706073561e-01	 1.74639681127432111473752e-01
-5.08287344138164898232901e-01	 8.26180403588275380499795e-01	 1.81637763409093294653118e-01	 1.61485725125867118912026e-01
-7.58184693517471974821831e-01	 6.06776935045716836469865e-01	 1.75506853558927311542703e-01	 1.61787100741029782335900e-01
-9.19747452519955044358824e-01	 3.11038051445206131795373e-01	 1.77897443221769091525886e-01	 1.60226258245581398842461e-01
-9.67104480959028567355062e-01	-2.20651328840034688383298e-02	 1.80803651449039509691019e-01	 1.77572780691392900775938e-01
-9.00345495130382977855277e-01	-3.59341395477603520181020e-01	 1.82986986306062193730071e-01	 1.63607804634310988189938e-01
-7.27596819128026650602692e-01	-6.40790979509550440162968e-01	 1.81320252173904072900967e-01	 1.64659513923612277341846e-01
-4.59740972510486900493021e-01	-8.52372972926404792737287e-01	 1.82839021995762240901939e-01	 1.69317586964105287750115e-01
-1.46480467527709351527321e-01	-9.60017923531124695024630e-01	 1.76263147158082861265527e-01	 1.60749376626410339641282e-01
 1.87954614048043727736470e-01	-9.48734574820699116948219e-01	 1.81968149420985547681795e-01	 1.77379148137936315521301e-01
 5.08715612518986670664844e-01	-8.25844214110353913582685e-01	 1.79810570934596014591733e-01	 1.63883855763949176642669e-01
 7.62231131099983083565519e-01	-5.99555786420463365793410e-01	 1.72934338175605217813313e-01	 1.72134471944306394197710e-01
 9.17656161822805849226370e-01	-3.10574406591451801507020e-01	 1.78859158589881384049391e-01	 1.71639471065147708461751e-01
 9.70081617120911232632352e-01	 1.35239229367232812600852e-02	-1.64173210367436456236234e-01	 1.78342133636806315921675e-01
 9.15990071061309696354158e-01	 3.25665087243799888927498e-01	-1.66715469496608037491825e-01	 1.64652339485689275244695e-01
 7.50441759007965614181046e-01	 6.15402727319061093602670e-01	-1.70526710456498420409588e-01	 1.70403317356727646014747e-01
 5.18594385126840307087548e-01	 8.22598111487109484585289e-01	-1.59078076359863457289734e-01	 1.70547284687857236828989e-01
 2.30765296312018947100242e-01	 9.43872686960185114379840e-01	-1.68941921432194080976430e-01	 1.65258452163224878184167e-01
-8.97656951339966813208093e-02	 9.65705021011663000685132e-01	-1.69889755425288752066493e-01	 1.74623604852005454013408e-01
-4.06486500735802724904033e-01	 8.82722965574527784760051e-01	-1.67055963682261304770194e-01	 1.66316552889554464256250e-01
-6.67420937986215379034149e-01	 7.06742452141526200648514e-01	-1.59403964532121245056828e-01	 1.72205615384705634784979e-01
-8.60064926308226951334746e-01	 4.49761057618214721287586e-01	-1.70052030412196242270539e-01	 1.70545068932696580743524e-01
-9.59048549962905783061728e-01	 1.52973714219259981916821e-01	-1.67746960519004811862587e-01	 1.69369060954612876690462e-01
-9.56250834656340309436473e-01	-1.66797489701965256925220e-01	-1.65653403032585466725379e-01	 1.74131814186549188638864e-01
-8.48488692280460532479935e-01	-4.74148837838283931933603e-01	-1.59502143020992276367664e-01	 1.72652497869303311883726e-01
-6.49473173189518249159846e-01	-7.23089555559673136109211e-01	-1.70865641689932179492217e-01	 1.61650933921026279671551e-01
-3.71584697357297488728989e-01	-8.94871547366111630417151e-01	-1.74951594338784571780465e-01	 1.74704510653801492470194e-01
-7.00256575784801021944403e-02	-9.70041006011036821554683e-01	-1.65302674084371048479625e-01	 1.63682252789827814565271e-01
 2.49072418629463249173384e-01	-9.40341772894616179101490e-01	-1.64134367984379470062350e-01	 1.63646538838582544794775e-01
 5.50140274755431479825063e-01	-7.98974224468832150414244e-01	-1.69191389394851343652704e-01	 1.74241615238973357460139e-01
 7.76850721535595534206209e-01	-5.85943798211261301922548e-01	-1.59258858777410611251568e-01	 1.66761619350204531864179e-01
 9.25585561698881287284735e-01	-2.98061543462818323568797e-01	-1.63413644302994404133855e-01	 1.66573302599016093150652e-01
 8.54722048506632692266294e-01	 9.36926646614010399938266e-02	-4.81792657191336293198702e-01	 1.68960764267279878181327e-01
 7.33416613854916743520107e-01	 4.38084235893111129112043e-01	-4.91355269729275234702470e-01	 1.69564948302436541149874e-01
 4.92114915876355418777877e-01	 7.02482695448123473092039e-01	-4.87313436755971052249947e-01	 1.63910300240804995830501e-01
 1.67376403227515346827659e-01	 8.39568135682566496491575e-01	-4.84825786404105563143219e-01	 1.79037543623566108852430e-01
-1.83246009211013194395434e-01	 8.36279807115303142062146e-01	-4.87094144767217185343355e-01	 1.72615985508069252896135e-01
-5.15941399259572275326491e-01	 6.87801119008623951245340e-01	-4.84117158352965593071104e-01	 1.62372011777919461605890e-01
-7.41354994153778923404730e-01	 4.23108846666283844317746e-01	-4.92850958010542239406959e-01	 1.68729397865541724810257e-01
-8.57230513688738038347026e-01	 7.59767983722597212148386e-02	-4.79030256428545742064529e-01	 1.72954866760218123333814e-01
-8.09098779985559346528134e-01	-2.72116258566321822520706e-01	-4.93570128594179535763686e-01	 1.66434474221152206574459e-01
-6.29565469183280823628479e-01	-5.87441846644870535598670e-01	-4.78770229474792363699720e-01	 1.71284745938318855307259e-01
-3.35353000659085132006965e-01	-7.88474123660304337946059e-01	-4.83932499564758700216771e-01	 1.77922053529256440906892e-01
 1.57357677865961990970600e-02	-8.56195205561591121679044e-01	-4.88318951811563595200028e-01	 1.68008204820975448612330e-01
 3.62387031770615875014840e-01	-7.78428753905683334934906e-01	-4.84164086583533159746651e-01	 1.68254127913881612599312e-01
 6.40846889155573862240090e-01	-5.74939970866983229846880e-01	-4.80838479699141896350767e-01	 1.65992924547143816393913e-01
 8.17710820280535100046393e-01	-2.62500865107832104250463e-01	-4.81941286285346548456943e-01	 1.73709259360000228822329e-01
 6.29171099858931048842692e-01	 1.75384643828283753874686e-01	-7.39204366911767829506630e-01	 1.64197617979378013286507e-01
 4.56028397632222526336676e-01	 4.63619270780625813976883e-01	-7.42382787240796870875670e-01	 1.61130597722512203251455e-01
 1.58107571487191678194506e-01	 6.26715207954333441975336e-01	-7.42994972176271195607455e-01	 1.73748425253183652605671e-01
-1.81631335235640789527167e-01	 6.22750504277169825151361e-01	-7.42205140505648119919613e-01	 1.68295564083073667660528e-01
-4.69476567629034169382152e-01	 4.58961557260343933073443e-01	-7.34139696583361756054842e-01	 1.73161621916955138500427e-01
-6.37148361578474209387934e-01	 1.64369721848366262539898e-01	-7.32709225791934093408031e-01	 1.73671386004549899162441e-01
-6.23128183383498845948623e-01	-1.79486546327277424195401e-01	-7.42441130998738318957919e-01	 1.68157705033106757985806e-01
-4.63174751121402050735298e-01	-4.64209735150902080835777e-01	-7.36209069640540336720846e-01	 1.67256322731807544057503e-01
-1.56823582492766178120291e-01	-6.33108621340016552991870e-01	-7.36989615542623210941997e-01	 1.77274206080338919688799e-01
 1.69298091728810218281609e-01	-6.35118994624705668350373e-01	-7.34641677414493821096642e-01	 1.68117889022867422754715e-01
 4.61511379664506393716294e-01	-4.57785246630304842874182e-01	-7.42093181109569899334133e-01	 1.63516436355719302353506e-01
 6.35191971915971986817340e-01	-1.66981576338205317533436e-01	-7.35005755835224761085556e-01	 1.68567051543880630504191e-01
 2.76407035300567982538666e-01	 2.31520694318916114839979e-01	-9.18659867696159482264306e-01	 1.61435332015368221414420e-01
-7.76541999259481099948665e-03	 3.64122633213399438112390e-01	-9.15876761795407778876665e-01	 1.68890980923306927019567e-01
-2.85561019650438896455569e-01	 2.23195427708665850019543e-01	-9.15407638614289975720339e-01	 1.75121558560780432589610e-01
-3.47315231440767036019679e-01	-7.46397459324384948686770e-02	-9.18633792180820862860458e-01	 1.72953734275592435620794e-01
-1.59140991853650326515179e-01	-3.32538892091931936878524e-01	-9.14223961531148487935639e-01	 1.68186141285184664884156e-01
 1.62924021253490702854094e-01	-3.23208629968783522912190e-01	-9.18249916145502331765726e-01	 1.60651910387246632527791e-01
 3.47864086366378277848099e-01	-7.68153463019121268695599e-02	-9.20173459423856865413427e-01	 1.62390838907045864658585e-01
 4.21294599690441237682670e-03	 5.56050155017460100148607e-03	-9.84676180526281252802789e-01	 1.74253124542179699263400e-01
-9.08268703914265340682022e-03	 3.71916813514324307715642e-03	 9.85747404379473390889643e-01	-1.67945608289298359272479e-01
 3.29528163406936858148555e-01	 1.53692824133895150628959e-01	 9.17144354832128971821703e-01	-1.63205201298722513136852e-01
 8.52919340643010503999477e-02	 3.55987050711327579488596e-01	 9.14866127112373694885150e-01	-1.70348099994768298337533e-01
-2.24593529391387852767181e-01	 2.81584938455188338313206e-01	 9.16762057590531309614335e-01	-1.72670202273244394186591e-01
-3.61241202531968952360586e-01	-2.39166418263702393667836e-03	 9.17935036075231969299182e-01	-1.63994948340664165042924e-01
-2.27539370117474881727304e-01	-2.81762908062619443771979e-01	 9.18007262834926174299710e-01	-1.61549262050203396023917e-01
 8.09302777775199877474677e-02	-3.43655220655662396733732e-01	 9.21057083884239458093646e-01	-1.64332673810238666378680e-01
 3.29765420376059270601843e-01	-1.50487569125608233733260e-01	 9.17505449898990521617748e-01	-1.63682645593591857835492e-01
 6.47694550077525521558641e-01	 8.21210582114543508058802e-02	 7.39116124882470804102752e-01	-1.65696274963628875642740e-01
 5.25298637958593772623317e-01	 3.84792258001737441652779e-01	 7.38197289003617918012878e-01	-1.76241373259741818113611e-01
 2.59004609242170558136564e-01	 6.02766417294283485261985e-01	 7.36096916452606331304764e-01	-1.66585077850595980608617e-01
-7.36808060599498798604046e-02	 6.53076704072617975072035e-01	 7.33319733696952469337305e-01	-1.74080801889906044976897e-01
-3.82061029427938070313076e-01	 5.27020770895737622474542e-01	 7.40796880816902980626537e-01	-1.65826590777456206460272e-01
-5.96992542249873969772977e-01	 2.70425351495920063271683e-01	 7.35694802443271678171755e-01	-1.70947920210501952409388e-01
-6.49125286829216663342379e-01	-7.84252080522408606677587e-02	 7.36730032073028007211235e-01	-1.72379548040146296505881e-01
-5.22753273017827368995825e-01	-3.82743059470701196822517e-01	 7.43019916781004319261683e-01	-1.67803960748563102400865e-01
-2.61672601373414470682377e-01	-5.90940352451104877751220e-01	 7.43990013263670091347990e-01	-1.69693281244008370434173e-01
 7.82910072385533672978397e-02	-6.44304711328190893304679e-01	 7.41923658250849493711598e-01	-1.68200007352990177356133e-01
 3.88954666469635501613311e-01	-5.32663661016612888232657e-01	 7.32051266550362456086987e-01	-1.70542178964277479913392e-01
 5.97007145049409992942913e-01	-2.58703196681255409572486e-01	 7.41860282748756372228627e-01	-1.62167955116871431719971e-01
 8.57009550846681622537915e-01	 5.76298224631909411508346e-02	 4.83301326048745649721639e-01	-1.69213656540936424610422e-01
 7.61393890897887004598488e-01	 3.89252243539839393182689e-01	 4.91540864408191835455142e-01	-1.64771394420954536697010e-01
 5.30575840121804143123541e-01	 6.72462578917233821940158e-01	 4.84161878664173983555230e-01	-1.78523480481987101287089e-01
 2.11553985323836124532448e-01	 8.28302243844144858719858e-01	 4.87829760832515946233912e-01	-1.76585471040080543847495e-01
-1.38694518079236273067067e-01	 8.45234339579516102958223e-01	 4.85152829487392689422620e-01	-1.75981458940210028218942e-01
-4.75244939562750545736236e-01	 7.17135257801110093112129e-01	 4.79517499362546062435797e-01	-1.72980453357087976540285e-01
-7.28433066824960229190822e-01	 4.56384219073245167574981e-01	 4.83617351710694254318668e-01	-1.64963537974977980660185e-01
-8.45751726562306349599396e-01	 1.27302434686683091369375e-01	 4.89585131951708329989259e-01	-1.69718902045556341295907e-01
-8.25230315881977483094545e-01	-2.25843449084280528671442e-01	 4.85618587624773334621153e-01	-1.79343942212632057042754e-01
-6.65773387543406647282040e-01	-5.40551913674412132237990e-01	 4.87938338464998178078957e-01	-1.62682521857526629638357e-01
-3.84342381331815641232197e-01	-7.71910727683069897153700e-01	 4.76745036827800505729869e-01	-1.70730583844962618966790e-01
-4.03701610760211701545153e-02	-8.53104956845628481509891e-01	 4.93031080458175730019121e-01	-1.65838886882294728186693e-01
 3.19086153213858636501499e-01	-7.98939374190530404717947e-01	 4.81644009443825182881227e-01	-1.67029791839964969479837e-01
 6.05439358626996937395859e-01	-6.04903182968087316240258e-01	 4.88489646381325748336621e-01	-1.70038782748684502710290e-01
 7.99314417963603918160231e-01	-3.07378267263990923030548e-01	 4.85529192636754314271741e-01	-1.75717003009934341628551e-01
 9.67581598716583557440174e-01	 3.22725057865852621441505e-02	 1.81479268351330935704624e-01	-1.72654598415393933930062e-01
 9.01031451213957335077964e-01	 3.58063196870361311052733e-01	 1.73655307067470066062498e-01	-1.72559860041521906381945e-01
 7.29225021235941017749838e-01	 6.37971139916701734939863e-01	 1.84035833298000106594827e-01	-1.65391974107379907676929e-01
 4.56962057133587451485113e-01	 8.54580982170374703343896e-01	 1.81535600243353911764643e-01	-1.67098321646996395006823e-01
 1.50313126820959680474132e-01	 9.58315731041191165573423e-01	 1.80360570904323086471877e-01	-1.62809668040200555827468e-01
-1.94062218459679886040092e-01	 9.48011112062447480752780e-01	 1.86725114870100267205899e-01	-1.69553880077623481126281e-01
-5.10860518454439915814191e-01	 8.23774727277893692445332e-01	 1.82063201333029500705862e-01	-1.65135459859660743697773e-01
-7.56605822876798783660490e-01	 6.02072587284125049222894e-01	 1.82938473123238243278621e-01	-1.77735037292200498404426e-01
-9.21501142557858865522746e-01	 3.06585227421099393296799e-01	 1.75710873845200621357066e-01	-1.61142270693538314230153e-01
-9.67092716085761971989143e-01	-2.91008992677618295863429e-02	 1.79381571075333229314808e-01	-1.78064786283578690984086e-01
-8.98717961521178887451811e-01	-3.61837701887801788114274e-01	 1.75881164892992464254817e-01	-1.74485870395442416169729e-01
-7.26804731760494093784075e-01	-6.44125559716650863961718e-01	 1.76107604789253774368873e-01	-1.60758380016904039999659e-01
-4.65084983159298193111653e-01	-8.51653280448041227757017e-01	 1.69963678312675503523366e-01	-1.71741073701751900681955e-01
-1.38579978855667917958527e-01	-9.60559441510205447301018e-01	 1.74629082053613104985601e-01	-1.66210205724790838210936e-01
 1.95704827781204876435694e-01	-9.50961582747945621818531e-01	 1.76018796092892615412495e-01	-1.62447135840124518013639e-01
 5.03071642526494500202716e-01	-8.30508149112027749261244e-01	 1.69864737780087343699265e-01	-1.68288762557429694144417e-01
 7.56158438268306420937392e-01	-6.06760398578954696091614e-01	 1.73895088770809502776160e-01	-1.72704177868795105688093e-01
 9.22278651148740524767788e-01	-3.01638388229718501509780e-01	 1.72358849927582158390038e-01	-1.69436711586003790896982e-01
 9.73131030166802024616857e-01	 1.52638168087101486897206e-02	-1.61786465672617785216403e-01	-1.63120058693257435900037e-01
 9.12846859097202978361452e-01	 3.31435151565718510990877e-01	-1.69244999129005702087625e-01	-1.67980601299087761724138e-01
 7.52490691893502039455655e-01	 6.10517139540636688543884e-01	-1.71101022412511072356978e-01	-1.78188161980953746477141e-01
 5.13875363766972292900448e-01	 8.24494727475643895964197e-01	-1.71987183263466208993364e-01	-1.62975346820689731552889e-01
 2.21236910650022849944563e-01	 9.45075743835094295164367e-01	-1.75206292015583603438600e-01	-1.64890336341239701622996e-01
-9.77503893233769988180271e-02	 9.66811962816068071191467e-01	-1.63795322301327844760621e-01	-1.69972298728570281323158e-01
-4.05068150802010973343670e-01	 8.81108881868001514447997e-01	-1.77098292423902875514230e-01	-1.67937864460927815946079e-01
-6.65143635356635898325806e-01	 7.09272187703978707062902e-01	-1.67948536911664059179117e-01	-1.62204183187124095777421e-01
-8.64716553028053280804954e-01	 4.45854734417227116516358e-01	-1.61515951865909695994716e-01	-1.65503583072618559723921e-01
-9.58873339735568208652694e-01	 1.48892502393891984491248e-01	-1.76240644641287247385009e-01	-1.65324457512087658050959e-01
-9.55035469983144480465853e-01	-1.69016784907160128037518e-01	-1.75131644515838541531494e-01	-1.69320656102258687569773e-01
-8.49124698476363959365187e-01	-4.72205141855224552749348e-01	-1.72464469388047852982382e-01	-1.62066521038770561258247e-01
-6.46553940394427151261425e-01	-7.24607474038190813026006e-01	-1.61333487782016643530270e-01	-1.75737066233968786121977e-01
-3.68889138629733603913508e-01	-8.98943839010464262884170e-01	-1.63282284880083145006680e-01	-1.70762036619621832000959e-01
-6.21551076165752780511298e-02	-9.66806705338767891078078e-01	-1.76242250061447974784912e-01	-1.74241804405392580745726e-01
 2.53195281095760560408081e-01	-9.37091048031036155663287e-01	-1.71003040022037561262991e-01	-1.68850459383901752019597e-01
 5.49408239732107839259356e-01	-8.01900939639568433037198e-01	-1.62022572609334836180039e-01	-1.69865108496997041509502e-01
 7.74577880148870856480414e-01	-5.87315266210748365693917e-01	-1.70634893763217804218968e-01	-1.61163329235575941700276e-01
 9.20320914049336358253584e-01	-3.05327653085454842063484e-01	-1.68545031185867000278478e-01	-1.77135574877767210111301e-01
 8.48122148901630068529300e-01	 1.05332893975013275333907e-01	-4.89066706295359643341669e-01	-1.74377632690487005540092e-01
 7.42705554029980397068300e-01	 4.38700087889888012959716e-01	-4.76531498594324809392475e-01	-1.69848237394066708949580e-01
 4.93206740748026339904442e-01	 7.02975764579496065209696e-01	-4.81574713902032880419313e-01	-1.75094203858258051775820e-01
 1.65323009528593078965031e-01	 8.40257014431903259676915e-01	-4.90130547550355066821481e-01	-1.62506918549279927299622e-01
-1.80133289421638392857616e-01	 8.41076486364678910234716e-01	-4.79958026353721478596270e-01	-1.72576461503956363197076e-01
-5.08114810367623404019355e-01	 6.86088600161989137227181e-01	-4.92607579590956634607579e-01	-1.68640282086978315900794e-01
-7.52852355572487308421614e-01	 4.18759107530442986622177e-01	-4.78702060532691153760254e-01	-1.69406250802677738054314e-01
-8.52961020874608899511315e-01	 7.70307222662955370928728e-02	-4.89427135830524384640938e-01	-1.64270640737799122899077e-01
-8.15431579418691487859405e-01	-2.78917462407827276837935e-01	-4.78778569643353690832299e-01	-1.67473788101245107950987e-01
-6.27977027473699433990362e-01	-5.88421679623690074834030e-01	-4.80484588542437640601435e-01	-1.68935905263908836548836e-01
-3.33135862015637496114095e-01	-7.90135350307293204963344e-01	-4.86650105364813567732085e-01	-1.66967962742214065530177e-01
 8.40530957392103712788600e-03	-8.60940214122186464607012e-01	-4.79720985275142175474627e-01	-1.69053467177863903092572e-01
 3.62279347018061359531060e-01	-7.80660014881073949233325e-01	-4.80885090028235984149774e-01	-1.67550428464340095402463e-01
 6.37995294734221340959834e-01	-5.74417967935219486719234e-01	-4.82540408752151150917342e-01	-1.73668523145313391520261e-01
 8.21513175796675820805604e-01	-2.53397818462316570808923e-01	-4.84434682308741371148386e-01	-1.61952728187664929393463e-01
 6.36212373665907215958271e-01	 1.75358004096736075361207e-01	-7.32399698267687693231665e-01	-1.67553179531159529558337e-01
 4.60789684890440420783619e-01	 4.59386476907121310553350e-01	-7.38738298053941866427863e-01	-1.75791518913162386761329e-01
 1.53171573067994337691289e-01	 6.34587544467514752533077e-01	-7.38606056438985913992212e-01	-1.68220721084579194481989e-01
-1.81341198656523677756880e-01	 6.29810549200696678795452e-01	-7.37394873313127696690117e-01	-1.63410044357280598292803e-01
-4.69698710146234599260850e-01	 4.61437259947985456420838e-01	-7.34198767518053463376759e-01	-1.65562515665926807129082e-01
-6.36100712211952301622375e-01	 1.61109312973590323991857e-01	-7.36786164408022026250933e-01	-1.62990248584200803083633e-01
-6.28722225687611602218396e-01	-1.84257872938170252918866e-01	-7.37031089378402559653125e-01	-1.65959550723668886051954e-01
-4.57747397767768793297449e-01	-4.68562962253598280781830e-01	-7.37102916145129571923178e-01	-1.66118515678761791143359e-01
-1.64197764633912085541212e-01	-6.36234717163718377364034e-01	-7.32950974363635321395805e-01	-1.76145814438570386117888e-01
 1.77291672404229799786535e-01	-6.27570417891775922392128e-01	-7.38514982335763514598170e-01	-1.71226908950842859891139e-01
 4.71689952026518088956664e-01	-4.56597563854690746687481e-01	-7.34438549357021908114973e-01	-1.72125741995600323175353e-01
 6.35839943497996329391242e-01	-1.68787363487602981582114e-01	-7.35123797501374132146168e-01	-1.63741853313462887298257e-01
 2.78265384704311169450364e-01	 2.28246958802861971138398e-01	-9.15896249333096656997100e-01	-1.77780094302405988759830e-01
-3.20871072247460925250251e-03	 3.65844022164748039482873e-01	-9.14969185898391490496806e-01	-1.70232912441318162688475e-01
-2.77854763288397588194556e-01	 2.21844327150354125866016e-01	-9.20441680257380379082122e-01	-1.62385154106295948039929e-01
-3.47025927260753486169875e-01	-8.43117565035679805696134e-02	-9.19726307559113553935504e-01	-1.62997094169730849522182e-01
-1.54286678706259283710978e-01	-3.29651434257989095488739e-01	-9.14986297193882913703078e-01	-1.74142552562174285357699e-01
 1.68888605126475715989542e-01	-3.21021041141136997953964e-01	-9.16551846994969166004807e-01	-1.68388960366184309291882e-01
 3.54077705158716726785428e-01	-6.70978641458185032231398e-02	-9.16952976789490059594812e-01	-1.71242791654128118095102e-01
-3.40461732558881673138540e-03	-8.93428023080578286203857e-04	-9.84820737262945500312128e-01	-1.73538830882606492922449e-01
 4.28820525889192158408569e-03	 4.58191473147228321705082e-03	 8.75583375255161167061146e-01	-4.83026262567399999880990e-01
 3.00568836054993182571593e-01	 1.77896235465314522805613e-01	 8.00762185810247162365272e-01	-4.86611987086437491889512e-01
-2.16258179449505330560477e-03	 3.37357560238229936544485e-01	 8.03781662528074258844413e-01	-4.90020651374710791703393e-01
-2.90819572342567278511183e-01	 1.65634653994016944889012e-01	 8.05333482437432746081640e-01	-4.89312905821996380062444e-01
-3.03470516866788719845260e-01	-1.74645218594758205865602e-01	 8.00914518095621197346645e-01	-4.85737200261882662299939e-01
 1.93952528848787149849675e-03	-3.45059011050955322108535e-01	 7.97754691214470179616569e-01	-4.94487583038742795071840e-01
 2.96601315222624950518338e-01	-1.76979860645669895280463e-01	 8.00593178725469423184791e-01	-4.89649212102191366824400e-01
 5.92738157267126308802574e-01	 1.58364782708658141663349e-01	 6.21595554233469904659160e-01	-4.87032893626699991962425e-01
 4.35494195981548204432698e-01	 4.30920314494032119512212e-01	 6.15098324861741208025023e-01	-4.96292795207656678435626e-01
 1.64577642317008859818017e-01	 5.89855471929170871447923e-01	 6.18137220992596270185970e-01	-4.92839829871876411448994e-01
-1.60313600423038105091678e-01	 6.03245193729746276289916e-01	 6.15007956974669922622923e-01	-4.81829844052032274515085e-01
-4.43254454422018717707488e-01	 4.35198513020459532008033e-01	 6.13785357531928310592662e-01	-4.87232262662502857430979e-01
-5.92803101004283905517411e-01	 1.54582798341317301238362e-01	 6.18605644907619933725584e-01	-4.91950910137485153406089e-01
-6.01784058170738989090864e-01	-1.51573005770409413583977e-01	 6.12648549813926468488035e-01	-4.89431635332425951645519e-01
-4.41857902237143163048927e-01	-4.38271313610360702117674e-01	 6.12097022807821744549983e-01	-4.87869946365464213222651e-01
-1.68720732914652782330478e-01	-5.95245808288962341414674e-01	 6.16774494179122778625413e-01	-4.86626104241490053947672e-01
 1.68325304616844834137979e-01	-5.96751129576894467909653e-01	 6.12472526106006442958574e-01	-4.90338746113005152782449e-01
 4.34610794188763027712241e-01	-4.36563652698441273525276e-01	 6.21502405945473346271513e-01	-4.84004539360113450463530e-01
 5.98748769754844811785688e-01	-1.59052313383445970140784e-01	 6.19409788347129675045721e-01	-4.82217571666771649407934e-01
 7.84733981730225682582613e-01	 1.68028148509777819352706e-01	 3.33922045179480320165055e-01	-4.94424096266914303576812e-01
 6.60903364701238338341227e-01	 4.69187741872141073073976e-01	 3.26270495538437621529937e-01	-4.86433108602411123921883e-01
 4.09657956878564044611579e-01	 6.92903299490816415584504e-01	 3.28163493229885361301967e-01	-4.94342085637041017687210e-01
 7.59338716037939731595685e-02	 8.03787724946216863841641e-01	 3.32072028629540383359853e-01	-4.87737130195051882264323e-01
-2.49225519762390185229961e-01	 7.70553471700123560061968e-01	 3.27134324838822487802048e-01	-4.86946733290512134839645e-01
-5.40564766572320887227932e-01	 5.98187383388992910404625e-01	 3.22126254026785741046979e-01	-4.96181684427703328932324e-01
-7.41423649263630135664016e-01	 3.23505787845280168291140e-01	 3.20845563128318689294360e-01	-4.92638916615484312444551e-01
-8.07852387586691977894304e-01	-3.43092553436131694755140e-03	 3.35345643068627630167811e-01	-4.84671072269995728554193e-01
-7.34292115227042740954744e-01	-3.26148632216130773819884e-01	 3.26185453661528956814664e-01	-4.98041372818127214827655e-01
-5.44691845274404284893421e-01	-5.92525741028213204231179e-01	 3.30835375724408464748194e-01	-4.92718980839809528315953e-01
-2.44264231533931952533578e-01	-7.70338184466032638297861e-01	 3.30043877627338277935820e-01	-4.87837171182583018147483e-01
 8.83266772314367787366507e-02	-7.98177546149097194572164e-01	 3.32246222613278074931031e-01	-4.94695310743762384220190e-01
 4.09527409483911752907659e-01	-6.95574489444625410072831e-01	 3.28217448167011371928936e-01	-4.90649301674811577633761e-01
 6.48793081227017176537686e-01	-4.74090977375934363724497e-01	 3.36238521195936168606266e-01	-4.91170988339757919050044e-01
 7.92113205235489892253042e-01	-1.71147473107037706441247e-01	 3.18925360293610848927415e-01	-4.91479223469542980673452e-01
 8.53965155739383807720344e-01	 1.70512659573276048607937e-01	 6.44771884138754108883873e-03	-4.91556072722126591312275e-01
 7.21809916100546566930518e-01	 4.92208944575990736680637e-01	-4.20108060636081252076091e-03	-4.86521480327487598760428e-01
 4.81143035813605068895527e-01	 7.21178828176851749454102e-01	-3.79521856066849638117189e-04	-4.98399772111396466289790e-01
 1.74983239489890446405340e-01	 8.57403211866771819416044e-01	-4.16930055317942839521184e-03	-4.83966130127992333331832e-01
-1.73683996279843239074481e-01	 8.56892935221670093426383e-01	 1.31222982686990288607454e-03	-4.85352083601518657918206e-01
-4.88804954606195218858034e-01	 7.19576189118611875272791e-01	 6.21261409206654360848354e-03	-4.93194918700622819685009e-01
-7.28003620573176024599604e-01	 4.79213008139203477941948e-01	 1.32596991312936441503867e-03	-4.90269174093489634724818e-01
-8.50263287700065761853807e-01	 1.73804714893623452054428e-01	-3.04196063346051951900573e-03	-4.96824928063926640753323e-01
-8.50861487320194731509559e-01	-1.68938120707348565785466e-01	 4.69200731206228030534255e-03	-4.97466205721071252909837e-01
-7.29966860461549682526083e-01	-4.79054206873184340587102e-01	 6.31393997467312451110644e-03	-4.87458289156117274831814e-01
-4.87066244629246192232586e-01	-7.18654112815342971387622e-01	-3.20058469799230221886077e-03	-4.96278647267789307928609e-01
-1.68873511826861888440732e-01	-8.57966373199239518143600e-01	 7.83537498224232131782685e-03	-4.85091791686371176517412e-01
 1.68130504704408323402021e-01	-8.57575572464259971994238e-01	-7.55646951414956288828328e-03	-4.86044412239169110190318e-01
 4.87370368742979342968624e-01	-7.24310618992505927948855e-01	 8.93924626914794316634438e-03	-4.87610849717441174888677e-01
 7.24320423408207791915459e-01	-4.89528015682588857337976e-01	-7.15218254057268642415179e-03	-4.85459671219482413739854e-01
 8.53976551193766031389032e-01	-1.63093382609214548883969e-01	 5.03871437297859041393178e-03	-4.94063973507229914350347e-01
 7.85727969630051314986474e-01	 1.81827530446226903748652e-01	-3.29176500365483570842429e-01	-4.91134542177595556644576e-01
 6.40140703636943753096489e-01	 4.85925702722237951025619e-01	-3.26562921113796311711752e-01	-4.97446227782181615850732e-01
 3.84507878446614492773392e-01	 7.11215063220316578984637e-01	-3.26889503300442196831455e-01	-4.89356800190816565443441e-01
 6.29516606657079397235677e-02	 8.06552798910056600867335e-01	-3.19105333632538568089387e-01	-4.93641020415695797041167e-01
-2.68673492071863639907292e-01	 7.57596736138089199563694e-01	-3.37036363118212667355778e-01	-4.90171633192775735299307e-01
-5.50376739798639103007361e-01	 5.85765907631591087323386e-01	-3.32943186283740533149000e-01	-4.93064479000860256263650e-01
-7.46191671678820833690793e-01	 3.11555328284498000979141e-01	-3.19872585003534382064316e-01	-4.93774033235712339617862e-01
-8.12312265450760295770749e-01	-2.20988473381513103599438e-02	-3.19497416240693998812361e-01	-4.87423661058938806345253e-01
-7.25935217099508478533210e-01	-3.55402694779076822051422e-01	-3.32172380331736127878628e-01	-4.86177431462226472547172e-01
-5.30678058519193029951566e-01	-6.14340774762781927087474e-01	-3.23577642638214757475623e-01	-4.86069665639464409956361e-01
-2.27133056826936768901604e-01	-7.69178721320853298060172e-01	-3.31201135395749080014838e-01	-4.97071903326103403664149e-01
 1.00808543763125715853057e-01	-8.04642665438382920228833e-01	-3.20724327120124552692459e-01	-4.89411610460884105577861e-01
 4.27600527082603654172033e-01	-6.86924392513646675517691e-01	-3.21360739267262551788207e-01	-4.91955225062236434219187e-01
 6.63190531749385137061381e-01	-4.53287885822799774260261e-01	-3.26558638449081950483333e-01	-4.98064119184012499275127e-01
 7.92901323035743899048100e-01	-1.40195318106363375765255e-01	-3.27585145700781454891626e-01	-4.94308342055260474534606e-01
 5.68255927972296737138436e-01	 2.31084507659546245506021e-01	-6.13920724376718407455655e-01	-4.96776101302039807539046e-01
 3.73012731566753241718715e-01	 4.95610507719826343109304e-01	-6.13480570893872756421672e-01	-4.88746678620462060571583e-01
 7.94672137899487679435495e-02	 6.11915096338169428591414e-01	-6.19342290633345338157767e-01	-4.85448250423206384418506e-01
-2.36768842560156067555965e-01	 5.67191194387198449611276e-01	-6.12121640537542033300156e-01	-4.97535688557087796279887e-01
-4.87011392498789663640935e-01	 3.76082529544620125516730e-01	-6.13003092673297000914090e-01	-4.95589591215032654325512e-01
-6.16448979955302789335292e-01	 7.84339411889938276090106e-02	-6.07550934560660782501884e-01	-4.94692463957250694317480e-01
-5.72146266831126903973370e-01	-2.29691321758281663534262e-01	-6.18741943232803293106770e-01	-4.86876733624264534938675e-01
-3.83180564493780351220664e-01	-4.89686203948828502330315e-01	-6.15838043608910701287584e-01	-4.83863183865401891292635e-01
-8.38649142199238001316175e-02	-6.10265258867041193724390e-01	-6.14994142739508697914630e-01	-4.92265369875765801399581e-01
 2.39015150353174415931434e-01	-5.74880529979266530204995e-01	-6.07349822302230779591525e-01	-4.93467655983506003902761e-01
 4.83407391712168232889013e-01	-3.80850622588181808580998e-01	-6.19251006664458647499316e-01	-4.87645657888273742486263e-01
 6.12766652133073796981932e-01	-8.74065046050418043011021e-02	-6.11236364016082611705372e-01	-4.93221289372987536925308e-01
 1.26236345735177807325655e-01	 3.10457426879267306407684e-01	-8.07261581830733376818898e-01	-4.85807893730716255920044e-01
-2.11711594281723924915184e-01	 2.76582570188258103360823e-01	-7.98141584186438435288835e-01	-4.91579387593815475554493e-01
-3.38179708777938237140859e-01	-4.82590698075674937039814e-02	-8.06961225405317339465228e-01	-4.81787429728636695802635e-01
-1.33467354302541668653603e-01	-3.08498449733795532257119e-01	-8.04938110129858275243464e-01	-4.88968108068304097013623e-01
 2.03208673602932266000209e-01	-2.75180694786447466171353e-01	-8.00468583190322213738455e-01	-4.92170567501413191990878e-01
 3.32719448445366383637634e-01	 4.28623029633973390284396e-02	-8.06346176016357163440773e-01	-4.87100026724165691138779e-01
 5.93848240414643520346250e-03	 2.24577885813511931092923e-03	-8.68067821579119436314897e-01	-4.96405024191877319861277e-01
-3.82670353123506319301117e-03	-2.71196535617409997115379e-03	 6.61786571466767559179800e-01	-7.49677620988016157888012e-01
 2.92186836366081781335424e-01	 1.74787868617491543021814e-01	 5.68134437144520831886041e-01	-7.49199115702236961844562e-01
 6.00374664202007069652156e-03	 3.33918889344189617762737e-01	 5.70754300790951019095587e-01	-7.50134426948952715008545e-01
-2.96074267585064665464500e-01	 1.60859855547068858472315e-01	 5.63539642699218967791808e-01	-7.54246117692216055949928e-01
-2.99459781671195912622352e-01	-1.72188571302986370703536e-01	 5.66825044862338645046407e-01	-7.47919984751633459829634e-01
 2.81301756404410017650686e-03	-3.38107180208705559998350e-01	 5.73293412471613694769701e-01	-7.46331216578908884784482e-01
 2.91436659333051961695560e-01	-1.76585697476159958485553e-01	 5.69278981581394005750951e-01	-7.48200244702779904137913e-01
 5.65963896803639232579997e-01	 5.56290399868487120405014e-02	 3.35982385689705953524253e-01	-7.50803645390214491328607e-01
 4.50845638097500056584721e-01	 3.59777437615801387593706e-01	 3.31567908926484689047243e-01	-7.46566224631937447320240e-01
 1.85068325626104951409090e-01	 5.32696859391690091811711e-01	 3.29326359950602776116568e-01	-7.57316261205228546948831e-01
-1.33925452301948161304423e-01	 5.56042781292302890072676e-01	 3.35981526963418875020295e-01	-7.48329347371708974989701e-01
-4.15449247617189931780501e-01	 4.02351587893221285252565e-01	 3.22384248597324674090459e-01	-7.49388763346804376297428e-01
-5.63942064081107252704328e-01	 1.10064078423245878535219e-01	 3.26891170026160304828977e-01	-7.50331533363558955684880e-01
-5.34332750228418751348158e-01	-2.05659828165836250368770e-01	 3.30705344856321137303468e-01	-7.50217649749454151830719e-01
-3.34619020941776923461219e-01	-4.61849137393065656276292e-01	 3.19779650019647088132757e-01	-7.56615133701778241892555e-01
-2.41837289688646775442926e-02	-5.69644695951822765955797e-01	 3.23913041094295361954636e-01	-7.54983714682748052737793e-01
 2.94019883806338810927627e-01	-4.95330119812262492651200e-01	 3.30423580844366737707674e-01	-7.47676826948156070251628e-01
 5.14448115380336967739083e-01	-2.64424626022398523428336e-01	 3.26293651902338166514994e-01	-7.47633069401541172638304e-01
 6.50552381410317126508858e-01	 5.03299611960094234186514e-02	-8.40325164119238546441004e-05	-7.57791849379438664513486e-01
 5.42353417695955797306340e-01	 3.64396752350865937852831e-01	-4.16181536597955495371259e-03	-7.57000962008977373862706e-01
 2.89349886005774936670321e-01	 5.90411236845421294461289e-01	-4.88180815907130166275002e-04	-7.53452703594987172053266e-01
-4.27017503252316854567283e-02	 6.50749011022879408905339e-01	 1.07600873201006415162684e-03	-7.58090448018648110917184e-01
-3.68712624620478102155374e-01	 5.52497606743841296328412e-01	 3.21991523975771309212801e-03	-7.47520586427995903378019e-01
-5.89796911102294485473863e-01	 2.94421321479946207499978e-01	 3.94708605664298699949866e-03	-7.51957518496793597684302e-01
-6.60668038186344452888932e-01	-5.28640323839980122433424e-02	 4.85946157240378217440080e-03	-7.48798719972421311652511e-01
-5.44400372804029308859697e-01	-3.66471666594510470105206e-01	-6.84184706438766953445763e-03	-7.54506421975998375906158e-01
-2.92736848648048275656208e-01	-5.90943749060432566011514e-01	 2.57792922414900541744354e-03	-7.51720677626288025230394e-01
 4.55526757062212142579405e-02	-6.50980610440967999430484e-01	 5.02544547418021757267947e-03	-7.57709669638506500000119e-01
 3.65387748938037715262794e-01	-5.46565638753053528731130e-01	 8.04519838559347201523142e-03	-7.53454092990008761354659e-01
 5.96850157427633920548260e-01	-2.81344549397923360256613e-01	-5.72985193410924589785260e-03	-7.51386919569073441493856e-01
 5.71799918507521875987720e-01	 7.65283336510579337286231e-02	-3.30026217334647931078706e-01	-7.47175322943127939723240e-01
 4.29283445782369044163573e-01	 3.77085122824154739262781e-01	-3.34097343188263284918804e-01	-7.49600892873302004915104e-01
 1.68980427212840650375014e-01	 5.48596711878574616605420e-01	-3.26190041094367777496643e-01	-7.51057467858376681668631e-01
-1.58601231622042926350247e-01	 5.42842918204525903824731e-01	-3.28763955390802331546496e-01	-7.56360679252273016004438e-01
-4.34456608498843710464143e-01	 3.66854107923836381122129e-01	-3.27547784429294941421773e-01	-7.54571380153361559450786e-01
-5.71729717267561388105435e-01	 7.55390967433083038162778e-02	-3.24306688478718574408788e-01	-7.49829411976035253850625e-01
-5.26239265825333646375839e-01	-2.38648869460090007343922e-01	-3.22850299979956789631075e-01	-7.49590979142549906910631e-01
-3.11487905554945820885138e-01	-4.81177481164779707878409e-01	-3.18585777778172873908602e-01	-7.54948089944194600242611e-01
-9.35697464977471374258933e-03	-5.73747927721046213633826e-01	-3.25399776336133317311550e-01	-7.51558878612715863809512e-01
 3.01917317623202563492413e-01	-4.79443680419447570972835e-01	-3.23558689605198568361999e-01	-7.57818886678097825004841e-01
 5.24277818772015402615239e-01	-2.37908239293223799926125e-01	-3.21792925641172955497638e-01	-7.51652680050667210132076e-01
 2.73384636515452472682597e-01	 2.11533736123090787550893e-01	-5.63676520839313854871477e-01	-7.50188708828389838600970e-01
-5.52497300884874434356853e-02	 3.37993616575970212689839e-01	-5.62266548320256465132161e-01	-7.52704531087112549414542e-01
-3.06854753158861126571821e-01	 1.29603515454834478104473e-01	-5.72211122036145991565093e-01	-7.49411449781558602900589e-01
-2.66891209645742477629682e-01	-1.98835806757840766190171e-01	-5.65049622445609078802420e-01	-7.54951871538090624191852e-01
 4.45120653013256761809657e-02	-3.37232486398491015933132e-01	-5.67531391057577216940899e-01	-7.49800671061551682328172e-01
 3.12611027046124589912068e-01	-1.27426960814260165077982e-01	-5.72151473643137564728534e-01	-7.47448597988379592749197e-01
-5.58515833756322715997200e-03	-5.02082867649083965794210e-03	-6.61411663771404922940178e-01	-7.49985472067884573199592e-01
-2.59297470206761070457557e-03	-3.31284533330860773633897e-03	 3.78922920164734278181129e-01	-9.25418673958885662500506e-01
 2.88747334965576363252637e-01	 1.47509640392655794194354e-01	 1.85139329109375749826683e-01	-9.27679530526806739310075e-01
 6.21906956744627467670306e-02	 3.14020385224636211507487e-01	 1.91385205610454689484357e-01	-9.27844393262330036087349e-01
-1.94510672077211260733165e-01	 2.43478274306932057635677e-01	 1.84209328997914034697914e-01	-9.32175333024173324858452e-01
-3.21512039442121144716680e-01	 6.23707252584230174841107e-03	 1.81677305464032712301048e-01	-9.29292453482435276690410e-01
-1.98439839225365538544210e-01	-2.51664991932678161479231e-01	 1.97012338146187099274798e-01	-9.26537911076448228442359e-01
 7.27636007243292054491590e-02	-3.03391380435670654502900e-01	 1.87964028302642083279039e-01	-9.31304811944624444386420e-01
 2.90793124903579836004752e-01	-1.42910071169356833742370e-01	 1.79836073377824756658327e-01	-9.28803023670372374098747e-01
 1.91818295812376166109559e-01	 2.48282148575037053817027e-01	-1.91113090377840633138362e-01	-9.30073923286117154596297e-01
-7.12181433702934602036905e-02	 3.19779080267377779911442e-01	-1.83633557193293828202485e-01	-9.26794493159500465395695e-01
-2.80439596576314453812984e-01	 1.35657158720130205376009e-01	-1.85712153744531288657171e-01	-9.31912959407509733367192e-01
-2.96371924041001766347847e-01	-1.34852472405306317293494e-01	-1.85003591051900173614086e-01	-9.27228216041936503799548e-01
-7.91946209327467065541839e-02	-3.10787002729383199373103e-01	-1.90939795359816893993710e-01	-9.27729295375410600854593e-01
 1.93593247078155006324351e-01	-2.51507625373439069882409e-01	-1.81368999438157985082398e-01	-9.30790446398947257655720e-01
 3.25158021122639473432514e-01	-6.18772613087304195096661e-04	-1.82912263707126376832690e-01	-9.27801154453688492473873e-01
-6.21432218124575472088800e-04	-3.18169253022569436736844e-03	-3.62146758748575492425914e-01	-9.32115451959971808015837e-01
 4.53659849647305556813448e-03	 4.24274800274647857084576e-03	 7.32504022668483637664716e-03	-9.99953880011045348474852e-01
