 9.63366907612430711793650e-02	-4.91501837845819897210298e-02	 1.08484892800028237536125e-01	 9.88197616613843643484927e-01
-2.00805311143612795488078e-02	 5.01092661279702311638573e-02	 4.54255620068585663773320e-01	 8.89234314089591526553136e-01
 4.07596414650185923100878e-01	 1.19745049902878694658703e-01	 9.33489579289686205454402e-02	 9.00451141285104172951037e-01
 7.11073898476333524087956e-03	 3.15518283748315531145323e-01	 1.63724518176146915937608e-01	 9.34661399737678699750631e-01
-3.37772865210083428344490e-01	 3.39082288869910541961872e-01	 2.58025017701195458208474e-01	 8.39259067953877502255011e-01
-2.46238305594121215102987e-01	 1.02840323889724898770437e-02	 1.63659445135314635111357e-01	 9.55236369467766799346009e-01
-2.13810367082717223130572e-01	-3.25924981205596209221653e-01	 4.76188623782876352397153e-02	 9.19668678111787762929907e-01
 1.39915442621804716333278e-02	-2.97845699094546223495428e-01	 3.34580912213216341566380e-01	 8.93950663852660531993877e-01
 3.20580526912162433461617e-01	-9.66822385242127740889728e-02	 3.99570669952007018199680e-01	 8.53360387077330750926762e-01
 1.47415555169078282826689e-01	 2.19407058301521185050831e-01	-1.53405637691728991001128e-01	 9.52153300254774848099260e-01
-6.53288099600307231584750e-02	 5.34489999001467874784055e-01	-1.20809122082293537991937e-01	 8.33941091191891414879933e-01
-2.56670421289634798078794e-01	 2.50723698602631217546843e-01	-9.99239352144641601594088e-02	 9.28048020829350117644196e-01
-3.56024375965502404284280e-01	 5.29254177577418508104934e-02	-3.97365381442503495801333e-01	 8.44124574636111901781987e-01
-7.06134915160884640839001e-02	-5.70164945234191214429309e-02	-2.22457742721194229318371e-01	 9.70708713709503845379345e-01
 1.03895120241320776388605e-01	-3.76728241128782448399193e-01	-8.42257639327692320119212e-02	 9.16617508569412597907444e-01
 3.03077117299745624201535e-01	-1.04520361295906749621309e-01	-2.16245263210930488417816e-01	 9.22202657327924057995006e-01
-6.96144252923323048065640e-02	 2.85033030415635435517174e-01	-4.12260139284645610313618e-01	 8.62526278394057155374242e-01
-1.06450466490197889757319e-01	-2.02602106291564859619214e-01	 6.71177648486757982837503e-01	 7.05082441195372999764857e-01
 2.55108434666914629662671e-01	 2.59440616551090130759150e-01	 3.85951269559764942318481e-01	 8.47733372335071400094364e-01
-6.46504592894961982452173e-02	 3.86655724563741198807065e-01	 5.14074932035454845724587e-01	 7.62918496976241922169493e-01
-3.38906850328897668589434e-01	-2.84744324538979860783616e-02	 4.65984201971179567980386e-01	 8.16817040107426839412597e-01
-2.82883419318202378178739e-01	-3.85019582936921733740121e-01	 4.34019689917192363903808e-01	 7.63782561069644372331311e-01
-1.30492874683351082337746e-02	-5.69676923243722432843583e-01	 5.07097499228484793754035e-01	 6.46645223825515813587117e-01
 2.12728449567477884141198e-01	-2.75220225289280306935069e-01	 6.29941626179979730082437e-01	 6.94387486884706084389052e-01
 4.79796265136641253423733e-01	 9.72909286346124446698269e-02	 5.74918354508509366063151e-01	 6.55590500858250990745546e-01
 5.43487637301647175114283e-01	 3.64209443610433003524207e-01	 3.18184673263970319023741e-01	 6.86098522797675691720087e-01
 1.98151562090684851824562e-01	 5.93463007457371682917824e-01	 3.16513527948931894240303e-01	 7.12991447246034026896666e-01
-1.31207786242415080923962e-01	 6.04700855843520734822505e-01	 2.16115708428104680294268e-01	 7.55258493723901525029873e-01
-4.46257597049766696617468e-01	 2.71395045694568015637316e-01	 5.33577265981967086005966e-01	 6.65202365806842665918452e-01
-5.95258890210794366915081e-01	 7.80236999940185499413658e-02	 2.48514527093830900339455e-01	 7.60144516317513563308239e-01
-5.23528818785497507271032e-01	-2.58055476380917137024795e-01	 2.06255990813126593996785e-01	 7.85355596697811408901657e-01
-3.53517324390056508764957e-01	-5.84483107131764656472228e-01	 1.69997089878093393666703e-01	 7.10285849687767201210420e-01
 9.87468352655471170997714e-03	-6.03247107143340843826707e-01	 1.55646270806762382354904e-01	 7.82157053750964559313275e-01
 2.95398556836038828077307e-01	-4.93139814839093304499329e-01	 3.40840951530057945095820e-01	 7.43895329599356336380822e-01
 5.56161299564670419393053e-01	-3.03291839042528266201515e-01	 4.46004461241416960692874e-01	 6.32280546742892912703837e-01
 6.40354751858763560079524e-01	-1.19731385642456791829069e-02	 2.68628635321461972651491e-01	 7.19472787539703784176481e-01
 6.72236227092631644097764e-01	 2.81090959574739784887498e-01	 5.10641169973667392173455e-03	 6.84879735420145574487094e-01
 3.35105356575523760653823e-01	 4.53527848385100684769355e-01	 2.75631388933402186880439e-02	 8.25383040840989568032171e-01
 1.46980313456466726851346e-01	 7.35620731368709201980494e-01	-2.94968611887007209348965e-02	 6.60597352565705286941977e-01
-4.17943012270869107549487e-01	 5.42306941578259427139130e-01	-5.06126678133162477557505e-02	 7.27093651097852400333466e-01
-5.80259094293629540395330e-01	 2.35915894387997454595407e-01	-4.87855057664034474917969e-02	 7.77986535032428538904981e-01
-4.47403638108660406391692e-01	-9.34123569003840886759704e-02	-1.01571648853789900379674e-01	 8.83621704313883760129045e-01
-5.08583420012720832659170e-01	-4.39331579516738901514117e-01	-1.26100334848854939151508e-01	 7.29677582003516622677353e-01
-1.88321899007692167282713e-01	-6.09974177229719471959868e-01	-1.54266185037974679072903e-01	 7.54100994311035721651137e-01
 5.22110501261312670573389e-02	-8.09953802413577172991666e-01	-9.66176001143772417156796e-02	 5.76119678147390734679334e-01
 3.38789063721041006083112e-01	-6.22743638338878469085103e-01	 2.00954042137258502565000e-02	 7.04988301988737742220792e-01
 3.85877317125856211799118e-01	-2.79189979293520296188547e-01	 1.05945950313855188906764e-01	 8.72884360727083530306913e-01
 6.18670256197957235677620e-01	-7.45499064707525332940108e-02	-9.46492371148329042496172e-02	 7.76357486892949366641403e-01
 4.79055268141765522305064e-01	 2.04779145917780458496793e-01	-2.90380944885292702206669e-01	 8.02652140288886539742919e-01
 2.42803055457527616756153e-01	 4.88656079615366500945584e-01	-3.09923186146167595200751e-01	 7.78594586934970522840160e-01
-1.56673351171706942697170e-01	 5.84391907320181869245346e-01	-4.27872360788816463728068e-01	 6.71464669632224286921485e-01
-4.37453688538864793322603e-01	 3.79558557068408519707958e-01	-3.78083307603331253421430e-01	 7.22234438843520010209431e-01
-6.84296810496539342771882e-01	 1.16757545180085797742464e-01	-3.19843273077601464304820e-01	 6.44830079520791743519226e-01
-5.52303536542311013235462e-01	-2.11643728478842191309539e-01	-4.04518820697547298870234e-01	 6.97518644496257111953241e-01
-2.14690281690518874890827e-01	-3.17218186969614290848796e-01	-3.51001922522277132188151e-01	 8.54446227207436237449656e-01
-8.24914535351602418167261e-02	-4.69759216044500715891985e-01	-5.87574354447356506092603e-01	 6.53664911885811106273536e-01
 1.21891905252848320451164e-01	-5.66252946362981401939862e-01	-3.14207938347596860140243e-01	 7.52179058235754260941519e-01
 4.62782102978904708034946e-01	-4.13455477157734008208934e-01	-2.33931676888626982613317e-01	 7.48440554833026183700895e-01
 1.70510188428456721521087e-01	 4.15390933766906167434740e-01	-6.07245686477817847581662e-01	 6.55461153723417733196754e-01
-1.88513185108604541806443e-01	 3.15118414295029625193933e-01	-6.73204425177846843553198e-01	 6.41840296283553768397212e-01
-4.71476588949690911256596e-01	 1.10651702855806360892288e-01	-6.33135244178845146834078e-01	 6.03825959450294602604004e-01
-3.33346798209110783961506e-01	-2.35503907598066303252793e-01	-6.68170678902697656731391e-01	 6.22065724408992104521587e-01
 1.36517951952129290571492e-01	-2.42592649589439213198006e-01	-4.73104844846143235415070e-01	 8.35872873673430549779084e-01
 2.28151284727608372193686e-01	 1.09731765597486402574745e-01	-5.15648251312020078351850e-01	 8.18543103211343270331213e-01
-1.01475502409706361262032e-01	-1.83520844387435877465009e-02	-6.09830966403823837573839e-01	 7.85793939797469476182812e-01
-3.01106057325300734139883e-02	 1.49746908422925067982945e-01	 9.37619766974888912969277e-01	 3.12311362934734215723864e-01
 1.52638998400328379512203e-01	 1.01404758304720399308962e-01	 7.02898629809143860036613e-01	 6.87278638816116616006013e-01
 3.68377020935661547706985e-02	 4.01766351640957919411079e-01	 7.69377917906398423042447e-01	 4.95261952739754984786913e-01
-1.95995327764949933690986e-01	 1.49741994449906129505123e-01	 7.30300343588166422925667e-01	 6.37043620757229200890492e-01
-2.44744994177428176751476e-01	-1.09036570785674011285771e-01	 8.49710086074771386854820e-01	 4.54096557660588373561694e-01
-8.36121592463336948952701e-02	-2.19595722517984454080775e-01	 9.56265205371317206228809e-01	 1.74194094257305448492090e-01
 3.26149414506782045486410e-02	-4.39329590663630364932857e-01	 7.97880406917883200357267e-01	 4.11476162879514939518799e-01
 6.07730310005245355498005e-01	 2.86643424253139822432956e-01	 6.34340717682920773867750e-01	 3.82245041201164315047833e-01
 3.21042455626287304149002e-01	 4.33577377525184159967608e-01	 5.90930071045692284492645e-01	 5.99786670840358526746172e-01
 4.58995577308294183671578e-02	 6.82088717651016640530770e-01	 5.39325818341773621789059e-01	 4.91707101355352171889734e-01
-2.80790042487773727764022e-01	 5.68185999228349336576116e-01	 5.47164867753337502698230e-01	 5.46746952270489527947461e-01
-5.86446467670930005056107e-01	 4.50079558352549702338052e-01	 5.45057279166428210182005e-01	 3.95501572863058425966187e-01
-5.35242567042233274854368e-01	 1.05920924111638642406419e-01	 7.45311029448697537347357e-01	 3.83154827248072094025844e-01
-5.17371101042032210948207e-01	-1.45400577706446210157765e-01	 6.01925300058492096511031e-01	 5.90653662444144411658442e-01
-3.11527752902896082343176e-01	-4.37119533378651059507547e-01	 6.86108195008113486146328e-01	 4.91052458962187798885424e-01
-1.02205494040153554990980e-01	-7.01359374688699577227169e-01	 6.10188838225290242078813e-01	 3.54003737592634759590027e-01
 2.08196258053171295854256e-01	-7.08510087331529203602543e-01	 6.40263595673867702551263e-01	 2.11495395545378439550177e-01
 3.36618423496288732277293e-01	-5.34752217417808650701261e-01	 6.04224331079265097876885e-01	 4.85428739014723498179649e-01
 1.31644147755279522504779e-01	-1.21732448380839464174841e-01	 8.72625694645110860925286e-01	 4.54285622068462957567903e-01
 7.96114571259117664858707e-01	 2.64869097357399219117013e-01	 2.87345884503762416528616e-01	 4.62037112527487969781959e-01
 5.91420588579713024657281e-01	 5.63733247286636207640242e-01	 4.12624002890589203218497e-01	 4.02700813937887591720255e-01
 3.25663400677047687459265e-01	 7.75184797933520353119263e-01	 3.81994932092827921277234e-01	 3.83551496369945121855949e-01
-2.54272709348756752179010e-02	 8.37054894588796671861530e-01	 2.25622893678460001432029e-01	 4.97781947428692250756654e-01
-3.82534678742085632041636e-01	 7.01791176077592226967283e-01	 2.46204711724340913336917e-01	 5.48214925612258152654022e-01
-6.18076333544405720488157e-01	 4.43980461238877799345914e-01	 2.28475386437238386916349e-01	 6.07175422545060183843191e-01
-7.29568601998492161087029e-01	 1.27716296370653792369154e-01	 4.49029000224295649079664e-01	 4.99791115944349828570381e-01
-7.79650938708421281653216e-01	-1.70240406175767411411925e-01	 2.82867707273738666629015e-01	 5.32116977795189072253379e-01
-8.35360179256104729006438e-01	-3.97984473776597624805618e-01	 2.97139642946899207309741e-01	 2.35562650128077061273402e-01
-5.92833675643762547657900e-01	-4.36443347469461395693457e-01	 4.08927911226261209254318e-01	 5.39298990257245036694655e-01
-3.66144612388266232905210e-01	-6.89473811029099992175873e-01	 4.09311772538653362296657e-01	 4.72258255179643204879625e-01
 2.14427963986850850242050e-01	-7.71787290873719111772289e-01	 3.42499871046501758176106e-01	 4.90977457974792419470589e-01
 5.47957311983911288244542e-01	-6.18301426788616770302554e-01	 2.67516276805238428782019e-01	 4.95864065565140954561230e-01
 8.10943481390131504227270e-01	-2.88117335716120082089731e-01	 2.88400395853227298204047e-01	 4.19743114919589932476640e-01
 4.52458804929532554250926e-01	-1.59595071386478881692028e-01	 7.36130439423651528052517e-01	 4.77412210971635664336077e-01
 8.48119052892030822476954e-01	-2.85200105689877164705237e-02	 5.07493056419337854046070e-02	 5.26597748851560409910633e-01
 7.18532138381309248842399e-01	 5.40962792855525509416736e-01	 8.10962132613154799976041e-03	 4.37041253088401082660397e-01
 4.61625265179133437154491e-01	 6.60269304933537748425465e-01	 1.28385680919554184820086e-01	 5.78328346569403461963077e-01
 2.50239370455132947856924e-01	 9.04113021914478398599613e-01	 7.82587915173712372896020e-02	 3.37395113522898082436541e-01
-2.20770151384589274901060e-01	 7.80418411872976225396314e-01	-1.11670664011703835161171e-01	 5.74227572889418391710592e-01
-5.87837511631336018247396e-01	 6.97908176712091599114274e-01	-9.49081164154153868184327e-03	 4.09000197178275071152598e-01
-7.44127891670120278355682e-01	 4.22174481267947543372543e-01	-1.27553997325778212257319e-01	 5.01769235775706534674612e-01
-8.38004885273506472387339e-01	 1.44793393044953727644142e-01	 7.98158203982171771118104e-02	 5.20011654102507714370063e-01
-7.32269988706201857553424e-01	-1.37434344855916767969006e-01	-6.38871554292087390214405e-02	 6.63935912468521349794059e-01
-6.95739761665737366236328e-01	-4.94772678361476370145766e-01	 7.18292300878080880455201e-02	 5.15739025563614617020392e-01
-4.06251846853606213283427e-01	-7.71827977392819497559628e-01	 5.37446591418732906413058e-04	 4.89122399193601675726484e-01
-1.02173003632437045529180e-01	-8.15254172715514258129588e-01	 2.17838478480137931470040e-01	 5.26752037008046958277419e-01
 3.71852834493884842892442e-01	-8.30700570592834974803509e-01	 1.46731281422363222383121e-02	 4.14061264556494668109821e-01
 6.70844519374390380050954e-01	-5.93521982256337232719545e-01	-8.12712607081646359885596e-02	 4.37143305549515470698196e-01
 6.51480272843833030371741e-01	-3.72366203424266573041024e-01	 8.79629511512881323564983e-02	 6.55117839680372959776378e-01
 7.41562928645402852367852e-01	-2.06548470164707939633608e-02	 5.01320503391447513941159e-01	 4.45348799294356723077470e-01
 7.66215786970230405827920e-01	 1.46260680830270689556372e-01	-2.86138791670723535709442e-01	 5.56458240070065279780920e-01
 7.55353731488136892480156e-01	 4.24955254244327340629184e-01	-3.49247538076068619883330e-01	 3.56202090623976674876872e-01
 5.48204497221549180707711e-01	 5.01692439209057372551115e-01	-2.49625518401967089188176e-01	 6.20857170554616755175914e-01
 1.31477059789625844166139e-01	 7.30213474149888575048806e-01	-3.72817635100216260291006e-01	 5.57233412384170789799498e-01
-1.73631735678709098191774e-01	 7.87161011303985302944852e-01	-4.59420517105269654578592e-01	 3.73044703903986307746976e-01
-4.83875813492086637168654e-01	 6.43229348881399931592284e-01	-3.33475082072021644652438e-01	 4.90830491607887053895354e-01
-6.66642755752965054938386e-01	 3.59015994952775141513257e-01	-4.85714401865000255931193e-01	 4.36779660001569536298405e-01
-8.87688726195376531791226e-01	 6.72807383501658889946029e-02	-2.51055402624686119228414e-01	 3.80070009926649410303412e-01
-7.65644475626132581247418e-01	-3.43194581452969160739741e-01	-2.83768954214139446090570e-01	 4.64199522650249551958268e-01
-3.93902352651169074260196e-01	-5.36394167711276570464918e-01	-4.28841871362137416756610e-01	 6.10914791757263819782509e-01
-2.22612247225277865014803e-01	-7.82813108968102633333785e-01	-3.17792761724647820908984e-01	 4.86472182563840449542880e-01
 6.86020433217372216372354e-02	-7.13931738296169071666952e-01	-5.05702714674599373978481e-01	 4.79437166974186257384360e-01
 3.77936348878144645624388e-01	-6.99301668895862427177690e-01	-2.96420922180556878355873e-01	 5.29410926379261015384259e-01
 6.23705225854871647683808e-01	-4.82633786827216415549202e-01	-4.20336487733725450155475e-01	 4.48746761697307927629907e-01
 7.69718195762789214597888e-01	-2.56191174632263540811294e-01	-2.25094789841874476366002e-01	 5.39659445148752969778627e-01
 5.33974001083782456866800e-01	 2.62588281195713035831574e-01	-5.65521922847732172456858e-01	 5.71055264859594235993256e-01
 4.14624297861816093480058e-01	 5.88379347283723874717509e-01	-5.28151291810421197325809e-01	 4.50502661780769475541319e-01
 3.82627667037362603763562e-02	 6.09654047016891853516540e-01	-6.89582609934590862188486e-01	 3.89016359188015137249295e-01
-3.61922690609882968804101e-01	 5.32665755117935457718659e-01	-6.41661891615604940142248e-01	 4.16592338137208417769841e-01
-4.78014696138239936207270e-01	 2.33952737027568136163325e-01	-7.84190265816328335723995e-01	 3.19082581962870481806505e-01
-7.14357636986706956427895e-01	-7.88812445332568168421261e-02	-5.47906044575973805166313e-01	 4.28100317748963843378363e-01
-5.72754028906922063590912e-01	-4.22338043764287740522434e-01	-5.85222523710823172571338e-01	 3.88713257944437062807452e-01
-2.58798535159902309832347e-01	-6.35378488227838711388529e-01	-6.39227674598442097142481e-01	 3.47426934655135022378403e-01
 1.35168879193144936268212e-01	-4.63738213278727773314358e-01	-7.83638868166859348107778e-01	 3.90623050959471584953064e-01
 3.68450302595683287787409e-01	-6.55458623074603674574234e-01	-5.88210894900489278391831e-01	 2.97701714934025640779680e-01
 3.25556774542622662238500e-01	-4.23555967722250903406689e-01	-5.73108345755453774117427e-01	 6.21417695903262012890877e-01
 5.24737903710577935356696e-01	-1.35388504682747545793120e-01	-4.41318205071069113998306e-01	 7.15233057878372879834217e-01
 3.11032518191685425357207e-01	 3.76227603992916381780987e-01	-7.90966028122786379839226e-01	 3.68896062566072824306929e-01
 1.13786464838364728691111e-01	 1.50453442709905294005779e-01	-8.04209721869677429673118e-01	 5.63616115140989304421737e-01
-4.84685976163438891894941e-01	-1.38336223903617577812852e-01	-7.99551113006957803186481e-01	 3.26589361976040937207699e-01
-2.12617616705962714229727e-01	-3.74282698644254063768955e-01	-8.35081469376653395819687e-01	 3.42556783709767498358190e-01
 5.13656676897892225386322e-02	-2.03751439162163594520649e-01	-7.77020647974836387028574e-01	 5.93368209329497964255040e-01
 3.75240729689541474556336e-01	-4.18993355650104440379700e-02	-7.04528628109473142870911e-01	 6.00897872051029180440196e-01
-2.01452192680830616255960e-01	 1.96378036336846070741835e-02	-8.61457249323520968253831e-01	 4.65749694922587720302687e-01
 2.81784199142133040538738e-01	-9.21153627596073693029055e-02	 9.47069411084740742090560e-01	 1.23174492672368199319699e-01
 3.23776984407906587293269e-01	 1.86950607652582367901317e-01	 8.42155998263655169999709e-01	 3.88575873227609391857840e-01
 1.39736803247973856434427e-01	 4.15523667073661562287867e-01	 8.88871342575178413625281e-01	 1.33121915056439582558667e-01
-3.04190031909341296323390e-01	 3.64913260450830501113728e-01	 7.98951824819368550123500e-01	 3.68758346959006944043580e-01
-3.29194099929372596680111e-01	 6.64925931262284886091862e-02	 9.32631021614901301042266e-01	 1.31944523010943642882253e-01
 2.13440854649376079987810e-03	-2.10032096488051073235326e-01	 9.64099959036918696675400e-01	-1.62459938846481605212446e-01
 9.22354784586496279086276e-02	-4.92185213453561587471086e-01	 8.64746466063724406048152e-01	 3.82083970021784222192984e-02
 3.65438613865561479077115e-01	-3.84144569476752351100401e-01	 8.18275589216606369369345e-01	 2.22064471110877403869921e-01
 6.01412624638825943357290e-01	-2.91516704641729944985640e-03	 7.70731575052962525340661e-01	 2.10397708976381325740590e-01
 6.41004837694789997293299e-01	 4.47081912282316251694425e-01	 6.20331885778421576738140e-01	 6.64749069081763122035511e-02
 3.54350652769752694215555e-01	 5.49764823402074775948734e-01	 6.97727113350965488791644e-01	 2.92183382700427707323598e-01
-8.41618615447151524611158e-02	 6.31583992083988854382426e-01	 7.36419550168661118938473e-01	 2.27386648979149258442689e-01
-4.09555903854238734229654e-01	 6.29021657201620620902816e-01	 6.43216304933897808915333e-01	 1.51223349574883786372581e-01
-5.51032137994935444780253e-01	 3.29795167790933652085528e-01	 7.63347711904067693922116e-01	 6.99928634169579566570718e-02
-6.27902624851491508728429e-01	-3.25571115618110418221676e-02	 7.77568573139881147326946e-01	 8.08963884043110634247675e-03
-4.74148173244757609179345e-01	-2.51663753230494502410863e-01	 8.07831863713959541506426e-01	 2.43426672916159714255002e-01
-2.64382013093967305206178e-01	-5.20995360849162647554067e-01	 8.00124072533641372828583e-01	 1.35895009761994783881178e-01
-1.88636639936399841399606e-01	-5.02046514385026343418872e-01	 8.12852483431003580705010e-01	-2.27236343148275676817605e-01
 4.32948462560656888165056e-01	-5.85418946358802094742657e-01	 6.83704895396690659481465e-01	-4.88661643789838062712505e-02
 6.41522414656678141575696e-01	-3.84140062684579619567415e-01	 5.91249142460930188214263e-01	 3.02175206251219852227052e-01
 8.46856222179649287262748e-01	 2.10888526688802951936097e-01	 4.63754920378303236994100e-01	 1.52616978385605561729932e-01
 7.92960826381321592926099e-01	 5.18024752779294161975088e-01	 2.69442111112446813780963e-01	 1.73966755708873654917568e-01
 5.18467297510426416984330e-01	 7.33778782674385010587059e-01	 4.34477744198081050619464e-01	 6.31620875658760044801809e-02
 1.72122873232035344948088e-01	 7.89243861311092698151981e-01	 5.73922165527564809295313e-01	 1.34466322212127925572744e-01
-2.40750524666403648010871e-01	 8.17244603640612021777656e-01	 4.43394876161800399749779e-01	 2.78480567520629551658828e-01
-5.77092400294347829259323e-01	 7.09296923675596380221009e-01	 3.11088450638721036867196e-01	 2.59010060549862974887958e-01
-7.17493548112262846672138e-01	 5.02083361258867100218595e-01	 4.78289362801000150771102e-01	 6.59893339539597556520079e-02
-7.91982356634740480849644e-01	 1.63097649899166946552143e-01	 5.62355166226796043815739e-01	 1.72973322783267519087147e-01
-7.37672243548742168073318e-01	-1.86349304612355992638584e-01	 5.78608821016926122560164e-01	 2.93811895623134033961321e-01
-5.80784978728186129792732e-01	-5.12656163505667228363905e-01	 5.82470643652437169990321e-01	 2.46171517008907048129629e-01
-3.69898489643756156475263e-01	-7.55960058593970862794720e-01	 5.26091862693866207933979e-01	 1.22175485172625858387718e-01
-1.03492818447558643235595e-02	-8.97821530937879752620745e-01	 3.95316899361761286968431e-01	 1.93736780268132846583029e-01
-5.91849790002919318165908e-02	-7.40525480045897910308383e-01	 6.67663752256117515315736e-01	-4.84176164924429372482528e-02
 5.20075696316720792466981e-01	-6.79185087742249615772039e-01	 4.69143834966436024114245e-01	 2.19392225938423307551872e-01
 8.28146753462195128747680e-01	-1.56064719918135141885074e-01	 5.24429063648125359797803e-01	 1.21617906280492793502646e-01
 9.50669353619953749756633e-01	-3.56333751284388690339089e-03	 2.08447134896422914263070e-01	 2.29706061450414444902179e-01
 8.00822155381643030480632e-01	 5.79637668579983222905128e-01	-1.03228919862502141469029e-01	 1.09762647185106601566140e-01
 5.77852071043901793778730e-01	 7.82837328074049265680401e-01	 8.51090128023499620235626e-02	 2.14497453840287982673729e-01
 3.46078562032126113567898e-01	 9.17012525964130076339131e-01	 1.98278901377639760195137e-01	-1.77013986392672920122671e-03
 3.36921162864805764924903e-02	 9.43861184040578504728103e-01	 2.97238472000464382105633e-01	 1.40143488341358535276271e-01
-2.71110194567273032895116e-01	 9.14607908974474193009030e-01	 8.78555991909070188583541e-02	 2.86832754290443803224520e-01
-5.78979180139348348355099e-01	 8.12965546649105141874259e-01	 4.15321298603187200049192e-02	 4.63164238252010002083736e-02
-8.16187538581788052383104e-01	 5.53466405141009865076285e-01	 3.92954207442072420142232e-02	 1.61148100059001014860982e-01
-8.21494849877126176451725e-01	 3.80060897991095325565425e-01	 2.67780591791702771153894e-01	 3.30141606137799359377283e-01
-9.33140513840607921380865e-01	-3.02179322926036351970591e-02	 2.96688941029465191867587e-01	 2.00776817058296586093746e-01
-9.07406726890299442089827e-01	-3.60974237691182253673361e-01	 1.94012565286119237351059e-01	-9.31115257559591985581093e-02
-6.27413991120250313926476e-01	-6.94840213434002706982540e-01	 2.27641571067887654722384e-01	 2.67820978758744887571197e-01
-3.14074325924189379222184e-01	-8.95447947719474224292924e-01	 2.14236829082389057532509e-01	 2.31587719417440995872681e-01
 4.87492660707169456202337e-02	-9.59263610033023961243259e-01	 4.70711913308594007143704e-02	 2.74264723343470628869056e-01
 3.35697041864408241007567e-01	-8.86235140119165265559786e-01	 2.70836632010248379298645e-01	 1.68944639639127897057236e-01
 6.08187655981649588632365e-01	-7.78046332246742133875728e-01	 5.68678878746543756128595e-02	 1.46689206547771261446300e-01
 7.75132067260314916445907e-01	-5.47528853069780274687162e-01	 2.33420111365830768024310e-01	 2.11890266342757427331378e-01
 9.25152718972552245979557e-01	-2.97024327296508683371457e-01	 2.36304810686367716687784e-01	-5.38813680506927683566687e-03
 9.36953666845123489537173e-01	-1.88971101776350472456478e-02	-2.20366194239065782412013e-01	 2.70553998028123854346916e-01
 9.07913062804751813672510e-01	 2.72300526316256674697058e-01	-2.51757501853833651206394e-02	 3.17667239983898397337470e-01
 7.39109789579102005596667e-01	 5.11445099174968609290204e-01	-4.35937851060180348028439e-01	-4.58128747327023952418124e-02
 4.18484687638348618055062e-01	 7.69081057986469529552664e-01	-1.86186861617039345340174e-01	 4.45779480258842619733173e-01
 3.42575926624417492760699e-01	 9.15067850760287959666073e-01	-1.86878884030687697492823e-01	 1.01827529213929512952319e-01
 7.38628421509347592166517e-03	 9.21190589702202689004196e-01	-1.63459088815239461656148e-01	 3.53036069734091073613058e-01
-3.92024819934731538761952e-01	 8.68798363305364307329626e-01	-2.12303671223487283592490e-01	 2.15483399959465110606871e-01
-6.64604345743730728912624e-01	 6.48774317497031183243905e-01	-3.21679001130548258835518e-01	 1.84161800616908122307791e-01
-8.64188737252083338802322e-01	 3.77622166957870264436536e-01	-2.72400121807068851254030e-01	 1.90728862703541723888634e-01
-9.63798494562445373645687e-01	 1.92238793591497619805963e-01	 1.97214114912419198610838e-02	 1.83705672330613772880170e-01
-9.13130106516504169711368e-01	-2.04535175580028705244473e-01	 3.65484296928988332611721e-03	 3.52626449158985444398695e-01
-8.30311640840633691240669e-01	-5.20452220966795553458439e-01	-5.51239102444647799394772e-02	 1.91503052964240749744818e-01
-6.00245181097068813969031e-01	-6.46211170633241072103203e-01	-2.37988014820841364826975e-01	 4.06790548464684043050710e-01
-2.35768919998098291923583e-01	-9.30535627980968449435295e-01	-1.44644605156660416289682e-01	 2.39988332258192660351170e-01
 1.57056146345427000143857e-01	-8.98052307958855267067122e-01	-2.95813220144955701940148e-01	 2.85184077136801328311577e-01
 3.37218556363556631882972e-01	-9.36509748575644951351649e-01	-8.86918148982039911132347e-02	 3.69715841819601778728277e-02
 5.20949943934067793982479e-01	-7.73435415335291920335692e-01	-3.05547438158939144159376e-01	 1.92482667413784808152499e-01
 7.77302522105970394861174e-01	-5.86400814344723242399482e-01	-2.07624836281956687278338e-01	 9.39510586552041865315843e-02
 9.01372406485592025937592e-01	-3.32738943362721084628930e-01	-2.53718316967664024585982e-02	 2.75987047798594731240485e-01
 7.19546476663746603641414e-01	-6.52198707757938173079637e-02	-5.31373558679123281223156e-01	 4.42313664172226839177426e-01
 8.11376452202321685192032e-01	 1.60558260131937163839311e-01	-5.25556693782419204197254e-01	 1.99197036964588070073745e-01
 5.78216076461770978056620e-01	 7.05000180872660475728253e-01	-3.57151724846624718523458e-01	 2.02690797348455353787955e-01
 2.03822222251855089680816e-01	 8.31200013897768097415053e-01	-4.63574075890179460035512e-01	 2.29482275514323041942788e-01
-1.18957107095099753890644e-01	 9.29285288085140992464517e-01	-3.45190460511629659823285e-01	 5.58713342587283182116842e-02
-3.91977460426407131599547e-01	 7.28389387320447889706543e-01	-5.51169617873956019238335e-01	 1.09611237057540680805978e-01
-6.15915000443826410325698e-01	 4.47842142732981396413550e-01	-6.36519006527806685546977e-01	 1.22187076851307876990127e-01
-7.93436470685065731167640e-01	 1.40061582232881870480057e-01	-5.65554913673975812038464e-01	 1.76036813730737290439876e-01
-9.00084786966800054486271e-01	-2.06026553626596858892484e-01	-3.43362876327844568358216e-01	 1.71762541409781477330654e-01
-7.46604381812094652914880e-01	-5.17652344494558880327872e-01	-4.00953569159936740184946e-01	 1.17703792106180080145883e-01
-4.71215639356942661564176e-01	-7.47245027453452226318120e-01	-4.36048455385502242709350e-01	 1.71587979554032571405386e-01
-1.33570436182446183881467e-01	-8.59070496404624628361546e-01	-4.70866340014853446138687e-01	 1.49805576085002278841074e-01
 7.52200251351758109041867e-02	-6.98923635172628121559057e-01	-6.95380891444842275106453e-01	 1.49308793542508394525115e-01
 6.23984866067030630176760e-01	-5.32334724496493882917036e-01	-5.63385733068967331504950e-01	 9.92932212635595640159991e-02
 8.38128510500024681562081e-01	-3.03540890374521865613389e-01	-3.99112341326609221248134e-01	 2.14739066679644097224156e-01
 5.37850697970797653191255e-01	 9.60696386204293456545500e-02	-7.78478880585197208219483e-01	 3.08962592736539032323151e-01
 6.06210295633319184993582e-01	 4.22551461114299475863021e-01	-6.43730396661466697239007e-01	 1.98923393778623336380917e-01
 3.37081265828494236469481e-01	 6.35116690568169994790537e-01	-6.87184397353506226657771e-01	 1.03829733810185523279479e-01
-4.36382858418350866314128e-02	 7.40044169602750878667052e-01	-6.68481555675379035541539e-01	 5.96886653191923688410725e-02
-2.90054050166196897286852e-01	 4.98846854453642629678711e-01	-8.13021859951647996034296e-01	 7.75623557188318130117821e-02
-5.76749300423017752237342e-01	 5.50060284328780374485390e-02	-8.14496436963350833870834e-01	 3.04981224275721156391494e-02
-7.20347807950440621738153e-01	-2.24102716654732053713772e-01	-6.50258500533198446902361e-01	 8.96710123355404647993439e-02
-5.09593036996312642727958e-01	-5.01982458211923110447117e-01	-6.95040265411274726936597e-01	 7.24401666854414399976392e-02
-1.96642077422049532664516e-01	-5.75379422348570646050803e-01	-7.93894554127773099949650e-01	-1.36038642684542542861392e-03
 7.49559513616431805083096e-02	-4.00151033073109618776186e-01	-9.11857013868186072613753e-01	 5.27023941143947849408136e-02
 4.02704402660969018601378e-01	-4.03559645135587841124902e-01	-8.14016714834014276647167e-01	 1.11110597452942008733778e-01
 5.26142058970248682747695e-01	-2.93425106331646812218850e-01	-6.98625070598522412979037e-01	 3.86004211749067183134798e-01
 3.96464118770586182449733e-01	 2.88006067012877953192884e-01	-8.71484325562608685977750e-01	 1.95902575256563481198580e-02
-1.19062533821922750254529e-01	 3.59859198635307686586771e-01	-8.59368199643178121149845e-01	 3.43237188602139420279258e-01
-2.56310508780486945301647e-01	 1.33629924473277261753879e-01	-9.53418549832956929712680e-01	 8.62614352325282163214126e-02
-3.74331873896156297476523e-01	-2.43990001466251937856100e-01	-8.94450459792779817291830e-01	 1.74040899324135259207402e-02
-7.02499622343664004153752e-02	-1.31973029337920627623859e-01	-9.70351107990702788086423e-01	 1.89912583981835914048730e-01
 2.56947441771112561337276e-01	-1.37282750594866442828135e-01	-9.00913915718491664641476e-01	 3.21691739124838449459531e-01
 4.48334447140625369510047e-01	-7.09872463705050193993884e-02	-8.90770397560431748118503e-01	 2.20257392582753168397414e-02
 1.26138113005944685340864e-01	 1.66048309541020677748691e-01	-9.52743845289488744398909e-01	 2.20898847006651383173548e-01
 6.30665175357917745513348e-02	 1.25855276001368199256802e-01	 9.89505950268078193765575e-01	-3.25735821271630823781074e-02
 4.41098923781847673808443e-01	 2.51189353195981790456415e-01	 8.60249961690223385879506e-01	 4.80172020368711677251738e-02
 2.08902079525094930279039e-01	 3.42981850516746233914489e-01	 8.78747617140950065817151e-01	-2.57926339785802816173543e-01
-2.14909111826414117585315e-01	 3.88611595182285496363761e-01	 8.95678334629737005201378e-01	 2.35674058555975368678403e-02
-2.35858955003289849639003e-01	 6.39234206197372006874602e-02	 9.46211481661265785270132e-01	-2.12057024437816155071346e-01
-3.57572396303104611536838e-01	-2.37027924201807488335803e-01	 8.97761791884889137627113e-01	-9.99175138915624622137912e-02
 3.02365549515182352457998e-01	-3.23162110767906907149438e-01	 8.71380586751371311038383e-01	-2.11747957872677167179276e-01
 3.89849177483174991198922e-01	 1.47585195822042738317270e-02	 8.95919593491598109658014e-01	-2.12433252842589598285983e-01
 7.22894340343887553679281e-01	 1.04409969180823902767941e-01	 6.75719952309062232842507e-01	-9.96236773356302673931850e-02
 5.37506001135905298049522e-01	 3.36783519124957964052669e-01	 7.17613470555727217536912e-01	-2.87567499668619830366367e-01
 3.62896272284260079654672e-01	 5.91399336545613940607780e-01	 7.16025829770212784985972e-01	-7.65514950701426388768311e-02
 2.11246215196803713287643e-02	 6.26571053491936313939448e-01	 7.68145991866377775281194e-01	-1.30054605728801703223851e-01
-3.50877517181584663852334e-01	 5.99494308828968813784854e-01	 6.93969992620326547871912e-01	-1.89465540298777296301935e-01
-4.94057493617580834044389e-01	 2.21405078486376111213119e-01	 8.01131016493728198568647e-01	-2.55100134520704069363006e-01
-6.01081902266229706199852e-01	-1.24946395076768815290968e-01	 7.15805138781620220456148e-01	-3.32734050585683671652504e-01
-5.77848819883731601443344e-01	-4.13660853677190798460828e-01	 6.98493649864782240044292e-01	-8.41549796067441735480941e-02
-4.02014740941133819074338e-01	-6.89282001852034031941230e-01	 5.63664426640749782748685e-01	-2.13440586882253174882962e-01
 2.01914389893821516475114e-02	-3.47842019533440183209905e-01	 8.10555416134838724318001e-01	-4.70742129634595607434733e-01
 5.26574256116425054585761e-01	-4.09532160560763025536346e-01	 6.52757230292891121870014e-01	-3.59041725377734710633604e-01
 5.88955046060903764093553e-01	-2.41277521741044442826762e-01	 7.70222952888978684704568e-01	-4.09110506450380204124251e-02
 9.28527453787104550819720e-01	 4.21799181373070236622524e-02	 3.39085296894648280385809e-01	-1.45185341889030927742255e-01
 7.98702541071753535639743e-01	 4.09137528562908747709059e-01	 4.08547794454398205399315e-01	-1.66641631213229085561878e-01
 5.43630856390731498350988e-01	 6.22916357167577428022298e-01	 4.78746363859261447881721e-01	-2.95368622308616934901693e-01
 2.05071436316488636686373e-01	 8.26204960984625702558048e-01	 4.81649766633055975706412e-01	-2.08193589607865270352249e-01
-1.39245996479882699903285e-01	 8.31751914223257338143469e-01	 5.32676109183753410114548e-01	-7.11018168201744266143649e-02
-5.09637758616691138868759e-01	 7.53472183804645534443978e-01	 4.05151032983915360130567e-01	-9.16605896603357034324588e-02
-6.35645693147505852493850e-01	 4.49960410126928112006794e-01	 5.71693606718290170398689e-01	-2.58179399137240694894757e-01
-7.91359053895407504874981e-01	 1.34091369575208507747277e-01	 5.66933033110627704331819e-01	-1.85357191366276236044186e-01
-8.35365557503870204136831e-01	-1.97006493333206661455748e-01	 5.11305806085780134573326e-01	-4.38086701894946431434796e-02
-7.00896796200503713336616e-01	-5.77517371780720822904698e-01	 4.17202271189543338891781e-01	-3.40533593298107048474854e-02
-4.93333409839271264107907e-01	-8.28193944196773723653848e-01	 2.50684409005836106310028e-01	-8.87370532164772629624139e-02
-1.42683251631545687798663e-01	-8.93829483842645045044151e-01	 3.95741856911237366301037e-01	-1.55237644293790805205546e-01
 1.71937672313683453939603e-01	-6.18694706097926316878954e-01	 7.05044605892587550322048e-01	-3.00942521401544149650675e-01
 7.19244819702846927000905e-01	-4.85629362451534596356595e-01	 4.95176288710839906936911e-01	-4.06380948630014199318694e-02
 7.96187090271649022810152e-01	-2.05622367850935600097628e-01	 5.12344957923146271383530e-01	-2.47604933745006305922942e-01
 9.99353212143328728522818e-01	-8.87382231635988096007939e-03	-1.40637315076244818340401e-02	-3.18845434715697498284648e-02
 9.39045170721190314289117e-01	 3.22861219302259916386078e-01	 1.14982539449373574735880e-01	-2.70890390682642784314638e-02
 6.98548292386584446234110e-01	 6.81212551801182564226167e-01	 1.79565211195800683574575e-01	-1.25443522752334446490607e-01
 4.18391202425600294834140e-01	 8.21286257460751234482643e-01	 2.10820480282456423903881e-01	-3.25564755666899130481795e-01
 2.46138516911406750320435e-02	 9.51470421880335925912675e-01	 1.83425539955350658249955e-01	-2.45872458571248481140614e-01
-2.86494050342935402397870e-01	 9.32766361884011074856460e-01	 2.16374853326712079937266e-01	-3.24036433693752554119349e-02
-5.23774261194188239798564e-01	 7.92216212242420669831233e-01	 5.20203559931099873692162e-02	-3.08784518609829639057551e-01
-7.63449394020065508215112e-01	 5.86491470036039630464586e-01	 2.14531759587542003586691e-01	-1.64769240071176409356823e-01
-9.07612259547725952479880e-01	 2.90546519460454788497117e-01	 3.01169105629154165715278e-01	-3.34645508355090881558169e-02
-9.60267362087777964774205e-01	-3.67527821887905390904616e-03	 2.15115485745418888452463e-01	-1.77759425717757157947574e-01
-8.56065589861267017823820e-01	-2.77850963170990117312442e-01	 1.08379351327928169501646e-01	-4.22142706115090582397187e-01
-7.43609755076316769617506e-01	-6.56299760418680877549491e-01	 7.76413947095863365976953e-02	-1.01424703387651110597645e-01
-5.60980092863899715283083e-01	-8.14808692902490805387572e-01	-7.68564815965990938417818e-02	 1.24423513121663956160212e-01
-2.43027017875867806795398e-01	-9.66517704770335828179384e-01	 4.94417939035878203912766e-02	-6.58551741584504912729869e-02
 9.42240192796181680323642e-02	-9.80576332377578574472921e-01	 1.57335408912680552173669e-01	-6.95518488180610489068911e-02
 2.46274328001610587346448e-01	-8.34106203931046286115247e-01	 4.83188308587511550218352e-01	-1.00721667854710719702815e-01
 5.77808128838230850021773e-01	-7.48756172893052851513573e-01	 3.06707582880619000764710e-01	-1.06922487843014266117869e-01
 8.02833003504963005347861e-01	-5.74864654801470309486433e-01	 8.53310526127352003689097e-02	-1.33072944670166504188558e-01
 8.62965394947288522153883e-01	-1.82133819532698970622420e-01	-2.64111216997777509263301e-01	-3.90337371976926528205354e-01
 9.25900426686247501883997e-01	 2.76890559673596825529529e-01	-2.55049946199058186202535e-01	 3.14569987399427181129496e-02
 8.26567282031594130486951e-01	 4.94387523884674218166424e-01	-1.03059013263543886029794e-01	-2.48488116994009688998091e-01
 5.98761017025016717418850e-01	 7.80337432268440656102371e-01	-1.40616123583826441167943e-01	-1.13074497921161462588024e-01
 2.87918641418833776146613e-01	 9.23781645009204677165826e-01	-9.22310316067222885072496e-02	-2.34997372488248340571815e-01
 2.55085451897422224587508e-02	 9.98595696996244286403055e-01	-3.83220760379628516689721e-02	 2.62176763087153437414845e-02
-2.69535343431272722547476e-01	 9.44035716049045459108413e-01	-9.52737782613451433810781e-02	-1.64530157238604562985884e-01
-5.20664384614802133732780e-01	 7.89860822362452252853871e-01	-2.97810547858736396342749e-01	-1.27817672779155483420155e-01
-7.73490460570183557820201e-01	 6.00784412719124527590964e-01	-1.43489593763466954934316e-01	-1.42061019714267267044505e-01
-9.38673540627851354933853e-01	 3.03730859397275176903008e-01	-1.99291355570725692292200e-02	-1.61994996005784847037390e-01
-9.90029269437392001051990e-01	-1.33604757937941853729313e-01	-3.60276565945907845112117e-02	 2.63405063335931353962760e-02
-8.82214152116799210645581e-01	-4.13520249230193315259640e-01	-1.77744719587608013267044e-01	-1.38224483866494357586774e-01
-6.48973819978443500211540e-01	-6.95429622246493184256622e-01	-2.69911948247322175387097e-01	-1.49526458120365912662919e-01
-3.36871716531643328185197e-01	-8.90029732487029545673352e-01	-2.86584524346460034482931e-01	-1.10606655745502824306215e-01
 9.31757924980563742578532e-03	-9.72232816497222374074738e-01	-2.25655013536232129656156e-01	-6.12890537434271076566716e-02
 3.59545716863533704188427e-01	-8.85572619032191643562157e-01	 1.29914442770945215421818e-01	-2.63837547489108092957366e-01
 5.91215405972226881736731e-01	-7.73957969909534471142365e-01	-1.46430041537733174328295e-01	-1.73238700900995884479627e-01
 7.58505972216032775534700e-01	-5.02612900142141660886352e-01	-1.43718478967909540910952e-01	-3.89093769580633352944687e-01
 9.35373014640060618241080e-01	-3.18734696298282327298068e-01	-1.35835508277460437209783e-01	-7.09523188473147464749857e-02
 9.10002686500412272252447e-01	-4.93512386707427724852337e-02	-4.06985143499427381996725e-01	-6.18276538002725112308511e-02
 8.07286920880101122044437e-01	 2.60393047084977180549714e-01	-4.50916957012076180522087e-01	-2.77771824137538758670019e-01
 4.64490040246017699132608e-01	 7.44148264675620230157449e-01	-4.63030960899102117522830e-01	-1.26864856998974318003093e-01
 1.48624446538116461447032e-01	 8.78951057426651360948711e-01	-4.30752352171049901485844e-01	-1.40741691189632756042727e-01
-2.11108912660503189595573e-01	 8.11722184061257734377648e-01	-4.93968217428589040363107e-01	-2.29206289330253998315357e-01
-5.04679850696956089350920e-01	 5.95817335636222855654864e-01	-5.88248841025066471210891e-01	-2.10388335913655744047190e-01
-7.75513760913989935730228e-01	 4.34233445822255481605367e-01	-4.43479875416483981798166e-01	-1.15521951433263200814672e-01
-9.45839810766514021977969e-01	 1.10836304645329064566539e-01	-3.03934736456735465903733e-01	-2.69451649968511577903918e-02
-8.55121135796489850733337e-01	-1.81285783802260486163860e-01	-4.55524149087544960590179e-01	-1.68526132405005579784074e-01
-6.61730605429109219883799e-01	-4.71607974467042001531780e-01	-5.34299104282474512928047e-01	-2.32858307604568381954380e-01
-3.94431101371523762377791e-01	-7.03661005566165065339135e-01	-5.62035231148419356372870e-01	-1.82761304614525416090132e-01
-5.02718002265606644929363e-02	-7.94934617110293006980726e-01	-5.80921809103884356773051e-01	-1.67575512319559749574438e-01
 2.78134079476178797118990e-01	-8.43925517832297966691613e-01	-4.58320874168441250162687e-01	-1.93165857982831243311317e-02
 5.39012970244538536235268e-01	-6.69414088958459996270278e-01	-4.70181332862981471443220e-01	-2.00697059368755342800839e-01
 7.88518096064029894165515e-01	-4.07590112483871669368796e-01	-4.34435716679583083799088e-01	-1.52889242453611046146378e-01
 6.78261826667803990886796e-01	 1.68656808868213520247181e-01	-7.10617606118798650349788e-01	-8.08603313227994474621241e-02
 5.13746914809767418752529e-01	 4.76113786509172076666374e-01	-6.84349326931937840257092e-01	-2.02597553161799059928683e-01
 1.82255677910028224264494e-01	 6.53003955248431244839935e-01	-6.94154304919451514699347e-01	-2.41905980209779658540725e-01
-1.65088418952049675869631e-01	 5.78576142922812231006446e-01	-7.57323819098684514194986e-01	-2.53882047010530964570307e-01
-4.81273616240242119168613e-01	 3.19096498567583208849641e-01	-7.98814804149137414057691e-01	-1.68665466486544846080875e-01
-7.57085607881239353034175e-01	 1.30442514145484661503005e-01	-6.12546800824966597431853e-01	-1.85990724611734492555115e-01
-6.07479189019365040103082e-01	-1.71696904475289513491987e-01	-7.29004130608086664544487e-01	-2.64654842121443023561511e-01
-3.67019959650802696238259e-01	-4.22470715464672186278960e-01	-7.75602121889383933073248e-01	-2.91986630367515931361311e-01
 4.96317898008428320943963e-03	-5.17439181917408341782050e-01	-7.93096490827964961667362e-01	-3.21294282718231349882387e-01
 2.93571169805251441786709e-01	-6.16465832045788086901439e-01	-7.19971448314922102262869e-01	-1.24205313052959731567881e-01
 5.65939736458478837022312e-01	-3.34939137775535966667917e-01	-7.24574111128845510521046e-01	-2.06204622075577298501159e-01
 7.15406899598664880457477e-01	-1.62503158573450046109343e-01	-6.74679131345368610084279e-01	 8.12019777304527484718122e-02
 2.46887374124326097746263e-01	 3.28385217715743915611881e-01	-8.61897989641007056249578e-01	-2.97223196834582870096142e-01
 8.54698433724396383626143e-02	 4.75494047721604695677655e-01	-8.74636158884958936354792e-01	 4.01485494903613890360639e-02
-1.02559348605679431787330e-01	 2.87362532301055351169339e-01	-9.35536884256526146685928e-01	-1.77974979249036296957698e-01
-3.46147079292802806183005e-01	 7.34988327224189025299594e-03	-8.98181615591848392377017e-01	-2.70920586382363437483178e-01
-9.99140515215102553714388e-02	-2.17820102027466461214189e-01	-9.50377858065359015782292e-01	-1.98377197178510961128595e-01
 2.57027357649046661602910e-01	-2.77046183367626708271558e-01	-8.95536758800103416255922e-01	-2.34938850212530608851935e-01
 4.34477001026694009677698e-01	 2.18340803179245292187094e-02	-8.42117112240261977973432e-01	-3.18734651062043461422491e-01
 1.34612898024021931941974e-01	 2.98760451990675267308628e-02	-9.86185018291552473179706e-01	-9.17926974553431307413121e-02
 6.88934979772023725619334e-02	 2.70001604024482921850847e-02	 9.06282859005841268107417e-01	-4.16144273956647992029900e-01
 3.35109963992827442069711e-01	 1.67422172987117423570425e-01	 7.49338969903684759543694e-01	-5.46042339208858584775896e-01
 3.45882944879757764367056e-02	 3.46974283475075029326007e-01	 7.26246924937476667771818e-01	-5.92433878597629304252337e-01
-1.37537399298563622895841e-01	 3.79517953683854658564201e-01	 8.58022748322710859802953e-01	-3.17563458204102644355515e-01
-2.91018536822535756058983e-01	-1.75262772145015954805558e-01	 8.18303011488506037984791e-01	-4.63650033230405933526441e-01
-1.69393790351244494241101e-01	-3.34779661008080042794433e-01	 6.10165168897736975850421e-01	-6.97801396551876784712931e-01
 3.11545326996775839845100e-01	-2.00172423630841034292160e-01	 7.44265314393750654353710e-01	-5.55823399862401146265256e-01
 7.34079256310471328639267e-01	 2.02542181910882496120863e-01	 4.86197522385586611282093e-01	-4.28621370474643492709532e-01
 4.80470047890953322333729e-01	 3.85123412543468102153810e-01	 5.07952847413254415798178e-01	-6.02339102993742048219872e-01
 2.61195326815043371571079e-01	 5.77093661772697941181320e-01	 6.38734880396160664695060e-01	-4.36758124546143100541684e-01
-7.90583765992047826642874e-02	 6.62781200154879734931512e-01	 6.02889825774618137721461e-01	-4.37029417531825281617586e-01
-3.59426882222640520225809e-01	 4.66065518351183760703549e-01	 6.19159202496455174369316e-01	-5.19843371510792850997973e-01
-5.91987417034692042783206e-01	 1.52896423085209398617934e-01	 5.83382261170920402015838e-01	-5.34638868051553806104437e-01
-5.55064902494016965128765e-01	-2.33216754026350697737158e-01	 5.00894924704830102335507e-01	-6.21785472703940578220738e-01
-4.34845960098307782182303e-01	-4.51275098363840942994329e-01	 6.46495275325829510393305e-01	-4.35090376317687044238625e-01
-1.22637136979168739903123e-01	-6.55950881886768533135523e-01	 5.76536910061836715968298e-01	-4.71480396752476882404892e-01
 1.87695055555917533762766e-01	-5.09623336573192142751054e-01	 5.67324923792054680582453e-01	-6.19029120303889790477569e-01
 5.25181190320754165412609e-01	-3.48390851526528155801543e-01	 4.46161382005795859040376e-01	-6.35412112815434859669494e-01
 5.92357241972059078705115e-01	-5.57370293627173704620326e-02	 6.89866939834525849661873e-01	-4.12419551869721734416174e-01
 8.86409428245159114467810e-01	 2.09056731515234239804357e-01	 1.58184749525550283344444e-01	-3.81511721371436796079735e-01
 7.01166048341185788039809e-01	 5.12751461818643949897023e-01	 2.04125979013359826197416e-01	-4.51425182891126708373264e-01
 3.99613450003915848807168e-01	 6.26778554551241429138031e-01	 2.66745945809941764625961e-01	-6.13436495918350144229692e-01
 9.77796725278167744299651e-02	 7.87079389441854293529843e-01	 3.23013671440694760672585e-01	-5.16340331969713406401468e-01
-2.69268914907529910429673e-01	 8.18966260428283132632998e-01	 3.60692856068823841653170e-01	-3.55934234551201877927440e-01
-5.44861905643505228802326e-01	 6.20216866003367672810498e-01	 3.43377802820084065960060e-01	-4.47826112943339071925664e-01
-7.87440572147019346438412e-01	 3.18483634330157638903103e-01	 3.23770464687116621416152e-01	-4.16747172992112446809898e-01
-8.10466890269389450551785e-01	-5.45457357039072568416493e-02	 3.92419676417876672758211e-01	-4.31479988010654014196632e-01
-7.39857262473435972616187e-01	-3.73754744984539089003306e-01	 4.47866137261193508756207e-01	-3.35163459914104233661192e-01
-6.01444569770691273014052e-01	-6.27361698514350640820680e-01	 2.98851722113844253669868e-01	-3.94169223709978144842836e-01
-2.88769970692081989760425e-01	-8.10439436617177766386533e-01	 2.73387981743759778119340e-01	-4.30184652260165167891870e-01
 1.15921209129024399553387e-01	-8.26383310856570574287616e-01	 3.66094351080135549381112e-01	-4.11858984264046379397683e-01
 4.38388464063176885865403e-01	-6.73223137713094055278873e-01	 4.55337708630629389716660e-01	-3.83736540510638657330844e-01
 7.31201558703764908919709e-01	-4.74278246920575075051829e-01	 3.22349620134139314142629e-01	-3.69452496874099645118861e-01
 7.66961774369828042097197e-01	-1.02788018894619706533611e-01	 3.40862699785564160492868e-01	-5.33869721675710451336272e-01
 9.29131876585140736857227e-01	 1.31864316265937892014293e-01	-1.59203738776082709405202e-01	-3.06561458061525182738905e-01
 7.39230068902665959917897e-01	 3.45402443092403255153755e-01	-1.34012593163198634460542e-01	-5.62384817015567972653400e-01
 5.59913500536564523457628e-01	 6.94026107139947834312466e-01	-7.73554785177749948399395e-02	-4.45915647256682978749609e-01
 2.10484307987242658111171e-01	 7.95903774093482452300918e-01	-2.53862662074623053609645e-02	-5.67088243541449599227633e-01
-1.73265247482246614874057e-01	 8.32431256235372951657325e-01	 7.14919391452984998025499e-02	-5.21465492908744332467563e-01
-4.62815248834124282062419e-01	 6.30676202980293143518509e-01	 4.08057889951185734367378e-02	-6.21598310828990197052235e-01
-7.46060487569125241336110e-01	 4.83984500216205759670629e-01	 7.83800366938015337370249e-03	-4.57265041455245879742364e-01
-8.61778672569328718644499e-01	 1.31487867085371801234572e-01	 5.64835488882707015267925e-02	-4.86680664315906064132378e-01
-7.45579183158608160830738e-01	-1.02336601395719220541913e-01	-1.08323846628986406037676e-01	-6.49542027821769396567220e-01
-7.14667948146180509461090e-01	-5.60024370696656226265020e-01	-4.21093273169932391652992e-02	-4.16952314625129438763196e-01
-4.44961735295717863980514e-01	-8.33177684601751900039801e-01	-3.84879674827184672936120e-02	-3.26102248326098964614772e-01
-4.71203844424050999339926e-02	-9.28564354007258341283659e-01	 2.85653874726946171991315e-02	-3.67058481002166980822210e-01
 2.18851502675886960824769e-01	-7.97430902335035995953660e-01	-6.20350142833779247264481e-03	-5.62289509370098028462337e-01
 5.66217330018483622211534e-01	-6.84034720993967559898863e-01	 8.76040139116163601995524e-02	-4.51464253743325494294680e-01
 6.78747802880881989651130e-01	-3.73354766006901928054873e-01	 1.00649616131891217474248e-01	-6.24321466519300316555530e-01
 9.10337126430823317946306e-01	-2.16790423399594145426050e-01	 1.03357005211360111762708e-01	-3.37054236047605260129245e-01
 7.15723964760777486837640e-01	 7.10496401239585628761830e-02	-3.78473938949380084295626e-01	-5.82622203869291532818409e-01
 6.24065274246204504393631e-01	 5.41485210294377683482026e-01	-3.89416130851366948384396e-01	-4.07052057537133971099053e-01
 3.31238790839753827199843e-01	 7.54536143315967744449324e-01	-3.52658747409427375529845e-01	-4.43382317812175741345015e-01
-1.47530182147767967293372e-02	 9.03098963089083550670466e-01	-2.08874119545106873285789e-01	-3.74921609813615941408926e-01
-3.58242612872964549808330e-01	 7.72753368558262487830746e-01	-2.53279108549346876344543e-01	-4.58654722941187475981906e-01
-6.33129041269032799554850e-01	 5.54518918102067104314301e-01	-3.13179285321744493852947e-01	-4.39971728425850139299058e-01
-8.50849507425769702173568e-01	 2.44990774753663875795695e-01	-2.90043723989492796544454e-01	-3.63193163720397449445443e-01
-9.33353816370603772689662e-01	-8.00138702090835013391867e-02	-1.54636652991894246733651e-01	-3.13904347838729558262116e-01
-7.50900164184817309198650e-01	-3.54190684445421954951172e-01	-3.07552423404290176112141e-01	-4.64875692349520641677429e-01
-4.71911580743073211241523e-01	-6.66510391877235153224035e-01	-3.27552026077573499307505e-01	-4.75155793074971299905229e-01
-1.25200856108712260672533e-01	-8.50072853615491563772366e-01	-3.19911396023310201641721e-01	-3.99196177173676503002753e-01
 2.51520410445968845003506e-01	-8.90411370901174725744909e-01	-2.26536080740616485584837e-01	-3.04280261965286069614223e-01
 4.64343634224557100242947e-01	-6.73109196070303172909632e-01	-2.92102523654609369518909e-01	-4.95968865147127124792803e-01
 6.36810493868952831597596e-01	-3.98415536696680283590410e-01	-4.57973368102347844210698e-01	-4.75392310756145963779318e-01
 6.40809211714116866431823e-01	-2.41462347352411094147939e-01	-2.26967131192873289302625e-01	-6.92492173494742901951327e-01
 5.63366379844698506040857e-01	 2.40328093923102836804162e-01	-6.37882871665116368831150e-01	-4.66868473307238907032968e-01
 3.21586352551048282322199e-01	 5.05877113207455431087567e-01	-5.92879634213913875306901e-01	-5.37739996206512471665917e-01
 4.65758803359244723252264e-03	 7.09003500551631415937948e-01	-4.93652981427230519440030e-01	-5.03586216061608027416696e-01
-3.33703103798378142297310e-01	 5.63144153045952000624652e-01	-5.49297241323588925077104e-01	-5.19406817513768492844406e-01
-6.05582263928241881778547e-01	 2.99967592932850468656625e-01	-5.84958996427984545540824e-01	-4.48455725020410589376496e-01
-7.32525329392575863529657e-01	-4.41271599775876696702959e-02	-4.71474709328740304581373e-01	-4.89051156847614854061845e-01
-4.90365035076998301288853e-01	-3.76830307748015291835486e-01	-5.53125510279314225314806e-01	-5.58205357744548047449484e-01
-2.10786624118471904720806e-01	-6.19901763340887979047977e-01	-5.76486492486398049983620e-01	-4.88829343309427344355100e-01
 1.83084221580584793898083e-01	-7.31527366355578356760248e-01	-5.19756104993376655265536e-01	-4.01499030388887623299610e-01
 3.55453075013396957437806e-01	-4.74448635622955194879324e-01	-6.62186929574380966911917e-01	-4.58323110828911417513609e-01
 4.97804033001173373840231e-01	-1.35273149447173585135928e-01	-6.34016035435162383926411e-01	-5.76121503311140203962282e-01
 7.34331367620450370381491e-01	-7.79206415389643997082558e-02	-5.98462070165034720758968e-01	-3.10691111434840572247396e-01
 1.99650895751063740812814e-02	 4.13618544500739371283515e-01	-7.43201234843140934316352e-01	-5.25521664035821123306391e-01
-2.95426160304981644255662e-01	 2.79248110673026128658591e-01	-7.82109244128141201102267e-01	-4.72280644047909703431287e-01
-4.53746311990199713282124e-01	-3.26806931316573692769545e-02	-6.96291391368215828450161e-01	-5.55179750133450777838107e-01
-1.78885341000559028312722e-01	-2.40665303757212623025907e-01	-7.96121573923959546803530e-01	-5.25614579207426269036318e-01
 1.80466755975201731398982e-01	-1.96571923807675463802269e-01	-7.91490137371425817036652e-01	-5.49849607803895801261262e-01
 2.70196885815846665757078e-01	 1.53196418360825759030774e-01	-7.15722664306918443521965e-01	-6.25512244559800145715656e-01
 1.58356929067171407765624e-02	 5.91847537793211628254220e-02	-9.03868727889308276601810e-01	-4.23400187168131658665970e-01
-1.98067963687949700340996e-03	-3.27173613624716641545831e-02	 7.10051200327724618688308e-01	-7.03386767068311491435395e-01
 1.95173465921906541531428e-01	 1.76600290322711711565873e-01	 5.20069441698828516251751e-01	-8.12556109735834364293794e-01
-1.80071392908208061101050e-01	 3.05469035402437527615405e-01	 5.06563825364370612369669e-01	-7.85910969956914229328504e-01
-2.73852617310853918564106e-01	 1.53167258720690591111691e-01	 7.74964706154141813598812e-01	-5.48611191157643895977003e-01
-3.47116006671437271613456e-01	-6.88890431253550827167542e-03	 5.56518440255498125779354e-01	-7.54818022151985457135481e-01
 2.31746221840063992836178e-01	-1.92147943071462101727320e-01	 5.03637871630413291867967e-01	-8.09766479236976866040720e-01
 5.03315566522033130958391e-01	 2.58745331511917170397297e-02	 4.91320330119855930295358e-01	-7.10357855057384912633722e-01
 6.61377686346754090074285e-01	 2.43628453287676960403729e-01	 2.06896814881195129087743e-01	-6.78541406800856505832087e-01
 3.70571719218789286109939e-01	 3.23905459581259325130276e-01	 2.40862774369489884840334e-01	-8.36508803355778263188824e-01
 1.20027232914326292823048e-01	 5.14685404979207783426887e-01	 4.46431777253980477393469e-01	-7.22074141288947868311254e-01
-2.11999333197193468025787e-01	 6.20534971906820720377596e-01	 3.35229780934454879570694e-01	-6.76471451976492499369442e-01
-5.12384526712557852867747e-01	 3.64662685110512918562620e-01	 3.59613082525354510465831e-01	-6.89319703584738596724435e-01
-6.56727517619017264749459e-01	 1.15099388757857155896058e-02	 2.61622497656899377638240e-01	-7.07198810539726996360343e-01
-6.30731451513543484033164e-01	-3.57626332792662315895882e-01	 1.75394681702828264535654e-01	-6.65971431665994373361173e-01
-3.58679925832409374208964e-01	-5.38917752954659157182959e-01	 3.78216293285719873384920e-01	-6.61716557030552654516953e-01
-4.68246035745107994086034e-02	-6.98836324748053683286741e-01	 2.51400446087801432426545e-01	-6.68006783962241779128988e-01
 3.31798550393028190974576e-01	-6.24969494431051653116072e-01	 2.68246968153195597395211e-01	-6.53732680125675869042823e-01
 5.57736910673521824044485e-01	-9.10286901366367667831625e-02	 1.77344753021311724028308e-01	-8.05724614629697355461246e-01
 7.96672852410529874767064e-01	-1.64442538327451495683285e-02	-1.57674908784754611024148e-02	-6.03981240585625744898834e-01
 5.35269818019436405265310e-01	 1.31354758909719371295921e-01	-9.79835944288752758168926e-02	-8.28632225086622264953462e-01
 4.65790951874696212975380e-01	 5.10914339822800767088040e-01	-4.33433317955473282334644e-02	-7.21198087978578428192122e-01
 8.20141426551300178893200e-02	 5.95407756264748067032144e-01	 9.14489891880755495501276e-02	-7.93977560489464773141322e-01
-2.74485545856190782387785e-01	 4.49889773197331532816889e-01	 8.75587225433229893178932e-02	-8.45334458776562769344309e-01
-6.18926319421707948897904e-01	 2.90763922038226374500169e-01	 4.21908041350871135244383e-02	-7.28427408061009917794593e-01
-4.89608186305728831921869e-01	-1.23730534243386772197404e-01	 8.41254105060612253352836e-03	-8.63078100725150232364058e-01
-5.31345291616953097069143e-01	-4.02079798924543707627777e-01	-1.97103077647110491721349e-01	-7.19134475015160590238850e-01
-4.49187418508093072588849e-01	-6.41972152868222734056758e-01	 4.02041003740137639632657e-02	-6.20069389914460145085684e-01
 9.79831706501294585898165e-02	-5.54827861190933635526790e-01	-1.14376208784155181802378e-02	-8.26095952988684878448566e-01
 4.36388188045162106476482e-01	-5.26586758833568424620353e-01	-8.76771964074141707534693e-02	-7.24282019648391672816956e-01
 3.69243337580690000887529e-01	-2.15839121590320121013562e-01	-1.16904085245254210634336e-01	-8.96329329039478595042567e-01
 4.33690662195452047988908e-01	-1.54424105776669248757393e-03	-4.10776142575576985738195e-01	-8.01980664065384596383979e-01
 4.96230083426825674397520e-01	 3.53016702060513998251423e-01	-3.72420422851760801741250e-01	-7.00312745144224813031997e-01
 2.11264941332909572668797e-01	 5.78946086070487364594328e-01	-2.91082425299204639035366e-01	-7.31751033937909189930338e-01
-1.13451658214820325087935e-01	 6.80553202938678047928533e-01	-1.88117929427502911243764e-01	-6.98990489095612121950296e-01
-4.12662862898188487204010e-01	 4.84714354852243567428616e-01	-2.61243194082776075681807e-01	-7.25612396069880705162802e-01
-6.70309142153621473347869e-01	 2.21188352919074016078582e-01	-2.79210915435521456196000e-01	-6.51001252825124443468496e-01
-5.12224289428111045907599e-01	-9.54789364383579475248354e-02	-3.83369650169697040453798e-01	-7.62586232071646441532664e-01
-2.29228255882504838858438e-01	-5.32777180666417105037169e-01	-3.35785949517493520488642e-01	-7.42193154490692008629082e-01
-1.58779978435591273555616e-01	-7.54082096046518879361997e-01	-9.18690127533518946512103e-02	-6.30641891540521082326620e-01
 1.18556474727450358863656e-01	-6.66920475590129457899025e-01	-3.18422778772619263776278e-01	-6.63150341549756494607948e-01
 3.62336817969663216310039e-01	-3.92080544175143430596364e-01	-4.27301395760123825517951e-01	-7.29656353638062249444829e-01
 1.84471438560617484458959e-01	 2.59491530372316148156386e-01	-4.63129158889941605625751e-01	-8.27131075589779163337312e-01
-9.39252551568115212621279e-02	 4.39071376399773949383842e-01	-4.96091608712405096603959e-01	-7.43160473003828370153201e-01
-3.91376117669429812728765e-01	 2.25966411060457256221312e-01	-5.18507304738558882917232e-01	-7.25888483531193950959448e-01
-2.24450633967208629249157e-01	-2.35841896511253562573884e-01	-5.47211029726676123630114e-01	-7.71077558814393437813806e-01
 4.28113967779407689207005e-02	-4.54627501303632941542787e-01	-6.02324728871781900352289e-01	-6.54741124685070730038206e-01
 1.36584990240468273636765e-01	-1.23968463752008442591013e-01	-5.55760475137507259368874e-01	-8.10621153629061397261069e-01
-9.68075243647646827005460e-02	 8.54472786613551388290588e-02	-7.03683986879415690474104e-01	-6.98681552930392135714044e-01
-5.45450582623197982590213e-02	-4.13553541589235865161278e-02	 3.87427883604414546869776e-01	-9.19355321030641881030476e-01
 2.51581080553388070075727e-01	 1.57446818646306344047225e-02	 1.74630820968750877231201e-01	-9.51820960721264652804052e-01
 9.63630476517189984986267e-03	 3.00026910327396534317046e-01	 2.26529210364490279916438e-01	-9.26593498553443306597899e-01
-3.60395191096499367677808e-01	 1.33357261988874986613496e-01	 2.42638097188880491605900e-01	-8.90762538896819444644848e-01
-3.30332743363942804570854e-01	-2.41581609729423024690576e-01	 2.93502617292788259284464e-01	-8.63929868765095587690439e-01
-2.52718471193334570656930e-01	-4.66362434112894574944619e-01	 3.57163380200557281640705e-02	-8.46973315733404397143147e-01
-6.52736303059679636578982e-03	-4.22031203939987720197280e-01	 3.53873553557441544725748e-01	-8.34637984113747233294589e-01
 3.29394114870288856611324e-01	-3.50824808773407825768231e-01	 2.08324306259637243021743e-01	-8.51482503671896928665319e-01
 2.42966738775740709321838e-01	 3.08313554997144245728435e-01	-8.92802717782270327528948e-02	-9.15390052778000229416477e-01
-7.98201456806674203292573e-02	 3.71280489713876615809340e-01	-1.87070113997378800752003e-01	-9.05971475682512017435499e-01
-4.02257956202793420796837e-01	 1.69667350001445532692301e-01	-1.65722694100184891885519e-01	-8.84272308553883723547528e-01
-2.38438799879534701897654e-01	-2.11606576325760131762621e-01	-2.09909646783553338611483e-01	-9.24287582819817821189190e-01
 6.67537718387013756515813e-02	-3.53997141973507012391309e-01	-2.95378458766673401836300e-01	-8.84862431972631591214906e-01
 1.29848244061980793578881e-02	-2.40306906339228881774872e-01	 6.96143246256969994156805e-02	-9.68110443548522825452096e-01
 1.42796467175877128674699e-01	 4.06729544207134943029081e-03	-2.17932660593423588313300e-01	-9.65452216071073787695411e-01
-1.40567374722168597633853e-01	 7.51695144206891846527796e-02	-4.05935180508097848139926e-01	-8.99892763884304947019643e-01
-1.26022931573769009228059e-01	 6.47120138761068108834706e-02	 9.82617210960190674839954e-03	-9.89865658723103947203015e-01
