 3.42892721478422063396962e-02	-1.44919533780568127179222e-01	-4.08541381379007167984341e-02	 9.88004814735942149539483e-01
-1.82097098301583215640420e-01	-5.01555878684533246181232e-02	 4.10751411367470509183875e-01	 8.91968800942804285192267e-01
 3.86237724319440034470574e-01	 2.80729266421792973684735e-02	 1.62825804281233971204657e-01	 9.07480076124237755585966e-01
 4.19611198781425082104946e-02	 1.09289478751179044979658e-01	 2.16064513873625185791383e-01	 9.69335442505545596958427e-01
-3.04730744934950392721618e-01	 2.56262396438812323218315e-01	 1.69124840351446287245452e-01	 9.01590564302291896936481e-01
-3.27230553285009218011936e-01	-1.06322974815904164325175e-01	 1.08754788029864921106160e-01	 9.32624247006082596200827e-01
-1.41323080485451252341633e-01	-3.90390883466458782358188e-01	 2.63055610029531483640142e-01	 8.70875703565308856290983e-01
 8.38833648106516727160908e-02	-5.18233894750516288496556e-01	 3.58153587575350557808962e-03	 8.51107739384694195194925e-01
 1.48434492145448654332185e-01	-2.27159510234688499785705e-01	 2.87760063069279925507260e-01	 9.18455172860288882041857e-01
 2.13985729725349266283629e-01	 2.59100986871022731516945e-01	-1.03337391453442450917066e-01	 9.36161401470905651933663e-01
-1.41255162117972093982488e-01	 5.14259696014416012310733e-01	-1.27755381964108349901466e-01	 8.36219173787225877880758e-01
-1.32182308699290346210020e-01	 1.78553198941915985953344e-01	-1.08071193487329464399949e-01	 9.69003204098293102752848e-01
-3.06426761233657141136888e-01	-6.75692832703414930639596e-02	-2.66505715974533763379384e-01	 9.11324165876821634668659e-01
-2.20030525290592332554596e-01	-3.92215331642252917898617e-01	-1.11162465971905238815154e-01	 8.86226047757652346525958e-01
 1.87578113051947992229174e-01	-3.54850266788730106526373e-01	-2.72860665462264839753459e-01	 8.74324194396636666937184e-01
 3.73022505749253996398807e-01	-3.41635666627658901584041e-02	-1.95826894597412953791249e-01	 9.06277489662939972347999e-01
 4.43933635214164706850326e-02	 1.12592352016269697106976e-02	-3.84544717842517980166406e-01	 9.21969532510347078435586e-01
 8.23886864197986984459376e-02	 5.53464511479694679096930e-02	 5.95420441899647268080287e-01	 7.97259914998474261693673e-01
 2.78682426910037306377887e-01	 2.69266705705952513749679e-01	 3.98316726700714940356818e-01	 8.31369551619629332250838e-01
-1.38587489932097740474859e-01	 3.32411197566770066913477e-01	 4.52568312173567910416949e-01	 8.15768488103649547227292e-01
-4.77899605819984252264021e-01	 8.93663995110934444854323e-02	 4.54873971784149344621540e-01	 7.46133555865730935252600e-01
-1.49603429631855189274603e-01	-2.08125506217421873955686e-01	 6.58600915931974228989532e-01	 7.07493760423152373562061e-01
 1.18985569807710425682679e-01	-3.84115294865759571152353e-01	 5.43579450575779943299892e-01	 7.36762685903309066937084e-01
 3.80045944568300042565312e-01	-1.04154020322230339568037e-01	 4.90713406565089993449646e-01	 7.77121208490149095737820e-01
 5.97628854787126351233439e-01	 2.04683715986515052387418e-01	 3.66689842348075500932936e-01	 6.82995525501099431942009e-01
 3.77208362172477773555102e-01	 5.75273830722631829281966e-01	 1.80431588453343005884477e-01	 7.03006623781788353433342e-01
 1.08385751813189712411400e-01	 5.67286974940313326598584e-01	 4.29761643124639824975475e-01	 6.94077046851261147963896e-01
-2.28089620672340898099861e-01	 5.94395204515556274671439e-01	 2.21441099041047001483307e-01	 7.38669957048444625336003e-01
-5.25488571670989945694430e-01	 3.90499870163477091900006e-01	 2.80172389958942391618990e-01	 7.02050599565433364190881e-01
-6.40964232862116900513172e-01	-3.24928376175185606999918e-02	 1.85169640077782471365708e-01	 7.44191690418875784196473e-01
-4.35638736720717290040739e-01	-2.79535322695145194149546e-01	 4.27691535361306995888242e-01	 7.41052525138661377646088e-01
-1.98110440045535657338505e-01	-5.70591104866306708665036e-01	 4.57181297972694633546809e-01	 6.52811845309514748869617e-01
 1.66472779932417880299766e-01	-6.15327914831397815298430e-01	 2.92669486229545861011303e-01	 7.12743251529574628477803e-01
 4.55582541086000325503136e-01	-4.17096337853640919401954e-01	 3.28815229672023923157553e-01	 7.14391865814860804739794e-01
 6.59123004710971960307120e-01	-1.11347532777395674674636e-01	 2.43896675215846570061728e-01	 7.02618675686764504462190e-01
 6.64965189882904095242111e-01	-3.33417723764216356041601e-02	-8.72395520032877846983155e-02	 7.41012066720278195219862e-01
 5.09810631755080567728555e-01	 3.05178000909518076788629e-01	 4.31763984636368697289655e-02	 8.03178253021124333166370e-01
 8.16056612054452817917038e-02	 4.48283370761517752089986e-01	 1.38117972943907624250315e-01	 8.79378167290830403679536e-01
 1.05318564790704574662961e-01	 7.17772722610135582854696e-01	-2.92398080003258668824184e-02	 6.87644786365288473994895e-01
-2.64257158232036659661901e-01	 7.66010014751221324225128e-01	-6.91084965818419549865581e-02	 5.81911356930039147528078e-01
-5.31046747284335207694994e-01	 1.65227785272024474405583e-01	-7.19974867584767946881996e-02	 8.27952591078312871708533e-01
-5.70048519976186329749623e-01	-2.20588247200013271021035e-01	-1.25950878898546614337306e-01	 7.81358999548139254720525e-01
-4.72319623385615727784170e-01	-4.38176241086944251446056e-01	 1.21579207399547806200957e-01	 7.55072348480517407942614e-01
-2.22618787005450124993899e-01	-6.80166388542178701470675e-01	 8.93340295960288466314836e-02	 6.92700505792978260544146e-01
 6.81708260806963700639827e-02	-7.96125960875088911627984e-01	-3.50759453767515647082398e-02	 6.00254838337950569204793e-01
 4.01649035861616043874278e-01	-6.17943742143902907670849e-01	 4.55191113425018265004063e-03	 6.75871928431452051455608e-01
 3.98788672344856820473069e-01	-3.06440831843176830773245e-01	 4.03318667104342332141442e-02	 8.63385749196927565485282e-01
 6.13759401279178495869360e-01	-4.67533147193990097911787e-02	-4.44710181851136365782651e-01	 6.50650735081504727475021e-01
 6.29027082139962057105720e-01	 2.83922440926882846401469e-01	-2.69461356448375988215105e-01	 6.71642430801991041633414e-01
 3.10413005238677985886397e-01	 5.33442421059900806490361e-01	-2.17822124353717255784701e-01	 7.56066446639763189985217e-01
-2.15617889823990528663789e-02	 6.81864359214725546110003e-01	-3.65608138569203100498584e-01	 6.33187787232613041865648e-01
-3.43491403931236782831604e-01	 3.06715930673996661770531e-01	-3.54980623759005631256969e-01	 8.13589423512744103206273e-01
-5.80817257238935291674409e-01	 3.57334407934332895506735e-02	-4.05942474006358799965000e-01	 7.04687975418978873598519e-01
-4.56350060218796094169136e-01	-3.04082261177437140897695e-01	-4.60650820598108079462207e-01	 6.97910755367624369149837e-01
-4.07919751687356613167879e-01	-5.67593516756909277631848e-01	-2.53066983222347607895841e-01	 6.68876803246748585785042e-01
-7.56559393638638333356994e-02	-6.35584194531110813208841e-01	-3.11220004721445009376879e-01	 7.02460688695384694035795e-01
 2.73625045499184593733588e-01	-6.49069375714730667503716e-01	-3.16392415071231614120961e-01	 6.35400755169721720427845e-01
 5.22274766051571637248685e-01	-3.50199127916553720751835e-01	-2.74520649328726495941311e-01	 7.27480620116024545573907e-01
 3.62722510709683254592761e-01	 2.33152565297722741410880e-01	-4.17806754811109459790686e-01	 7.99693552027127663173189e-01
 1.16296691086597188402596e-02	 3.61535948555059771791775e-01	-4.07265952351632876116128e-01	 8.38624440827915429430561e-01
-2.40111081190452962941251e-01	 5.15034501875918857005665e-02	-5.79137834120166061779855e-01	 7.77363127758790239951736e-01
-1.17726367846263627048309e-01	-3.05560444171486422781925e-01	-4.35510330645687782080699e-01	 8.38513010735274066931311e-01
 1.89538976758732435889954e-01	-4.37152044520235205649072e-01	-5.67504613070398344909506e-01	 6.71499501418167943356252e-01
 3.09291826793741397860771e-01	-1.22650447523306074804061e-01	-5.31938462309408555128698e-01	 7.78676380736455175934907e-01
-1.14438459275261333880636e-02	-1.60191952191072156663765e-01	-7.11394339768791184042129e-01	 6.84197098933140734899894e-01
-3.40919984607374743079689e-02	 8.37048537021150701464833e-02	 8.65158868236017175590291e-01	 4.93286291944378230134305e-01
 3.76792321630234738893961e-01	 1.46807528612517751431810e-01	 6.97050328509223771078496e-01	 5.92111421464208809162244e-01
 8.57896959245639523228277e-02	 3.53205638371196561919874e-01	 7.13763908188845830338209e-01	 5.98687721991148835698482e-01
-2.58903766164464754773178e-01	 1.82293535811870910379184e-01	 6.84226387592836604589763e-01	 6.56941517327623070165998e-01
-3.93747031850863127289131e-01	-1.04846841429186876659685e-01	 7.47348107765170133198751e-01	 5.24824942786428660923548e-01
-8.57005603878167598885796e-02	-4.50883650133887980970826e-01	 7.51842342991406620278383e-01	 4.73384029384545546026430e-01
 1.88575720698977628009274e-01	-1.64185394974391968281324e-01	 7.79155566315269054733506e-01	 5.74803407366289542679283e-01
 6.93928894806899454472671e-01	 3.01061681976786899017640e-01	 5.24272972325836361662255e-01	 3.91104082164858035675081e-01
 4.17036490906480650231458e-01	 4.67449965992593585717430e-01	 5.23006355355863594702726e-01	 5.77957997438661719158404e-01
 1.18579716166264434451527e-01	 6.32731098371430489279987e-01	 6.68512636141122884581023e-01	 3.72399064697077120111857e-01
-1.80056094175227360265623e-01	 5.85473553801854174061248e-01	 5.68775729255198370104551e-01	 5.48903170476548130096717e-01
-4.80783806057007045975382e-01	 4.04593460378472491445478e-01	 5.73335890425430205752377e-01	 5.25772784006922955235552e-01
-6.11069518010477819025539e-01	 1.36419446497967944420537e-01	 6.83148416007784975434447e-01	 3.75888308519545077945878e-01
-6.70386494188705439611908e-01	-1.47402590699206914592878e-01	 4.95744877593008892446846e-01	 5.32063380627563531355406e-01
-4.28329612736846776499533e-01	-4.37781192626793214106584e-01	 6.40518136713159491613112e-01	 4.63268698248077093193587e-01
-2.28631499355858580635470e-01	-7.17876116204053116298667e-01	 5.82289198286168652174410e-01	 3.05484547637564940458788e-01
 1.39158533916288185139365e-01	-6.48263131582829998933448e-01	 6.00269412613520625399133e-01	 4.47287879278335187560600e-01
 3.98896518887251083640422e-01	-3.95940925987909086991579e-01	 6.48530203694161033745047e-01	 5.13342892464559108489652e-01
 5.96724693431600838877671e-01	-9.22386363851990936923997e-02	 6.03856945309913184516404e-01	 5.20354171509887497570901e-01
 7.85388827491632857125126e-01	 2.40497279478586872825119e-01	 7.05690544306504935478941e-02	 5.65990686117254671039234e-01
 6.53804923962951312077507e-01	 5.18934689814649074968145e-01	 2.52849506738207552292153e-01	 4.89196316473273218328188e-01
 2.98339368555531336824060e-01	 7.66622445835632437827201e-01	 3.77772510835272634643900e-01	 4.24937144490915519323693e-01
-1.88105842516986710051541e-03	 8.01682405586781388073803e-01	 2.52226572456016262524514e-01	 5.41925768292007448145853e-01
-4.15969786024411092295594e-01	 6.98941275060704469979100e-01	 3.27404439833218596778153e-01	 4.80891426320763815116521e-01
-6.69329289367667779053761e-01	 5.70293514898189024542319e-01	 1.18393409097761595494269e-01	 4.61244631342037303411985e-01
-7.46369783611228743147592e-01	 2.19790348435128485293788e-01	 3.94269900420955554665170e-01	 4.89055819379488221354535e-01
-8.85764783709689695889722e-01	-3.51411968737744412338841e-02	 1.92660361369435456646571e-01	 4.20794283919118272674353e-01
-7.45076343173997734936620e-01	-4.08800630952944055174214e-01	 4.27126606742810888128759e-01	 3.08716939585942540258401e-01
-5.21149573716258029953963e-01	-5.84336887491711864939248e-01	 3.51427981326782823412458e-01	 5.13275654665642067087106e-01
-3.20706120827891294489120e-01	-8.28874625708938661539094e-01	 2.45720542268421077158891e-01	 3.86957173375434004825024e-01
-1.57048717998433846887441e-02	-8.03437539574782366713634e-01	 3.30891667178661030845888e-01	 4.94724349103111027403656e-01
 4.35066455160204645924438e-01	-6.62994139838072427117766e-01	 4.11908216973068008748271e-01	 4.48873669226405147547609e-01
 6.95584626492775859318840e-01	-3.69371848744649011742069e-01	 3.97195522075095397429578e-01	 4.71128625733310879564186e-01
 8.29324207448860817315506e-01	 3.25801005310236190329332e-03	 3.60192975791418734665683e-01	 4.27167138834830539817489e-01
 8.44058086941980145745390e-01	 7.58593207430157123738468e-02	-2.57478172704268704062969e-01	 4.64237331442791112401380e-01
 8.15903089349874766078585e-01	 4.07659771181286212371475e-01	-2.11044340622986409394812e-01	 3.51533705412099051201835e-01
 5.85818488767596790012249e-01	 5.74904520350756009783311e-01	-8.16874476694824935840700e-02	 5.65357100947323165662795e-01
 3.52705196650555330428745e-01	 8.19341198570154638503027e-01	 3.11935067276465881336289e-02	 4.50894676969409546885004e-01
-2.42918757997416828731119e-01	 8.96150596462899406979830e-01	 1.50050081178212085797341e-01	 3.39690386397074939317520e-01
-5.40683722040050995794047e-01	 7.11968126807288603785651e-01	-1.83960171845239661703175e-01	 4.08559854006860789787936e-01
-4.73821836838999310703713e-01	 5.10198823391340483546230e-01	-5.48553719712831927557417e-02	 7.15668160330261149404407e-01
-7.70495619231318706887635e-01	 2.49979550399914568492576e-01	 4.92731728809040619987414e-02	 5.84310601958797026789227e-01
-7.44069997724411624773211e-01	-3.20272915575919137065597e-01	 1.71528346914883361717941e-01	 5.60680946920386835685690e-01
-7.21598568253333905175850e-01	-4.07792163068667445902094e-01	-1.77913483505094172087979e-01	 5.30422332129406925993464e-01
-5.52784836703886672815145e-01	-6.71652049512794224739309e-01	 4.16304160678474151346951e-03	 4.93249549194016922992745e-01
-2.78491664377462144752684e-01	-8.40682131031804669163421e-01	-1.35223224436515798707603e-01	 4.44309157016920142080352e-01
 2.98868808190872137231509e-01	-8.46406438599071608841484e-01	 1.68670907491445865034052e-01	 4.07214564025669023550336e-01
 6.17834205900467114958019e-01	-6.50091488478931722738707e-01	 1.06861360151825832143224e-01	 4.29234901112535316425323e-01
 7.00078412911107172966751e-01	-3.77395322577706582301005e-01	 2.23475574932880671763513e-02	 6.05775183501617520143157e-01
 8.88929689879807138908063e-01	-1.18594559375275701573749e-01	 3.67057256318225610947081e-02	 4.40899111637362672855289e-01
 7.31096412019122676717586e-01	 2.18945307656886467562174e-01	-5.42457786602926428365379e-01	 3.51141763881270940750312e-01
 5.45432898893832174280760e-01	 5.08888792357710895153389e-01	-4.52223742865803413071291e-01	 4.88905753909099516363312e-01
 2.90954560793240168958818e-01	 7.65221215048392577884329e-01	-3.25762212002647155717483e-01	 4.72928024993884921212128e-01
 1.54458567470897277507103e-02	 9.10977867030505650269845e-01	-1.29307709097718742663474e-01	 3.91356956828160129635563e-01
-2.21475837063138364380066e-01	 7.92639807061079282313187e-01	-4.31177027803767431990423e-01	 3.69806652933213630962683e-01
-3.76188779437589382315110e-01	 5.79515466979811488812402e-01	-4.03602926327958411167884e-01	 5.99790383063897203363979e-01
-6.79053728623281616094687e-01	 3.58102677655699808134671e-01	-2.65707928977294893790884e-01	 5.83136178244184955055118e-01
-7.98583831195456950169387e-01	-3.54111526154550979028635e-02	-1.63883598611676312151175e-01	 5.78058890537735625692051e-01
-7.29181861526953412067087e-01	-2.26053186264036615193973e-01	-4.61631439557691591879518e-01	 4.51763415751936847630787e-01
-5.89638249925400814710486e-01	-6.06489570958779311560249e-01	-3.87364414129925449525871e-01	 3.66668713157976000616145e-01
-2.76552238879408829319573e-01	-7.13439987287421639727825e-01	-4.73884213580627655648669e-01	 4.35839415185433065591525e-01
 4.10326289782319206245198e-02	-8.72031053660035970764852e-01	-3.01403234510525308564866e-01	 3.83450459692377287890253e-01
 3.73258126452662597483112e-01	-8.34347462055732069785563e-01	-1.75646468797892862934162e-01	 3.65637801105188786632283e-01
 5.96408154089946407339085e-01	-5.97893480270942911936061e-01	-2.76675099089566611798574e-01	 4.58553802217690653630910e-01
 7.97622700348057489527775e-01	-2.72703854281800162073779e-01	-2.83032872867375551173552e-01	 4.57518336928438018595955e-01
 4.68918651774512251773075e-01	 2.05720835548856839647414e-01	-6.59905889206080287223699e-01	 5.49834932711797175208801e-01
 2.36439324980162735023725e-01	 5.04418271260226203089871e-01	-5.61307219235655852074274e-01	 6.12039916064063160838771e-01
 5.46474798332536107481339e-03	 6.45753258518324768644447e-01	-6.62446141247732267487436e-01	 3.79655074493195021645420e-01
-1.42016976249135257193146e-01	 4.25953229799928112520035e-01	-6.39583772025684615947227e-01	 6.23961235207331710306278e-01
-4.82317985220052758421616e-01	 2.90330740002535114818727e-01	-6.08056282906656253572919e-01	 5.59772256690691749625444e-01
-7.58066379191645767221530e-01	 1.46748053590726790229581e-01	-4.85562219711577702785377e-01	 4.09914264566832053926504e-01
-4.88387198885216144983445e-01	-4.12080125712221800871049e-01	-6.61161607397798833929414e-01	 3.93107164601728342745446e-01
-1.99446744906328576885102e-01	-4.46039597691773759269296e-01	-6.33879283656517800160657e-01	 5.99555441129784649767487e-01
 4.98984650652961603256585e-02	-6.66276146801714985734577e-01	-6.01668466277195501668018e-01	 4.37700006939494956625936e-01
 3.50964718975110334664436e-01	-6.84910158683470937646121e-01	-5.46135250705790831204922e-01	 3.30844568496186153261363e-01
 5.10198241684199915724207e-01	-4.03597046309301599187336e-01	-5.58315379403152234338847e-01	 5.14869998654682192729126e-01
 6.83361369918624506070159e-01	-1.28703908996696037014829e-01	-6.23033070342065009583621e-01	 3.58165234454784153772522e-01
 1.22020024219469808146599e-01	 1.62589344669406721255456e-01	-6.79623178594220722636976e-01	 7.04832003960476183301864e-01
-1.81554818689253327779198e-01	 1.40681754843020118128649e-01	-8.20293288498425532395686e-01	 5.23799019194804871268900e-01
-4.65817849347021972761240e-01	-8.22605826739577355999344e-02	-6.97366948011135745488787e-01	 5.38448017536967249441204e-01
-1.98458085228501029950721e-01	-2.10935012385812165058852e-01	-8.60532794678079304695473e-01	 4.19051450589027985049739e-01
 1.56438543190616619060762e-01	-3.83285641968488022257588e-01	-8.08891337294580181627168e-01	 4.17509165546083638176356e-01
 3.80121450193399823547225e-01	-1.28617341746490726483998e-01	-7.56162642472510304614275e-01	 5.16897785479802140962136e-01
 1.13360032573219943197174e-01	-1.46977890388402393506695e-02	-9.04922721592439138760255e-01	 4.09937002426105867591843e-01
 3.43706550885558483748872e-03	 3.92406371721772950778018e-02	 9.94267516497474801440148e-01	 9.94005262207051099032640e-02
 3.33214709846115730851324e-01	 2.39514525354250967792424e-01	 9.11893448886540225473141e-01	 7.14752854542769020668169e-03
 5.90874258732719745412787e-02	 3.57337219643559522719301e-01	 9.00099905116527709836305e-01	 2.42154802492742599051567e-01
-2.45459222760151557496400e-01	 3.70510006152009463420427e-01	 8.16268922047421852106197e-01	 3.69021885804568627875710e-01
-3.67630944671164416881481e-01	 6.56523486403170070113688e-02	 8.93601413023334179008828e-01	 2.49025645829697439559425e-01
-3.54355551288620507222049e-01	-1.09612534571658856719090e-01	 9.28076827438130913527914e-01	-3.30248074648214345883090e-02
-1.23809036393591365143863e-01	-1.89530004552664027572817e-01	 9.18198949148693155386525e-01	 3.25054441076864930604273e-01
 2.70004361516167745715933e-01	 2.44539575675860841597054e-02	 9.08867567795324626800380e-01	 3.16953297713307269312111e-01
 5.95932607851480278249312e-01	 1.13461428722427676296647e-01	 7.50604407175112342542889e-01	 2.61885194352215022739472e-01
 3.71001644286718668119818e-01	 3.86495403734278708540728e-01	 7.79401751186112989877586e-01	 3.24826096668429986635829e-01
 2.62005103825218799151742e-01	 5.98609557256064128694106e-01	 7.56931999206908234789637e-01	 8.59488847329622877857513e-03
-8.38371805080755788663893e-02	 6.29227010189623570113326e-01	 7.67569550325950200608816e-01	 8.87788388339377093627647e-02
-3.74796534788791713133094e-01	 6.15523236444291521607397e-01	 6.51991377950941086716341e-01	 2.35724300794576041573336e-01
-5.62190339393368154752295e-01	 3.56098476733110291814199e-01	 7.37445391417871687345098e-01	 1.15369804705002146349990e-01
-6.77310942245081037960119e-01	 2.10956505919395430337371e-03	 7.35580421496441316797643e-01	 1.29182336818560745267392e-02
-5.81750599385307820554658e-01	-2.36462532516582307762221e-01	 7.41856837747304598273956e-01	 2.35159824626249930323851e-01
-2.94825336750806188401697e-01	-4.27454710229312639935273e-01	 8.38469836510648325322848e-01	 1.65314321141136533199756e-01
 1.11250933329753026734821e-02	-6.41948693512646051395620e-01	 7.57754586839242461060451e-01	 1.16559398247538192894268e-01
 1.95770519410646354208083e-01	-3.80998852520975539448500e-01	 8.59521885595534107515903e-01	 2.78811596404602901611014e-01
 4.92755423897926814191806e-01	-2.16615514852306428883466e-01	 8.08316155138082303999170e-01	 2.38526317808396726150022e-01
 8.40537294826070313646937e-01	 1.43898105942354498365532e-01	 5.16097887306461333700724e-01	 8.02082404150701311351668e-02
 7.73203896334244134003200e-01	 4.90883248135201566419994e-01	 3.84020885401000822145789e-01	 1.17121009941037843016254e-01
 5.03599759027662075006049e-01	 6.15691969253926885130568e-01	 5.49801561770577040810792e-01	 2.55007694742995671965957e-01
 2.03910455802116641343957e-01	 8.26985255430955246147562e-01	 5.15189064819577935416817e-01	 9.53736903170863403733648e-02
-1.15651754248695406990244e-01	 8.23156653709306018740222e-01	 4.82582171890292677129963e-01	 2.75956957815789050147970e-01
-4.33806701913813319571034e-01	 7.85525483532321211477267e-01	 4.35521063494589300013615e-01	 7.12942027693321545012139e-02
-6.68137726092238426467418e-01	 5.37919144467054355374103e-01	 4.31685128549079533133437e-01	 2.79075120312954616519363e-01
-8.22565894714746614901912e-01	 2.64162301618106831746502e-01	 4.91799695604549391703131e-01	 1.08335989676677860171772e-01
-8.44945356232229216608687e-01	-5.55299320129162207737572e-02	 4.81223982506655989510591e-01	 2.26731670246275940350245e-01
-5.32891573108858151996969e-01	-5.99243327538064418646968e-01	 5.79037764559173884215681e-01	 1.47136918973415437017493e-01
-3.05900391156541551218595e-01	-8.60021767598540876065272e-01	 4.05515943982044713145285e-01	 4.84182726179631650609281e-02
 6.85767021730732118101059e-02	-8.84541779122359872467030e-01	 4.25082262179541148228168e-01	 1.79410555114350750427477e-01
 3.26372998821879090058928e-01	-6.89565759165937652852563e-01	 6.28557317255161174252009e-01	 1.51312353596501025787546e-01
 5.93653230469070147812261e-01	-4.85510078472024875217983e-01	 6.07158799846942431877039e-01	 2.07879766750267730435198e-01
 7.85326009582979267520386e-01	-1.73847999061883445870436e-01	 5.63858803740510228230676e-01	 1.87358430125186964376738e-01
 9.63148079423007508204080e-01	-9.18603288066315165627529e-02	 2.33642873012592594550441e-01	 9.65321966275024534454019e-02
 9.01181752955725001719145e-01	 2.69095201604737710443516e-01	 2.05053728966328729921287e-01	 2.70946837682146723924603e-01
 7.81326463438735130395685e-01	 5.80718984181410879941154e-01	 3.98944933387872929797524e-02	 2.25172929862518605981236e-01
 5.55941208580919221660110e-01	 7.67767903187283051735790e-01	 2.13255778267470164077935e-01	 2.36608944193843401260224e-01
 1.13176227446437890900022e-01	 9.50409103225572926554321e-01	 1.95803755180554900361400e-01	 2.13482007448280719508205e-01
-2.22346728650423430817540e-01	 9.52621767704105892882183e-01	 2.07425371727252533249342e-01	 6.95809733837602067269001e-03
-5.54191342585685586819011e-01	 7.96620362277153382102313e-01	 1.26329250040465024262915e-01	 2.05691212239866333399974e-01
-8.11406891636067495454654e-01	 4.96081442740399114477157e-01	-1.42959371201628521186322e-01	 2.74015832680767568163560e-01
-8.89588097945083422501966e-01	 3.33868741935575030765904e-01	 1.80077123557307011703088e-01	 2.54434488079213927402833e-01
-9.86722913898896769602231e-01	 6.56321085752719080019801e-02	 1.30906252025280056550116e-01	 7.02415168652275323513123e-02
-9.32093591418477696031175e-01	-2.69865615599908903465831e-01	 2.24099683426982637657332e-01	 9.02962803298808930341224e-02
-8.12492561093815734984958e-01	-5.08249246446734748161589e-01	 7.87140913270277936542030e-02	 2.74486126206951841499659e-01
-5.98835471100899074947677e-01	-7.34589714031166463037437e-01	 2.56360162990256879034234e-01	 1.89877585361153317089489e-01
-3.53849271914370600011779e-01	-9.28739797892740637230702e-01	 3.49642291109691777384327e-02	 1.04931326392534871039253e-01
-3.50866266850869343296715e-02	-9.55302999429596622071870e-01	 6.66444652840030293816653e-02	 2.85873439052470645904691e-01
 3.99016713888258045539459e-01	-8.50747529787900469422368e-01	 3.27650184979331293710914e-01	 9.82835636340641666253148e-02
 6.79259041455529954944836e-01	-6.46126480628807176032069e-01	 3.13736078395021378284468e-01	 1.50656558916162724992560e-01
 8.64476791229934149463077e-01	-3.73686388042742789750150e-01	 2.05701232491266261526164e-01	 2.65942406862726132832364e-01
 9.73576429619066652243475e-01	 1.11019885778992841163237e-01	-7.12776227028905501326150e-02	 1.86394799159296409296616e-01
 8.93257518016281837347492e-01	 2.73735420809751717197145e-01	-3.52811262879405396208909e-01	 5.18086738581393160818500e-02
 6.68253376749312066884556e-01	 5.27566101737512727076762e-01	-5.01790641699409345477534e-01	 1.52700964841488678880310e-01
 5.77739146263520186863616e-01	 7.33304021154605689680750e-01	-2.17139248473756485413588e-01	 2.85189828369520781414792e-01
 3.04116888810630536799096e-01	 9.34540143235614406691525e-01	-1.16655735692046860774163e-01	 1.43314611786262008363835e-01
-1.39414220379481274686428e-02	 9.96282607646605145035323e-01	-8.47624346676070367090361e-02	 6.47550165316508868212919e-03
-3.13316047826788457442149e-01	 9.13295333834984734977525e-01	-1.61800451872553541221578e-01	 2.03826644831539977031909e-01
-6.64973847913540083709449e-01	 7.27535018419120937949174e-01	-1.62134187909079990896899e-01	 4.70646754584827242684497e-02
-9.16326858063308602453390e-01	 3.89360547647620569566840e-01	-8.32438975881367726472604e-02	-4.25899828798539381580213e-02
-9.26446906508362699739223e-01	 1.59912847188530465869505e-01	-1.52910727629619019873886e-01	 3.04536237746714122387459e-01
-9.30823504138559743026349e-01	-1.97228427095356262377379e-01	-8.29049143535108556957169e-02	 2.96302762161848920463569e-01
-8.24433064300050255646113e-01	-4.52534113392455417113069e-01	-2.91059437964122202924244e-01	 1.75520375674571210700137e-01
-6.28045449071457206891012e-01	-7.47970605427203061310593e-01	-1.14923827914974199804199e-01	 1.81359866273837849748318e-01
-3.79838191365123700737882e-01	-8.50215463767282186857699e-01	-3.32181833015876504244801e-01	 1.50039472691919251179371e-01
-7.99472144903195514054062e-02	-9.70719444798836983423485e-01	-2.18505949076621186488723e-01	 5.97273187310586595177853e-02
 2.53135537597252768815537e-01	-9.62278010125244609440642e-01	 1.23355131713588864889042e-02	 9.89508259164545850294914e-02
 5.96528805800558670213718e-01	-7.92712562916738194829236e-01	-2.26458432697759989848940e-02	 1.23480128873987057835926e-01
 8.10107540070821197097928e-01	-5.22043638121952757735755e-01	-1.14929311356946020628023e-01	 2.40805869546023620930697e-01
 9.57255712681547632492141e-01	-2.53468315021049939161912e-01	-1.03684756562161556336932e-01	 9.30848273113152324675923e-02
 8.96026149831683493829360e-01	-6.37845748870093098847889e-02	-4.07330642068955361967397e-01	 1.64773829402564714330381e-01
 7.01723406891778589411501e-01	 2.05984584650013680118263e-01	-6.81671456041176293538797e-01	 2.18777769770920477165888e-02
 4.39847521557812648484997e-01	 7.93711470764206117323170e-01	-4.17994494258312698775626e-01	 4.28586248788746168592034e-02
 8.83792062018968760384041e-02	 8.79292855870728362610578e-01	-4.20607095151912580011100e-01	 2.05238546656545728374965e-01
-1.92390124586275246265643e-01	 8.91750053940244091776890e-01	-4.08775805728016861095853e-01	-2.58886444345760441398951e-02
-4.85035254069612842275916e-01	 7.32635517963783344796980e-01	-4.61987524650424696837092e-01	 1.20638000625582567093552e-01
-6.54682839661348991988632e-01	 5.03957865661159964965066e-01	-4.61390292006170377181462e-01	 3.23320038868087300532039e-01
-8.58430449951411711495552e-01	 2.79223495183696213128854e-01	-4.18745678769784746009464e-01	 9.89113686350027998539503e-02
-8.95719950439434198230515e-01	-1.04951625524780531306668e-01	-4.00749741972240558496310e-01	 1.61463838037086915289109e-01
-6.81876407547147733723136e-01	-3.81890777764962496831913e-01	-6.14361888079102080872929e-01	 1.08459527772109265431055e-01
-4.27307951094914095779842e-01	-6.52890918710566703353493e-01	-6.17289543068394563896106e-01	 1.00473793671540606586845e-01
-4.96289123451177163759418e-02	-8.19502266215575758678824e-01	-5.53368005347676050753591e-01	 1.40487926116483974325888e-01
 2.57938270722771034737519e-01	-8.97401743738270973871352e-01	-3.50292640262438004228329e-01	 7.37090564993718722064386e-02
 5.71755001356728298489429e-01	-7.13047666937968172007345e-01	-3.90305676699281234309780e-01	 1.10998746993848249053904e-01
 7.53011399487255261853136e-01	-4.25489880047069168877982e-01	-4.62112311407868070478600e-01	 1.95919386138925510909559e-01
 4.90418374780889676500806e-01	 6.15190095685640842004815e-02	-8.35816661340169297922387e-01	 2.38988990886915886324715e-01
 4.60450479601537454588112e-01	 4.03246936362428864963903e-01	-7.57697486530535257998054e-01	 2.26432734060998036573764e-01
 3.23035503843155824554856e-01	 6.65304457466564191925329e-01	-6.16523062914054786887164e-01	 2.70032137026302132554179e-01
-1.71926262652535188912850e-01	 6.95786684930459808917647e-01	-6.93687579135251364270687e-01	 7.15527206840295831868914e-02
-3.74651333770492478425496e-01	 5.37168940796105887081069e-01	-6.83783741141950729414134e-01	 3.21754102534681951652829e-01
-6.30798804767585319375200e-01	 3.60972692980526588257817e-01	-6.80907585003385107391694e-01	 9.03130306823457240650299e-02
-6.90148849772124872714585e-01	-3.65059373452876756438457e-02	-6.90537635128176230381314e-01	 2.13353359871225362054403e-01
-4.38215718933437359261518e-01	-2.04260152708528652798492e-01	-8.60063088754988491757558e-01	 1.62899530559078797864458e-01
-1.91246245346088278305174e-01	-5.32011389095252917869061e-01	-7.85860904151521766358712e-01	 2.50622015872739467567953e-01
 1.42833476719271129651290e-01	-5.52203286526188219518474e-01	-8.13197570216302678680620e-01	 1.15671258626608722264173e-01
 4.91935756348531205706109e-01	-4.35153697358543312123658e-01	-7.24313467307053704402620e-01	 2.09786730701971901869030e-01
 6.96365048532749497667282e-01	-1.65117165707419966125258e-01	-6.98105572101897164927209e-01	 2.14627810642688994502425e-02
 1.93290427080362037237649e-01	 3.31414568928883213061454e-01	-8.18791733571597513119400e-01	 4.27063568260735604287248e-01
-1.18252722013304639725462e-01	 3.80959065510862560088867e-01	-8.72400213683014680299266e-01	 2.82496639462073928505959e-01
-3.11214818510772373016948e-01	 3.77668973248637296347141e-01	-8.72058460445128691418404e-01	-5.05222235249679248181298e-03
-4.61690367823820224657538e-01	 1.77446875820732208328678e-01	-8.15974366949656970682270e-01	 2.99233091420842145513603e-01
-1.92717254554484324069463e-01	 5.79111963016642264379108e-02	-9.68845813460002314165820e-01	 1.44375007812705041798651e-01
-3.49555557661338223152114e-02	-2.61543316530104485995167e-01	-9.57786791057537723048654e-01	 1.14094984881978320223617e-01
 3.25726096081041027741065e-01	-2.10397868679288918558612e-01	-9.10312522202266549697924e-01	 1.44797648837145492839440e-01
 1.54696892922687623261879e-01	 1.46167466455788458423726e-01	-9.68930440157057315531119e-01	 1.26006925234345451558582e-01
-7.15448201473651984594326e-02	 2.11772754045293186420107e-02	 9.71415915303120658386149e-01	-2.25353014651063471296411e-01
 2.66828304496727730654726e-01	 1.19528966070260159182403e-01	 9.03110994099537545132250e-01	-3.14493266265148230242943e-01
 4.10338182738783849301534e-02	 3.74954512156177033332938e-01	 9.13837967366695536064469e-01	-1.50417781431239350187212e-01
-2.49871167276180861094304e-01	 2.91630414437958729312328e-01	 9.23224469530296021346771e-01	 1.31407762056448360749039e-02
-3.54121565692184725460123e-01	-6.58862978574787233609911e-02	 8.42688113612897193860363e-01	-4.00167034676631394596313e-01
-2.01361188146378322638697e-01	-3.57673550114045724068745e-01	 8.72286693977159299784319e-01	-2.65780411180906284140946e-01
-1.41630757112595458482862e-03	-3.18343240620707512711363e-01	 9.47974250111726646217392e-01	-6.29562609734595130840662e-04
 3.08950879163967295770732e-01	-1.24443380441150178161713e-01	 9.42269931989254239113052e-01	-3.45047039859354004454062e-02
 6.11688289492123726809325e-01	 4.86114253199951412698354e-02	 7.85873175624356101742762e-01	-7.66662745974284881578242e-02
 5.88981779753971812496616e-01	 3.95152282593949022437840e-01	 7.04937346107346485268863e-01	 4.29822542064771644793053e-03
 3.61850991904964391920885e-01	 4.68385869017201139641315e-01	 7.50516698029991879970169e-01	-2.93944252096469182955474e-01
-7.87467894610078232575656e-03	 6.37752486138205010313129e-01	 7.16988422768553013142423e-01	-2.81313628308152208212789e-01
-3.44586024775641319717323e-01	 5.55298365941537586110144e-01	 7.44485769428672283787307e-01	-1.36547191220387775789646e-01
-5.06669668501568581930883e-01	 1.90765090636467876672455e-01	 8.18514152645427817134305e-01	-1.92169480235827749847743e-01
-6.52816561152916641219690e-01	-1.35732321922290760651819e-01	 6.68885998646539525758214e-01	-3.28631701277715293496584e-01
-5.17945657216916210963120e-01	-3.72032401076211161061735e-01	 7.61057860100721184082317e-01	-1.18807080169983730888461e-01
-2.63042313520893633604913e-01	-6.43399464117011432584547e-01	 7.13170690771884996372876e-01	-9.07382868224362176823306e-02
 6.22699489187684071533901e-02	-5.79055548335934977544071e-01	 7.68908764607543648850196e-01	-2.63811366534357161217628e-01
 3.29064980320081301723434e-01	-4.69685072642206880022542e-01	 8.17627594012112268728742e-01	-5.09636024432537151906963e-02
 6.16518478129120417463582e-01	-3.00251811375864707809313e-01	 7.21784317762783289573747e-01	-9.37081347727025532057255e-02
 8.07152286149211750654331e-01	-4.33183117156921496104793e-02	 5.42927056834316079658720e-01	-2.27725540489929351162246e-01
 7.69621233340284649493412e-01	 3.59984982495230143584308e-01	 4.87129228901250654892863e-01	-2.01987831118018185128093e-01
 5.21635779617530381813140e-01	 6.85935345673353680240325e-01	 5.00267923722432450439612e-01	-8.43849481438154330747992e-02
 2.51974891581456139633133e-01	 7.76468406615174577822813e-01	 4.99772909189703129495541e-01	-2.89538437484672894761673e-01
-8.92020207087907135434790e-02	 8.45311889104066627176337e-01	 5.18681639284155338032178e-01	-9.19791645443890637512396e-02
-3.54347687002515621124132e-01	 7.41424176358782882623188e-01	 4.92793049603267030445153e-01	-2.86151913656679635078461e-01
-6.48036433184549509611827e-01	 5.49074004669361848129938e-01	 5.20898962289845557371848e-01	-8.50340505160044751731263e-02
-7.51312599318244345170115e-01	 2.33185361001005675429809e-01	 5.65731995325086334247544e-01	-2.47186720893316891345393e-01
-8.93169406019673095542544e-01	-3.93813052092818263738572e-02	 4.26295410323925094697728e-01	-1.37730708584665656468715e-01
-7.67734279479349801533772e-01	-3.29679543000490460347152e-01	 5.48660902592453703086051e-01	-2.94395822957016738141700e-02
-5.03744287552888359016379e-01	-6.69683575810725462140738e-01	 5.05656799918057675569116e-01	-2.05126306805887226314411e-01
-3.04797099862936793357449e-02	-8.38963093487517519442065e-01	 5.27251530296811710130100e-01	-1.31216381769489909281390e-01
 2.90060409344674530185415e-01	-7.54320143422816613565374e-01	 5.57057505449349954496086e-01	-1.91188430036780349086101e-01
 5.93976340336529129437793e-01	-6.09050286444263400120747e-01	 5.05333796984889116465922e-01	-1.44525462557362427418184e-01
 8.31930455300696314324682e-01	-3.65301471000216870788080e-01	 4.13537703630379449570853e-01	-5.85928366301412401062620e-02
 9.48817589231934932492152e-01	 1.61780600141365138444627e-01	 2.35146512822230480121988e-01	-1.35197401193750732506516e-01
 9.18892792471610486693123e-01	 3.92363647430723272435671e-01	 1.45459790181473470199736e-02	-3.84085747325870960344751e-02
 7.26796583035741461387147e-01	 6.39008517378572227229938e-01	 2.09593256487466406134956e-01	-1.39662122424759255201465e-01
 3.81182424559786903195402e-01	 8.93354793369322108809172e-01	 2.37125587791991415675952e-01	-1.97136497148820560854077e-02
 8.62780694980069123856126e-02	 9.52989100263714083993705e-01	 2.26860618282172465942637e-01	-1.81389441189072575522090e-01
-2.29946640917002981252537e-01	 8.94288676921266123542864e-01	 1.71650330006770324153820e-01	-3.43378026189744778307045e-01
-5.49268311853044921555522e-01	 7.93013909878901523953232e-01	 1.95740036218972623949242e-01	-1.76406061555943211027753e-01
-7.79458846246592673701059e-01	 5.97076257597191628612165e-01	 1.86870042867945840292521e-01	 3.19911972297823518629478e-02
-8.92416180496906741304031e-01	 3.31185175118711927488846e-01	 2.62411574251529222667756e-01	-1.58271621801682194075056e-01
-9.49083349636652973124740e-01	 3.43692033787185088899996e-02	 1.17101460632501222502988e-01	-2.90425207616896885465252e-01
-8.95984583263731315661005e-01	-3.11248802010292424657933e-01	 1.63470191205221632158029e-01	-2.71317722215493772885964e-01
-7.62749093605252781458148e-01	-5.71097059839807075221074e-01	 2.97162660252889565537515e-01	-6.12888390991299172871898e-02
-5.22898860972676127190084e-01	-8.15460394675745048331805e-01	 1.86111678228607135832107e-01	-1.64205874242329047385525e-01
-5.51596176447788910657266e-02	-9.78931847482111705538443e-01	 1.86750661042690474511474e-01	-6.14332578222874167717116e-02
 2.63109749203968734665438e-01	-9.15692112818781045469052e-01	 2.27116109904747426329052e-01	-2.01741138633240169042438e-01
 5.91099174460234855210672e-01	-7.65358233027738310561006e-01	 1.75155109932744773582058e-01	-1.84795098835264487435737e-01
 8.40839842364893397252956e-01	-5.27258612000492954408060e-01	 1.01165568724596838245944e-01	-6.89365162140049281269683e-02
 9.25683594605483328621176e-01	-1.72108065306362023605402e-01	 2.21532573108714575527145e-01	-2.53795223726933860675103e-01
 9.82001690311272934508224e-01	 8.04880569963646770592636e-03	-1.16878926764454146858263e-01	-1.48145919386939994843999e-01
 8.80230601003213264377223e-01	 2.97328808849265602276546e-01	-2.14837754112463530375976e-01	-3.01055489725252645172304e-01
 7.67979685802327782795373e-01	 5.93349225889900022679058e-01	-2.38121153614005598431191e-01	-3.79764997379871335758672e-02
 5.79842573375365599730458e-01	 8.12289259374193606255687e-01	-4.39873616934825864555059e-02	-4.50983505020338543145542e-02
 2.95558944997676487087546e-01	 9.19892571593979191391099e-01	-6.85969766285567383867772e-02	-2.48469357377317845436693e-01
-1.16221712561346154912734e-01	 9.24026737651957419394932e-01	-1.58923754143619005985144e-01	-3.27735170530242370112717e-01
-4.05364632603967878221596e-01	 9.00351142769161616463691e-01	-9.71580780309564684404933e-02	-1.24930549592344924958454e-01
-7.34407029780163478349664e-01	 6.19944173714198409896881e-01	-7.24751145012229591735320e-02	-2.66576244000347184481825e-01
-8.58281777399937828576526e-01	 3.21898852383482259043035e-01	-2.36321263009576648661536e-02	-3.98967469881813918686220e-01
-9.73837790841381667483745e-01	 6.06881142132472684025402e-02	-2.03588114324710439673183e-01	-8.06770700269013874006419e-02
-9.55224037102651579722590e-01	-2.67162401747385258587997e-01	-1.08755290064321788467971e-01	-6.59058185360458237411763e-02
-8.06975902802104072542022e-01	-5.83199203412153477366076e-01	-4.34190785537565682172811e-02	-8.23611865729352576881439e-02
-5.46621059604071035664674e-01	-8.05389471497326869808830e-01	-1.56772489891890465241175e-01	-1.67259088876138162227392e-01
-2.38431129705779842886670e-01	-9.37263918449955379941230e-01	-8.12982307242403889890880e-02	-2.40992824042894238090184e-01
 1.17317490260766474352572e-01	-9.59084013222909259610560e-01	-1.05598961426423762488547e-01	-2.35038978479770926943715e-01
 4.52522169704149324065412e-01	-8.63842489841225136260050e-01	-1.48062386666112377753279e-01	-1.64552023159536681129467e-01
 4.79401501354173031899109e-01	-7.13447780433056233384548e-01	-4.30164012655756544667440e-01	-2.75908295109821566359898e-01
 7.58729376468420757539945e-01	-6.00313648661161103348149e-01	-2.32161309468627091723292e-01	-1.00271545818232721281049e-01
 8.94931628722260730235405e-01	-3.32414347285779676610673e-01	-7.00194744611007113821444e-02	-2.89301494685530180550614e-01
 8.44740539535711265628493e-01	 5.43904606479026636600693e-02	-4.97903896991032102192776e-01	-1.88538611474064948803075e-01
 7.12076494442848040300476e-01	 4.43355701738832874703178e-01	-4.92676187511181806755189e-01	-2.31631090437139391946531e-01
 5.04029645584439078831451e-01	 7.49604841972707713892987e-01	-3.27316301593450431628440e-01	-2.77327849258386105457674e-01
 1.56811962932383003321846e-01	 9.05049720497086207515736e-01	-3.58846880867511153212490e-01	-1.65903368866027633998783e-01
-1.11317270238418253303081e-01	 7.76346294805864034493936e-01	-5.35513921835663708748143e-01	-3.13240698837268183307714e-01
-4.62721737617083461735490e-01	 7.59514071660958856035961e-01	-3.76933565836724771003219e-01	-2.58743222966767827397661e-01
-7.32540336803377933883041e-01	 5.35825852768108901180710e-01	-4.08572394312719633369113e-01	-9.66638974327745092995912e-02
-7.96989351618437202873224e-01	 4.66709167668013305552144e-02	-5.92670961584148225931301e-01	-1.06634563955083166986171e-01
-8.38613923522244286701266e-01	-2.75755046510998025333095e-01	-4.39213372903012766457209e-01	-1.66665697315025645997011e-01
-6.76314517942032233932537e-01	-6.11678299783144918677635e-01	-4.02436178676880640381341e-01	-8.05819613014449043220111e-02
-2.92934615568263778673241e-01	-8.32496570924648571221383e-01	-4.39739973081097912377402e-01	-1.66635909921032304703559e-01
 6.44384069979807017070073e-02	-8.64778189177564771128459e-01	-4.49735587180029039444662e-01	-2.13879117377477917516515e-01
 3.12234551739262844449740e-01	-7.12727511566339178017415e-01	-6.27419136447906033993149e-01	-2.95686688168295859491241e-02
 6.22189477254987188814539e-01	-4.77689359930556944888735e-01	-6.08995181451247646897684e-01	-1.17549984140631461060345e-01
 8.68983524865021506045082e-01	-2.80028060192345495948985e-01	-3.91685044228807011101878e-01	-1.14169808380114673473926e-01
 5.77168319096470039397673e-01	 2.20924193174696248398448e-01	-7.15995471754356072047187e-01	-3.24684025983296320472249e-01
 4.76838579909674986634371e-01	 5.60410630821675748158839e-01	-6.66071959915091160731038e-01	-1.22118949334841561671361e-01
 1.53936493436871768558660e-01	 7.39588836734844101705733e-01	-6.52683543860134940395312e-01	-5.75855896881802623021862e-02
-1.21519373895709256738762e-01	 5.47614746872749136308300e-01	-7.88033747051730237842548e-01	-2.53680792105156538429611e-01
-4.48633631343397509816384e-01	 5.88003097598595036998859e-01	-6.57670031888033301825658e-01	-1.43004724392192555937342e-01
-5.21580526759257923075097e-01	 9.51257331637272163238350e-02	-8.44690426727816578988950e-01	-7.35046392411896620799894e-02
-6.09768685253514020061516e-01	-2.39458315309191177577830e-01	-7.36553171275771134673960e-01	-1.68319017336394205486272e-01
-4.76647150630026217310586e-01	-5.60928361863294533407043e-01	-6.32097116547903348227067e-01	-2.42115885281128345729584e-01
-9.69285896527377760500954e-02	-6.72493647663004456838109e-01	-7.26376305906196728656710e-01	-1.03607936852855256337769e-01
 7.63476909248569923782668e-03	-3.97541716513532761290151e-01	-8.88329413934147438247635e-01	-2.29724065504231717005368e-01
 3.58429298292180453788802e-01	-4.12388237803173629547615e-01	-8.23993813842481825915343e-01	-1.49995247247004220847444e-01
 6.56849874815394252358658e-01	-1.63052086738118579001267e-01	-6.44487476965650007976194e-01	-3.55806339178767971898054e-01
 3.82580335506755686569846e-01	 2.70621836628472611785412e-01	-8.79923089339526676155856e-01	-7.83036734167315007226762e-02
 1.23191442976821816102095e-01	 4.96355591160710873932516e-01	-8.56782278033585864562838e-01	 6.61749465309112022692872e-02
-3.27443650894714555210641e-01	 2.51026633291344281051494e-01	-8.34676493838215183274087e-01	-3.64803283292649604963032e-01
-2.60251627778945893165741e-01	-8.89557886841242234643445e-02	-9.45347185126931943699446e-01	-1.75141821021082388920576e-01
-3.15367680994302845842725e-01	-4.13205425744735621584880e-01	-8.50530273958804095002506e-01	-8.00172168908013653476630e-02
 1.34778767551245043376795e-01	-8.70342754454430100885531e-02	-9.75882997731432832999587e-01	-1.48027340223914116723591e-01
 4.84972264415043097240954e-01	-6.10671689247611476636379e-02	-8.58943768924467110359444e-01	-1.52605063656131384464132e-01
-3.71447576659559158818169e-02	 2.33450351062637589949489e-01	-9.56519286240198329807072e-01	-1.70856827833160807017521e-01
-2.83694326404293033216941e-02	-4.53094094456725580283285e-03	 8.33124603918835360261141e-01	-5.52338700627523104813577e-01
 2.94076009416584238653769e-01	 1.25591814381558863900068e-01	 7.08774879748460429063073e-01	-6.28795806827241010594776e-01
 6.38603181181353479756169e-02	 3.40158639091360126549546e-01	 7.90665017984644724613474e-01	-5.05037413818724911784841e-01
-2.50202066574546910793231e-01	 3.03410935647519752755841e-01	 8.37189709330198428283154e-01	-3.80071204648471605569426e-01
-3.40608309429919875466197e-01	-1.32598126989896147875925e-01	 6.30700291868892537472391e-01	-6.84558878477634635828508e-01
-7.59059481266573937707776e-02	-3.46117778668433850874919e-01	 7.39030232307678169867415e-01	-5.72952952749072985660916e-01
 1.59665998127330677203162e-01	-2.48029820266450123922297e-01	 8.93686531508460224593193e-01	-3.38101110174121644025291e-01
 5.72994353134137046623664e-01	 2.18627513515561811008325e-01	 6.95049579602804001865479e-01	-3.75214023597679857680021e-01
 4.84596168602304755435028e-01	 3.13275889970607845924633e-01	 4.88164835373560035414187e-01	-6.54767030052518350657920e-01
 2.19202046498640279459380e-01	 5.41809203161911723256594e-01	 5.79146465659668097103463e-01	-5.68315600255506980786890e-01
-1.92719329000260369832986e-01	 5.38954365563497628244249e-01	 5.98111406929480282634870e-01	-5.60936892146144283621823e-01
-5.12304891773352699679833e-01	 4.53855599117123809094210e-01	 5.99757240586691886541360e-01	-4.14548001296553281225243e-01
-5.48753088907108832472659e-01	 1.23931447972199182405717e-01	 6.23851201654929243822778e-01	-5.42513337911724735640462e-01
-5.59453985699463807179654e-01	-2.96968286511961221396660e-01	 3.99249688554125736761335e-01	-6.62888196365395643283591e-01
-4.29389951148255566426570e-01	-4.13452742478067125642127e-01	 6.59786699148607769238595e-01	-4.57561592812211870295869e-01
-1.89774850765454555778788e-01	-6.71496443888235483576921e-01	 5.71617711994966359867476e-01	-4.31661004951852445010729e-01
 1.38008835286110131956860e-01	-5.75472945684960213164061e-01	 5.67826042034138112057917e-01	-5.72152109281693688203063e-01
 3.96121861499688365793048e-01	-4.70536371501304284681311e-01	 6.86160036404145912136698e-01	-3.88416526911856963000247e-01
 4.83937266476432814688025e-01	-1.29613755624121113063651e-01	 7.79762388128358518990524e-01	-3.75467195010013743416977e-01
 7.74339386259004558432650e-01	 1.46538314215260978556898e-01	 3.87852654213491021550908e-01	-4.78011878486850727565383e-01
 5.59506350844349298334635e-01	 5.49542807593580207026207e-01	 4.69379146708401473464534e-01	-4.05756777666496093459614e-01
 4.69634221532510776064839e-01	 7.79501971341576171958820e-01	 2.03079070811156864317937e-01	-3.61357531592502279060852e-01
-2.69483912438204659123286e-02	 7.75643463611835559667895e-01	 4.06543528404466558701102e-01	-4.82051201718294297648981e-01
-3.89894482130426989208161e-01	 6.71412536334763165868367e-01	 2.80908368899122184991768e-01	-5.64161313047253698549355e-01
-6.85462488445185647023550e-01	 5.61932905371786306503168e-01	 2.88684996092952672608334e-01	-3.61985579582625005556906e-01
-7.43793529754927851271873e-01	 2.64960516274828250526951e-01	 3.19280432047882478663325e-01	-5.24048772178124067089300e-01
-7.84333044138205037754119e-01	-7.73197045674084426636341e-02	 3.85062171002978681499940e-01	-4.80177533440474757497896e-01
-7.11239488872777325667585e-01	-4.21329874430255213457741e-01	 4.31561381747375960582502e-01	-3.61073815396341757377741e-01
-4.61767910496052647051357e-01	-6.34269305557064955181090e-01	 3.37676726373596691743728e-01	-5.20045453138357260947089e-01
-2.38275594510185317886908e-01	-8.68485071568504185535176e-01	 2.74336648757372514317865e-01	-3.37191080356586680988329e-01
 8.57327779076636486976781e-02	-8.18761857093522005257569e-01	 3.51460499377629298489722e-01	-4.45818830398884813348559e-01
 4.48413555393534224435825e-01	-6.70982449210200782019342e-01	 3.69862362517946796636181e-01	-4.60336473662312783972084e-01
 7.30992899168592669134625e-01	-5.06674518387058236967846e-01	 2.16288466842766480269233e-01	-4.02678051168851247609837e-01
 6.83961298095699943289105e-01	-3.35929963657652486119787e-01	 5.10194537832826311429812e-01	-3.98810150058598877897964e-01
 8.76352305295067468549064e-01	 5.47842928408045631849532e-02	 3.38144816888401034127298e-02	-4.77348823283423262520131e-01
 8.27004053183121645709264e-01	 3.86159919350946401195301e-01	 1.61537564948058848246504e-01	-3.75300450061295309822640e-01
 6.99870738606703013395816e-01	 6.10549816229696507008384e-01	-8.17481131281428824442159e-02	-3.61562051581716836778924e-01
 1.34837900769292473590610e-01	 8.49168305161723369067772e-01	 1.01480284821041683018805e-01	-5.00433493900575232515848e-01
-1.53362680245213905960711e-01	 7.48723108839729922792117e-01	 1.14404193126736008351285e-02	-6.44796643449176531959210e-01
-4.73437891651112163771131e-01	 7.41524745553970632272467e-01	-5.99466226384171851915283e-02	-4.71597303760651509474400e-01
-6.25967585166710582811334e-01	 4.75998962540351011618611e-01	 4.15289277812203871942387e-02	-6.16331824700305785924570e-01
-7.74080836923160209295247e-01	 3.68206824235214405516281e-02	 6.62539022438407010362482e-02	-6.28532827855212028467236e-01
-7.46614669466622693505542e-01	-3.18530349971514969986686e-01	 9.22221006806077103767905e-02	-5.76714865102613605252202e-01
-6.72945366004126244163785e-01	-6.13828482510406892025401e-01	 8.21018461287875839227368e-02	-4.04497732125643105760560e-01
-3.85898654642609362230843e-01	-7.61266249298173325321670e-01	-1.02730855628563200881986e-02	-5.21009011186499559897811e-01
-2.91409156408775540242351e-03	-8.51167850458294350524113e-01	 9.37432721309437722023716e-03	-5.24801791542163664772147e-01
 3.54708637116373626252397e-01	-7.96686234861779696281303e-01	 4.37981310536230475372044e-02	-4.87395680790275231952791e-01
 6.36596921720724240323364e-01	-6.48398247369406433016081e-01	-9.98167577354222984586940e-02	-4.05414216498593327209221e-01
 7.16155980842170025724158e-01	-3.24724410351451830969438e-01	-8.48701570613574068913110e-02	-6.11940948839242215839818e-01
 7.60611852320950077022133e-01	-1.89509514363590148011696e-01	 2.34954254655811434204793e-01	-5.74762779147799052203993e-01
 7.04311338587738089422885e-01	 1.64545664276929598512922e-01	-4.55164184800956439502784e-01	-5.19322469741964165557135e-01
 5.71788524116023433307987e-01	 5.00846231570566624569096e-01	-3.86658810366680039116716e-01	-5.22212504998305737657915e-01
 4.20010301031091548562557e-01	 7.03694266099238241451985e-01	-9.42897328524049532783025e-02	-5.65256732083262214416663e-01
 1.16152095449149603267891e-01	 7.95732022944552030985221e-01	-2.68897262009246462710621e-01	-5.30107065475714400726304e-01
-2.65171256502991559145244e-01	 7.15889970548779230874459e-01	-3.30238938031064133138415e-01	-5.55092783776196752043575e-01
-6.37104506063401299087445e-01	 5.13342706841203533230100e-01	-3.53424906262623850228266e-01	-4.53506283660889297770780e-01
-8.48871015050535304702350e-01	 2.53927425236879111825061e-01	-3.51978871847325514021776e-01	-3.01744488421457235372003e-01
-8.93238932198584967281363e-01	-1.00602688430070683067719e-01	-1.80928656236411689040011e-01	-3.99084114489489771848696e-01
-7.83650221120348988712578e-01	-4.49534451812760138533775e-01	-2.12262101826897947587369e-01	-3.72499540535900452997708e-01
-5.01207465945816665886525e-01	-6.76523009227916305441397e-01	-3.32949035450761154919519e-01	-4.24561696173577807211785e-01
-1.46327998637391321068435e-01	-8.02787523645727030263686e-01	-3.11031785254236137205908e-01	-4.87216109396127916575381e-01
 2.41254553308289904078876e-01	-7.90087940280991385400000e-01	-3.00547147672388048622594e-01	-4.76685115308365547903691e-01
 4.45342323915259019617707e-01	-5.53828795413312535700356e-01	-2.95261764904026779987589e-01	-6.38564303799198484945521e-01
 7.11961104700435831738048e-01	-4.27322071071768949668268e-01	-3.82827966243945827518047e-01	-4.04907373642656442935817e-01
 8.44381333639012021663461e-01	-8.48515593704550347142757e-02	-2.83488330040489289185501e-01	-4.46603563583252538560231e-01
 3.65028117639609184230665e-01	 3.72157266647229201250724e-01	-6.44140805109002734241130e-01	-5.59764294509459192639156e-01
 2.84654490602868237569822e-01	 6.85821286517106720737047e-01	-5.40920201944728673559837e-01	-3.95001669702440882936401e-01
 2.23073295999654148957791e-03	 5.71827622752553610396831e-01	-5.77908364987371636622981e-01	-5.82262926318727003227593e-01
-3.62202645574747406076455e-01	 5.11191523912266743145949e-01	-6.07935363541073359172628e-01	-4.87757176446529994162660e-01
-6.31993863197273908482998e-01	 3.15131959633349556515469e-01	-6.47154882070601455978931e-01	-2.87169224518952492797297e-01
-7.47738030178680901371990e-01	-2.58177099875103906179152e-02	-4.96765698155554102921627e-01	-4.39823970710478129308996e-01
-6.26767793685827578897829e-01	-3.67977797932994565854870e-01	-5.14104153809410435727045e-01	-4.55468321689329214141395e-01
-1.77494026664138132565185e-01	-6.33038478889014100126076e-01	-6.23461319795510338082067e-01	-4.23147890770205814536808e-01
 1.84419312071197383229304e-01	-6.36651540089467893324127e-01	-6.56322881636770771862643e-01	-3.60422819584027165351614e-01
 4.46959210385417193833746e-01	-4.54662913055224660041631e-01	-6.12969298429209108469706e-01	-4.66666625040815408187456e-01
 3.08978797246056202663311e-01	-2.10396890922425555681130e-01	-8.16944299057346889902931e-01	-4.39166555398128766185550e-01
 4.40190918517157581124621e-01	 1.94068745540520726233780e-02	-6.52234068257641630417254e-01	-6.16803087442945874308009e-01
 2.07141551220656361387285e-01	 4.74802679279070272144736e-01	-7.99872137976616714993838e-01	-3.03083084971815353014790e-01
-3.45270475670878262963726e-02	 2.96105726822794124153404e-01	-7.83205961512929538237415e-01	-5.45635137596225727740773e-01
-5.02111174819548478076570e-01	-3.34524678422639804020733e-02	-7.54657973063863618534697e-01	-4.21018579409194515505988e-01
-3.17240593069327447839356e-01	-3.24170348587395129591471e-01	-7.64928658840148267827885e-01	-4.57335913843162356062777e-01
 2.45654265337813364211694e-02	-3.75837139530762920358598e-01	-7.46606187429657341958489e-01	-5.48381423153901925715559e-01
 2.40250652547085996602050e-01	 1.35263624803392407125457e-01	-8.70629297706899119013713e-01	-4.07416251185612310337092e-01
-7.87639745257815854229122e-02	-6.27730761681309507027393e-02	-8.88896750082843523088627e-01	-4.46898584599963566432734e-01
-1.36330905951500564593504e-02	-3.97733727824738925171744e-02	 5.80941164508065654992208e-01	-8.12858893682257388491053e-01
 3.08492204367708633405698e-01	 3.20139676966435859917226e-01	 2.55121880450045079857802e-01	-8.58636112210411805989452e-01
 8.34265911514062430409666e-02	 2.97484695430422052542241e-01	 5.15009374757882332218628e-01	-7.99567510461136721211517e-01
-2.36728360541006738193559e-01	 2.20072625123176796035906e-01	 6.46058474064834298289384e-01	-6.91473912071871699147607e-01
-2.53589929536788383224177e-01	-1.80541176832701655285973e-01	 3.35912915729052297120205e-01	-8.88965434733992698745908e-01
 1.05057757198421461430904e-01	-3.30729836520822217948989e-01	 4.24894870159630344552681e-01	-8.36089105418422962046066e-01
 2.56461328056012738407787e-01	-2.28195591301622868751764e-01	 6.84123317374923378686447e-01	-6.43529056023252832297032e-01
 5.80386626411348416354485e-01	-6.21569987105057772391881e-02	 5.34955840415562988710008e-01	-6.10827406228170999291649e-01
 5.92704191991974660425058e-01	 5.01346887074115121762929e-01	 1.80529255353935658146014e-01	-6.03955484764886252335714e-01
 2.88419805894809810897783e-01	 6.38048029241491732044267e-01	 2.85373622462425591272961e-01	-6.54423886751791528126887e-01
-6.35822963985122890928636e-02	 5.51604217234691218685327e-01	 3.32707474803975056243388e-01	-7.62230814991861627127889e-01
-4.52678415420906365973508e-01	 3.87137194725374167436627e-01	 3.83528317705004007098779e-01	-7.05771261947208072839999e-01
-5.35380467518754787903390e-01	 3.56943893271892687124591e-02	 3.51824966913111325528263e-01	-7.67015552793127275421625e-01
-4.20453024392356877747545e-01	-4.69771478980224532762122e-01	 1.31341030532665659080749e-01	-7.65038264085313723938953e-01
-2.03872944347943729770378e-01	-4.59476320327553977573842e-01	 4.69610357039386860922292e-01	-7.25798488688486065356642e-01
-1.41337422802146339684271e-01	-6.77187085100255936609415e-01	 2.19813510764548886156078e-01	-6.87839665310477132997846e-01
 1.89340345894068923238152e-01	-6.10109900168749885729369e-01	 2.46861097578038674038581e-01	-7.28680822881567547000259e-01
 4.52710409329803997735553e-01	-3.89307965762290930644696e-01	 4.26936572380127110637460e-01	-6.79130146763326281167394e-01
 6.26588593853475428474553e-01	 1.54311768913812985548617e-01	 1.94004139893885735324019e-01	-7.38875500833156673152757e-01
 7.18300791548507011619051e-01	 3.15826612373579840298277e-01	-1.24092788735742323713573e-01	-6.07370153663483014483404e-01
 4.42200603800735281279088e-01	 3.99179879721105745904453e-01	-6.09188995608519606728137e-02	-8.00876355813057827504053e-01
 1.39090030817262982898441e-01	 5.92995111922050899266878e-01	 9.48871519450271948270537e-03	-7.93045222448105158186138e-01
-2.92386643782583610651216e-01	 4.91175831911225546644317e-01	 7.36361731924170676011343e-02	-8.17211151833752480477813e-01
-5.16344555815612560323302e-01	 2.13600208204594826932876e-01	 4.58608602696276984600487e-02	-8.28045911909394694028208e-01
-5.29737638048095482723454e-01	-1.60704983500580128596980e-01	 3.88104321853758593707795e-02	-8.31892837730249801175830e-01
-5.41358545111902511592916e-01	-4.79889469072386443126987e-01	-1.75051903223743809956403e-01	-6.67827713025965996607169e-01
-1.82703551659917723393178e-01	-6.09877645380037192168743e-01	-1.53405018384818236931721e-01	-7.55735119080029882354665e-01
 1.72027272649619200617366e-01	-6.24164509848485815624031e-01	-9.80694980200213090038019e-02	-7.55782809852429626751302e-01
 5.00200858500624789826361e-01	-5.23668798531172208221562e-01	 8.58195862674729220698211e-02	-6.84255134590188052179371e-01
 5.16605467512345817304720e-01	-1.82996259882683837139083e-01	 1.81458990227441802067787e-01	-8.16519316777586823263846e-01
 6.45493620344589458248663e-01	-3.66054662207758755784748e-03	-1.32558140417779385389352e-01	-7.52165491033617406024803e-01
 4.69840879599157712487312e-01	 2.02583189566535398773439e-01	-3.66781119078518846876591e-01	-7.76969246399140334169431e-01
 2.77821226586477176834222e-01	 5.38474182445579319100659e-01	-3.50334281717914530762670e-01	-7.14231623460305109496460e-01
-7.01953683173673903539225e-02	 5.47665642720586820502149e-01	-2.68060489524364342628360e-01	-7.89479909817972447250156e-01
-4.45921432934718364737847e-01	 4.63419308624211823133265e-01	-2.52169850694334451990386e-01	-7.23053930522822074777878e-01
-7.10971312232571039935181e-01	 2.05705794496182731156964e-01	-2.36473341490372468420844e-01	-6.29511936389904991351329e-01
-6.81071979787458037236547e-01	-1.70955293842881966837055e-01	-2.50165973411388242730879e-01	-6.66582501722494225049331e-01
-3.19879883311109280974449e-01	-5.03524144705083998019290e-01	-4.57100122304781086857162e-01	-6.59696728914763497186868e-01
 6.90481397615944070267346e-02	-6.00212878549051698229277e-01	-4.50205048885784997469983e-01	-6.57489367805345281681184e-01
 2.72971329265886075710057e-01	-3.29662465988587449761127e-01	-5.33603916611840922712418e-01	-7.29435516062689526251006e-01
 5.86812889064452836151986e-01	-1.89110387813682973012774e-01	-4.25306573518038133485675e-01	-6.62572420925542582281764e-01
 1.23196955421938147967609e-01	 2.67185990034260578696035e-01	-5.42120993636359904677136e-01	-7.87107988247421230809664e-01
-2.30529756161473475817303e-01	 3.27125147708254904177494e-01	-5.13928690175789237848392e-01	-7.58763777914563841697770e-01
-5.34931636617221206719819e-01	 2.17222470942327966492158e-01	-5.44140187721228518746841e-01	-6.08747893935114081642723e-01
-4.56168788132272573498938e-01	-1.74955998049783678638391e-01	-5.20696210513631019267677e-01	-7.00125625753751590352181e-01
-1.14146550346214903370878e-01	-2.75470407550751805736411e-01	-5.52031459312885219858913e-01	-7.78683432170460321231076e-01
 1.10183694354432870632365e-01	-2.77031676371747824505487e-02	-6.98473816805454172929046e-01	-7.06559562413881736553378e-01
-2.49466498547627923976222e-01	 3.75193516349996217251750e-02	-6.96518851668688654399375e-01	-6.71729300853704636153907e-01
 7.52301229118393366412931e-02	-1.53206020165855272274769e-02	 2.46377764691950829067935e-01	-9.66128203100352855869914e-01
 3.58854818739529901616692e-01	 5.91974580098908326197815e-02	-2.70730084136669001820819e-03	-9.31510359875154958508858e-01
 8.84930871195939612594561e-03	 3.06161506376618042235549e-01	 1.13511895001350421319231e-01	-9.45146481473492561242722e-01
-2.25829083315509160367895e-01	 1.97468438488773018191225e-01	 3.41649065314422628603097e-01	-8.90664559247455467350107e-01
-2.49423837574955314932978e-01	-1.51856064646210906637913e-02	 3.54970779394879476509317e-02	-9.67624464378325832569772e-01
-1.08708888250184945722943e-01	-3.89580394388163442354056e-01	 8.69899269207560776884236e-02	-9.10407736422584212832021e-01
 2.24557743222195738130864e-01	-3.23999856848946055087879e-01	 1.02030067434476401366794e-01	-9.13338807924054751907761e-01
 3.37566560772258605904739e-01	-7.51460199742952882073777e-03	 4.23258626297622675416221e-01	-8.40740437394240425206249e-01
 1.52114494075410361384471e-01	 2.69614965219709623589495e-01	-2.11939138111663399888229e-01	-9.26957794593821993167637e-01
-2.07313142696569280287733e-01	 2.59876391948600737880071e-01	-1.73455865543509529791422e-01	-9.27037531323085750578628e-01
-4.54323506194785842193795e-01	 6.14928850937363977169348e-02	-2.97370126176142501872590e-01	-8.37484199767201786812620e-01
-3.02953433603127098017183e-01	-2.73448511106258729252971e-01	-2.22836636065895210556675e-01	-8.85318565528071310666292e-01
 5.18860375857741612515284e-02	-3.70367592250719301905093e-01	-2.68912802868476519257968e-01	-8.87593144502295317010976e-01
 4.11308052691343850604255e-01	-2.89699876739846817752522e-01	-1.77995769080938504025369e-01	-8.45705133836526790069854e-01
 2.62847510149486374153582e-01	-4.77187326591673247055958e-02	-3.88276330446651773975475e-01	-8.81972562031552609340679e-01
-1.11407260389777149067747e-01	 1.16711355363753009617422e-02	-4.14553404680097381529436e-01	-9.03104468816246952478366e-01
 4.69553218565415542151698e-02	-7.80885668792594966891585e-02	-1.12589297880498762083334e-01	-9.89454912300135380753829e-01
