-1.66334749828119451975361e-02	 5.10879984151580146534144e-02	 2.74665357776501849532136e-03	 9.98551851343761120993747e-01
 2.14908243874220548919052e-02	 8.93932715613159623035955e-02	 3.58670343738994645832463e-01	 9.28925493238755506375526e-01
 3.24428412048850034476999e-01	 1.54483398022112250469462e-01	 2.36814371690825913041589e-02	 9.32909574784507200639894e-01
 1.13573390585285191600740e-01	 3.92228330857368967521381e-01	 1.70946158225829286658737e-01	 8.96680228627594111401322e-01
-2.44359445784000262058555e-01	 2.70730370042411516706693e-01	 1.70026244055428682466768e-01	 9.15469608630040343477674e-01
-3.43531347629751016015121e-01	-7.32747619903013208686460e-02	 1.58683028344615041638210e-02	 9.36143802744057951237266e-01
-3.38419964807315676313948e-01	-4.48212779114933013158151e-01	 8.38191158334992275635855e-02	 8.23135218465820384103893e-01
-1.17037669308094227638151e-01	-2.32823790594507806783753e-01	 2.52442569698942020917087e-01	 9.31862659140245130906521e-01
 2.63077098481759530379520e-01	-1.72823798290401370314484e-01	 1.36519867804829275748091e-01	 9.39300112154496158467509e-01
 1.70401107208471042087083e-01	 2.16325653329285799708614e-01	-2.95021816118078206159225e-01	 9.14947431488922213738135e-01
-8.15518759804847864769428e-02	 4.13096558374294209325939e-01	-1.28951141725894835587951e-01	 8.97815197037210466213253e-01
-3.61367186904204329422896e-01	 2.18215882261054094914954e-01	-2.05570280651140996353021e-01	 8.82913611103024575932352e-01
-3.52024707602175579435055e-01	-2.69924836738369922084502e-01	-2.71479736176732433516889e-01	 8.54118224015141147553720e-01
-4.67928114123295491033616e-02	-3.39350695077073771788179e-01	-9.15627695110291656144241e-02	 9.35022886238784600720919e-01
 2.70854539271956240575889e-01	-4.66323618811539941653166e-01	-1.86712140995639791496430e-01	 8.21169091904408010584859e-01
 2.35833444695949967506721e-01	-1.32872520003707417224348e-01	-2.25237160617306475529631e-01	 9.35946420083842434145538e-01
-1.05597395018708434255572e-01	-1.84256402207105193791215e-02	-3.28753476243975162329747e-01	 9.38312761186387067624537e-01
-1.25080780624971132919399e-01	-1.41621943119821458445529e-01	 6.14648499412184468049247e-01	 7.65836304777700926926798e-01
 1.48533147844040785967579e-01	 4.12608511075121753286510e-01	 4.91416365393313459009050e-01	 7.52464003393874647507289e-01
-1.76578349989817029452865e-01	 2.56188830150943125385510e-01	 5.49547092691228589167451e-01	 7.75361439933263008050801e-01
-3.70389066070971495481245e-01	 1.83412069044704695297554e-02	 3.75385008519762974898981e-01	 8.49447841390499003288994e-01
-3.80119983944020356503302e-01	-3.26035522836055802198274e-01	 4.37326269208376194885801e-01	 7.46964102160003862174165e-01
 1.11657753581681298826744e-01	-3.84647472183109684351621e-01	 6.87790732168350293918024e-01	 6.05411246138986891551781e-01
 1.68726618448733600708067e-01	-2.25556887471729944349974e-01	 4.62436903905026119865340e-01	 8.40718459799506434571015e-01
 3.66766012011617570376387e-01	 8.89263817830525105101458e-02	 3.89197074922086827530876e-01	 8.40297820970731912382234e-01
 4.51340250578762869348992e-01	 4.06268432083026764800593e-01	 2.49632033969705013909390e-01	 7.54269041467596434991094e-01
 2.55969947204650383199009e-01	 6.76489293363773502854031e-01	 2.25293893993648824958242e-01	 6.52751318207332120735487e-01
-1.28086311844462369391451e-01	 5.66631946799419194960024e-01	 2.98636302583098700580422e-01	 7.57191186137212812745645e-01
-4.70186231535188126073876e-01	 3.81301023621885504244489e-01	 3.68381140944300966566516e-01	 7.05570529469744855965985e-01
-6.68856204397949460904726e-01	 8.63866586027999400210220e-02	 3.67166960528029884258672e-01	 6.40591247325796531164599e-01
-5.90147861683122054721196e-01	-2.07447680872339668134430e-01	 1.78315715447365769064092e-01	 7.59535691508977484076581e-01
-4.11834804522779318602943e-01	-5.05206898455925035307246e-01	 5.76122668914262225925427e-01	 4.93194438228307774352288e-01
-9.38403830983455672365423e-02	-5.12496541196235000370507e-01	 4.20461641002589092686037e-01	 7.42800973482979243200930e-01
 3.10255652542926307901894e-01	-5.12287591802667585660913e-01	 4.26887488577075979723219e-01	 6.77546991319822322630273e-01
 5.19319812961826166031187e-01	-2.47909455778039244933098e-01	 3.29998271084398497876577e-01	 7.48297383853797959396559e-01
 6.07175480696317881879054e-01	 9.49991736247729201547685e-02	 1.07092472906329908011180e-01	 7.81565285116101127194099e-01
 6.28824380661952897497713e-01	 3.92811438672348522960220e-01	-9.09165755413051668298863e-02	 6.64840769075658921671845e-01
 3.18216068688057351909748e-01	 4.71560692325629582377644e-01	-1.07467366614489454046399e-01	 8.15364833798366439587824e-01
 5.13764321733953862464395e-03	 6.89950575885465711145628e-01	-2.87184840694503021318873e-02	 7.23268315447481935365204e-01
-3.84054136239966481536356e-01	 5.34470014188863973281229e-01	 3.70583807769692269440398e-02	 7.51977992220595470307387e-01
-5.79112063712414637528525e-01	 1.90596746732452720918261e-01	 7.72864264088988506262723e-02	 7.88878258092270856494110e-01
-6.28549966907190560405638e-01	-8.77741179378945246547516e-02	-1.53608355769448257088783e-01	 7.57380430404034798996804e-01
-5.97183777184153607997530e-01	-4.51654479882031612003601e-01	-1.21307192595723339900715e-01	 6.51662744136184857168814e-01
-8.76198516315188496994537e-02	-6.62876903694359032037653e-01	 3.66158132235304689672262e-02	 7.42681798868553011416793e-01
 1.60995308493979027986143e-01	-4.86457046133019377354145e-01	 1.60802496697592806063071e-01	 8.43553560816553527068606e-01
 5.05792523288281503646147e-01	-5.07261260627125842859186e-01	 8.74163086596498328795235e-02	 6.92255968434345336781632e-01
 5.33146444058842594593273e-01	-2.01831183311039996652880e-01	-7.63580844284970777779975e-02	 8.18039415659836843808250e-01
 5.16482947828270089196678e-01	 1.27474065999832353313082e-01	-2.79702720645836844237664e-01	 7.99225947503838018981526e-01
 4.80999743236176946492577e-01	 4.76878733490506467873615e-01	-4.01095602811650575603153e-01	 6.16723793895112337715148e-01
 1.18165078113444663165943e-01	 5.81077355882954726951084e-01	-3.77439306102610172555245e-01	 7.11284535894952218981757e-01
-2.69759825477543291327720e-01	 6.21436290172919791885420e-01	-2.78956102851156739763638e-01	 6.80610069347007962115015e-01
-5.85762045723925983686797e-01	 3.96652274487141520697975e-01	-2.11528655625989076005666e-01	 6.74392635474736268363927e-01
-6.81329349001016604248093e-01	 1.01982515001513590613413e-01	-3.91470552345913658243148e-01	 6.10033352751964019766717e-01
-5.71909605152903677272036e-01	-3.03936804213964739673770e-01	-4.45638861259335217201993e-01	 6.18019277946517675559335e-01
-2.52200879829232449402809e-01	-5.64628658748023148916673e-01	-2.82127383064047554395160e-01	 7.33480288528057022823248e-01
 7.31319932261550176288978e-02	-6.90265467196323423415549e-01	-2.90654939906678511096771e-01	 6.58562830921132436046150e-01
 2.38156410849116095818090e-01	-5.00105825393397318556765e-01	-5.47203392385073095205428e-01	 6.27490346333171578052657e-01
 4.90910993908768578108948e-01	-2.88088700245662576726602e-01	-4.02960681675820664437992e-01	 7.16682625625616576137134e-01
 2.65454546590231599267895e-01	 2.76427324190061607378510e-01	-5.59142969684930268847722e-01	 7.35174100188257684251880e-01
-1.03702337426516466578619e-01	 3.34919133091070853058824e-01	-4.71046686197241326610197e-01	 8.09438088382552045629836e-01
-4.05405298955137882721544e-01	 9.91264650394507555730694e-03	-4.69614370564008787312105e-01	 7.84226131914866120276031e-01
-2.87073849980449213870060e-01	-2.62240445902766239338888e-01	-6.39448635260462361351586e-01	 6.63267665466705236276823e-01
-7.02644662431689374926247e-03	-3.43446628985422108826242e-01	-4.42072406629368974684269e-01	 8.28593404139390532492371e-01
 2.48530759031362485922401e-01	-8.49861299862688795991872e-02	-5.37309073975816620105661e-01	 8.01441687553437809299339e-01
-7.66675062332094203743083e-02	 2.45530597267641578773656e-02	-6.39828219796849451128651e-01	 7.64289925288584082174737e-01
 1.09155376962547276398219e-01	-1.11534153575824690474150e-01	 8.64361986705560414456784e-01	 4.78041412646127372720883e-01
 1.51746195214452039845554e-01	 9.44480180248750411653447e-02	 6.71136956994132449771939e-01	 7.19463584266616273943384e-01
 1.00664271145455092026921e-01	 3.67984431286872304411872e-01	 7.78918565034810050917713e-01	 4.97734901216846215010747e-01
-1.54892602196147921578273e-01	 1.07490010074848874044307e-01	 8.04509357180545170429298e-01	 5.63221869007197506462603e-01
-3.79536577632055283082479e-01	 1.47122093078099393931302e-02	 8.70373798580165281002508e-01	 3.13344838607186759737999e-01
-2.12915089566227511141960e-01	-2.82158998226404778009169e-01	 7.95860474936684769708961e-01	 4.91588820853802288546319e-01
 3.97276223416851759218105e-01	-1.46225505160133412152490e-01	 6.46023444077800768070574e-01	 6.35171955969534240971086e-01
 6.83758443485206091061457e-01	 2.83653153338115027182198e-01	 5.84282291456981739408150e-01	 3.32610107263460574866798e-01
 4.45875406557109110750048e-01	 2.97381690463522529999096e-01	 5.81880637513178533559710e-01	 6.11697781336378088035133e-01
 1.90690985810642199549392e-01	 6.40523172893842640540640e-01	 5.53341294074614631348652e-01	 4.97172430036502355221728e-01
-1.73562150075311005803513e-01	 5.41777349356900916887980e-01	 6.02015416522968971335672e-01	 5.60295388213861822457318e-01
-4.47452419269155021730455e-01	 6.05203460963948947082258e-01	 5.78887803146952650834578e-01	 3.13694141952210237000997e-01
-4.39770385930275897745645e-01	 2.78999939814211950217526e-01	 6.61298573221921870413098e-01	 5.39856683108630996947852e-01
-4.53709964126164988496015e-01	-7.29999085572422129475356e-02	 6.40913015878534109148745e-01	 6.14856721424390406660621e-01
-5.47691930564583651097621e-01	-2.69595038334223491283126e-01	 7.28394816530822830635827e-01	 3.11115823691172632692314e-01
-8.25149702329603523809354e-02	-6.32560349527991672147209e-01	 6.22526681460696340586480e-01	 4.53342271095484139475928e-01
 2.74685345659440360854830e-01	-6.34801085240517704022523e-01	 6.12430754144636435576388e-01	 3.82758558931406034364642e-01
 5.61698154116299974702997e-01	-4.33111401286858765935506e-01	 5.28010222247815019791517e-01	 4.67027732516483162772403e-01
 6.37335408636368616619450e-01	-6.00772449246629522412455e-02	 6.54668076644041807554686e-01	 4.02000013636524711202469e-01
 6.66474514519264982226332e-01	 4.66451475057978043325946e-02	 4.15902867459361669233431e-01	 6.16977111852257564805768e-01
 7.24587727184289209780843e-01	 3.49605419005324657977241e-01	 2.67144276147960046952079e-01	 5.30455099266092244825188e-01
 5.26321077742368359508873e-01	 5.82973043559169012972632e-01	 4.34440671998480743010163e-01	 4.40896650158491720805642e-01
-3.40814339326639056948487e-02	 7.99549991523723857511641e-01	 3.23171796759796792208874e-01	 5.05092324921445623431282e-01
-4.08711671217132810340900e-01	 6.70929227269321248883216e-01	 3.04034834869289061209940e-01	 5.38861356002352298588676e-01
-7.21158785559568360490346e-01	 4.34446269386082661867476e-01	 1.35900891898566356097433e-01	 5.22223508287340321132319e-01
-6.89758360542907622559028e-01	 3.78803643830170289064085e-01	 4.68492422192443080941615e-01	 4.01566997934844349682493e-01
-8.76365880064148061734386e-01	 9.59145677994041462310904e-02	 2.90612297819225484651895e-01	 3.71924363680943337318041e-01
-7.00247601365208027779374e-01	-2.55763491130232167858338e-01	 4.36343821515405239086505e-01	 5.03827751133738677147278e-01
-5.43387755319684973009942e-01	-5.44400055257996950963673e-01	 2.47326290082909155954027e-01	 5.89226640128863055068109e-01
-2.59349856901654518548384e-01	-7.46511662763163719169768e-01	 2.99988881470577062327010e-01	 5.34288929398410772364514e-01
 9.98804390180881018768133e-02	-7.53148144923346918311324e-01	 3.19755819466175039700317e-01	 5.66169573200106079902127e-01
 4.59496319833409327948459e-01	-7.08671131932325337743350e-01	 2.98848357186125679341160e-01	 4.44227439756329722797545e-01
 7.30397180650526722800464e-01	-5.22022136988760321330005e-01	 1.66714365701083111481751e-01	 4.07699849473034947600070e-01
 7.96511581965760329104853e-01	-2.41492133306766110223407e-01	 3.92386112447662194213649e-01	 3.91514990905277637800452e-01
 8.23456392498234768240195e-01	 1.17855823533969020222578e-01	-3.68732871503833770088221e-02	 5.53777875332382985007484e-01
 8.52569616157171417114569e-01	 3.98235324243761401596942e-01	-6.80201221414880596860542e-03	 3.38359880541293511768686e-01
 5.69064027954197193537311e-01	 6.38220728073673804203736e-01	 8.53577460108152913376145e-02	 5.11423982172920288391538e-01
 1.25637665762821842951880e-01	 8.95180494796887882280600e-01	 2.42545048192026463373949e-02	 4.26941187604152283530112e-01
-2.42712147350713197679895e-01	 8.22218225621919707180041e-01	 1.60622719440176482674776e-02	 5.14577502815216525355879e-01
-5.59145931531821571702778e-01	 6.78501175705606418553373e-01	-7.27737597283457798846840e-02	 4.70846006367817038196222e-01
-7.65779771991114022178238e-01	 4.33139693535618153230615e-01	-2.82502332001837774821951e-01	 3.82313718177404171516542e-01
-8.18456806132939362896650e-01	 1.56936683821838895980250e-01	-5.50606845631580466005062e-02	 5.49970594469475826393534e-01
-8.28736618090462173746857e-01	-1.48497041179643074482186e-01	 9.31822243587397402997397e-02	 5.31470901988465027621089e-01
-7.79019513687594811202075e-01	-4.68619990170335232182453e-01	 8.40806030423182082511602e-02	 4.07988179116427818193813e-01
-3.88097006204861039169174e-01	-7.35380528871867555906761e-01	-4.67851603267444293710042e-02	 5.53540730483455312160856e-01
-5.73638649293050292832241e-02	-8.86768783244975877799732e-01	 8.53567814347904428584624e-03	 4.58560415061339932130124e-01
 2.62408566187033787109328e-01	-7.39959233963673357337143e-01	 5.31920285782973463473144e-03	 6.19333337181615317668104e-01
 5.27027231703344867241867e-01	-7.58279134268085575065754e-01	-6.73218790390139876222975e-02	 3.77786733726064416494239e-01
 7.10114681901125588403545e-01	-4.19490684424049242728927e-01	-1.61349538829344635315621e-01	 5.41969584524319869522913e-01
 7.55335180969194830424840e-01	-1.99598618405457978175477e-01	 1.18547225447143397825123e-01	 6.12842321694291980449520e-01
 7.37334212465292626603741e-01	 2.81790871698069711470680e-01	-3.69886972621557508222878e-01	 4.90016113245970885703429e-01
 6.81329138201794304308123e-01	 6.13910421921526783251011e-01	-2.24960527117262748530990e-01	 3.29085643157608409570258e-01
 3.36762256264346304668322e-01	 7.26610432948714746181906e-01	-1.48551261881668061892725e-01	 5.80138762779382033407671e-01
 8.20888120572468849012182e-03	 8.26070911810948715903180e-01	-3.18569468017475765364566e-01	 4.64814970688596340586685e-01
-2.91760325050039182048778e-01	 6.97502986644061184762222e-01	-6.15722515911557022327827e-01	 2.21926293504966870573369e-01
-5.05277216197043466117123e-01	 5.87839435321027004022199e-01	-4.55435854869831180380402e-01	 4.37856043891835022829895e-01
-6.48895997270807933787751e-01	 2.75363137931267598634832e-01	-5.98320814518140786653078e-01	 3.80947935955713190558924e-01
-8.81397922082169604784951e-01	 1.03661488923520367366748e-01	-3.36092392014777308073548e-01	 3.15331417231423161151582e-01
-8.17517596768272736262873e-01	-2.37633801548504580702925e-01	-2.44529027894948597365854e-01	 4.64112820176932172611117e-01
-4.47214894216977743024444e-01	-6.24321175770479519506750e-01	-4.25266043378843827671432e-01	 4.78926612566024589856539e-01
-1.68712166065314167484601e-01	-8.22143339236870884789710e-01	-3.24827094947062966490137e-01	 4.36009051693023286233597e-01
 2.27858909121749608761576e-01	-8.73909264876922997622444e-01	-2.40373243207441217306197e-01	 3.55785916312125249927334e-01
 4.56054008648655195834465e-01	-6.18844940644329155610137e-01	-3.06431145169767105151948e-01	 5.61378334017580415959969e-01
 7.40138077653909376429908e-01	-5.82505704592500284100254e-01	-2.31276424322967161240072e-01	 2.43708731227163216681575e-01
 7.52920793497215190548388e-01	-9.57959816384549855960984e-02	-2.81311795756510052424204e-01	 5.87194245705538464541462e-01
 4.91805756276203986931961e-01	 3.14379717228950583685076e-01	-6.90681818883356557492448e-01	 4.26908791842724288922994e-01
 3.58946200834422135539370e-01	 7.24402619290605342960987e-01	-4.40373351868366846861846e-01	 3.90473790459314684664349e-01
-1.36776246107631838100360e-01	 6.16917892765409314748126e-01	-5.68964679236584891519612e-01	 5.26292471794725158495964e-01
-4.02064494053812671037207e-01	 3.47617263618551441961557e-01	-5.28176971868707267887544e-01	 6.62220104680615206937944e-01
-3.56356956965094118228166e-01	 3.86323357947193135597530e-01	-7.65044014084621970539501e-01	 3.72117775496242364496879e-01
-6.77733030082302345675771e-01	-9.41801741547196868964420e-02	-6.09486455060257781291000e-01	 4.00417651745933855789161e-01
-4.67747432459341361266070e-01	-3.94356336658427286678830e-01	-6.96513540549600351781123e-01	 3.74919067261321681261421e-01
-1.26134710505188707418966e-01	-5.58191197554728013585645e-01	-5.90065230905668980376788e-01	 5.69504736639152575605749e-01
 1.07355083871206666290554e-01	-7.52363371337351427570184e-01	-5.40356441637408924094643e-01	 3.61163618624382620758695e-01
 4.34270098756326439204400e-01	-6.25211138268598087819328e-01	-5.60819003418984274311754e-01	 3.25580342335331673897514e-01
 4.09271253762712061696760e-01	-2.55667321226781873999556e-01	-7.10312766778299464753843e-01	 5.12432468772204718909791e-01
 5.52594877076164836537941e-01	 3.87814964014785365509219e-02	-5.64202488029225124321897e-01	 6.12217649098482308289704e-01
 2.08218360401400653936221e-01	 5.16419294262820183227802e-01	-6.64270012425949518686252e-01	 4.98699887203187808282223e-01
-6.41401583854171730703086e-02	 3.05908320190311666664229e-01	-7.56164269397564092756170e-01	 5.74910199428644186347981e-01
-4.05155647391950923807968e-01	 6.39366984525498865954418e-02	-7.31126084527831565651468e-01	 5.45174878823666220206690e-01
-1.56724267365448782785009e-01	-3.57224295139007663735242e-01	-8.45646342948311313669763e-01	 3.64294619284103227130345e-01
 6.50359784569676524501602e-02	-2.60333027023832930257896e-01	-7.44454896115027464631453e-01	 6.11378724030462783467499e-01
 2.38727320494357575508815e-01	 7.52800955847982150581643e-02	-7.85628366615860218580281e-01	 5.65800533074000688849026e-01
-9.75469677883456787181871e-02	-5.98644809723074700774648e-03	-8.82011818715934370338516e-01	 4.60981456416511725660001e-01
-1.63115864502614508341205e-03	 1.58708744108230742630994e-01	 9.52578210861505292328388e-01	 2.59622083145784388058530e-01
 3.70726532649689577425534e-01	 1.35977095293645516838055e-01	 8.19776362360392085726346e-01	 4.14775581803226156552000e-01
 2.88028763626670680775277e-01	 2.80304166781070729363989e-01	 9.12478528884694051193094e-01	 7.64979720861005685339506e-02
-2.29046425541235332268286e-01	 3.90767537218702942780624e-01	 8.35186801333513417766596e-01	 3.11931841403066012485823e-01
-2.86126526435680150761698e-01	 1.10483483011773769844055e-01	 9.51771410339845358450361e-01	-7.49621979006743349716047e-03
-1.09387763757442413314891e-01	-1.83978892229254759049795e-01	 9.62070505592394265015344e-01	 1.69134344896112148726175e-01
 8.36895880926185886661273e-02	-4.45080526933396947164567e-01	 8.50381363867687589674915e-01	 2.67863609652579048869825e-01
 2.64801551543756230611137e-01	-7.62414142099431257904030e-02	 9.47207142282452729808995e-01	 1.63908555812064343770729e-01
 5.71410147526093870062880e-01	 9.03110105856111920752394e-03	 8.12607166989669282841646e-01	 1.14361158943503973817180e-01
 6.10180072880999846418604e-01	 3.31084692154307413947123e-01	 7.19653491251140642326334e-01	 1.27301928528056051970196e-02
 4.04585464271335737418411e-01	 4.71910716736859581210695e-01	 7.25489766375156941435876e-01	 2.95424231257646385806481e-01
 7.41182609645219120375614e-02	 5.63847388216025202645199e-01	 8.02275566460516009748005e-01	 1.81484218746480213679817e-01
-2.87009560595787360792741e-01	 6.04193558791823570608415e-01	 7.41969646921618042334501e-01	 4.53508399932562866752050e-02
-5.44920098101637551124554e-01	 3.11009953701618602206480e-01	 7.54170303952001019887064e-01	 1.93809308394528506669374e-01
-6.92745713433604137776456e-01	 4.21783690193642465948720e-02	 6.20390903253134951000902e-01	 3.65293702200014003267370e-01
-4.03040883786927650600518e-01	-2.43356427700662486524052e-01	 8.82212431306789057749995e-01	-6.07627688544088925826081e-03
-2.71984484951407645692001e-01	-5.05529734603574865126063e-01	 7.91497317827374979870569e-01	 2.09752528588877940052271e-01
 4.03808695162089711927500e-02	-7.13877179216533042094284e-01	 6.94586832067828341408244e-01	 7.93592533290201490592253e-02
 3.96319431122210685813911e-01	-5.53657701102753141420010e-01	 7.27974833938197285476690e-01	 8.02913424799696351374934e-02
 4.09240229827041890331429e-01	-3.07190799966662542175300e-01	 7.94127105161478219486071e-01	 3.27899965774323565170789e-01
 8.44479426516545172987094e-01	 4.25733552263241957214213e-02	 5.17031077471771904896514e-01	 1.33119767665960009317416e-01
 8.19383764843964357282857e-01	 4.30258883864590546686202e-01	 3.29860074331494668165021e-01	 1.86225320855539888675878e-01
 5.78392539495301782892511e-01	 6.37810434823756655653426e-01	 5.01441922218547442291481e-01	 8.49465604240373234334882e-02
 2.50622845185494325104258e-01	 7.65451482176133346513325e-01	 5.66917386414700241736853e-01	 1.72849341584554366813009e-01
-1.14604235242969726416007e-01	 7.52379548682562515615757e-01	 5.87691652102216077757646e-01	 2.74607731205743110791673e-01
-6.31518737614747194264453e-01	 6.69660573744979115140552e-01	 2.83770458125252977854558e-01	 2.68725002760080655672681e-01
-8.58282558679349660835101e-01	 4.01433594993795717087437e-01	 2.79494832546278104690174e-01	 1.55192644339587626500787e-01
-8.18802548505532468148260e-01	 1.83182925203950852655055e-01	 5.39893705731631978750329e-01	 6.72397872240459437698235e-02
-7.98504557818830229543039e-01	-1.78695691395142963742160e-01	 5.65376318007975608992410e-01	 1.03961243043310821998482e-01
-6.68889483808720597401987e-01	-5.32831792079089039404494e-01	 4.41952163910987905204308e-01	 2.70842065813797050477518e-01
-3.35474329477846389124807e-01	-7.53823911505762889184723e-01	 5.08993129656288512130402e-01	 2.45219246117098027548664e-01
 3.02847885690714913042854e-02	-8.63626042000573690415877e-01	 4.29036491339526815380623e-01	 2.62983992400332267092011e-01
 3.73554085922989054235899e-01	-8.02572316822810050140902e-01	 4.45712707955638165469026e-01	 1.32948121937690122429387e-01
 6.79279144048471561490032e-01	-5.69807955123162734878406e-01	 4.34412848163863052342037e-01	 1.58695356231038670058453e-01
 6.93903506772847289418849e-01	-2.99344739491758105032204e-01	 6.43944257663279118197863e-01	 1.19274654681726974270184e-01
 8.95484347541235625733691e-01	 7.59258411580268077756273e-02	 2.53604257289111512108093e-01	 3.57809908523970043869866e-01
 8.65453811303629416684657e-01	 5.00062170678977069293580e-01	-2.89719668682692360617281e-02	 9.38888127708782313507463e-03
 6.72410914175159302175189e-01	 6.97691794544962662349974e-01	 1.56647119893950581559494e-01	 1.91184209995718223940031e-01
 3.67993852085531869544610e-01	 8.31447784674308798535947e-01	 2.71982410183492617772316e-01	 3.15120095738457173251135e-01
 4.69686356809980096183033e-02	 9.31950757733264634197212e-01	 3.20201151243876214191886e-01	 1.63502156452923319562842e-01
-2.97304987257488773089165e-01	 8.72484943140216073764748e-01	 2.89104020884523249534936e-01	 2.58454316376878712180343e-01
-5.06866753651268431291044e-01	 8.46634528469609071166246e-01	 2.25971422194235146974073e-02	 1.60578449393380284782040e-01
-7.81629734090746430830166e-01	 5.92043777362935341734840e-01	-3.50046011113698748995482e-02	 1.93167808840111809853823e-01
-9.36774333114395840738098e-01	 2.60771571594613726929879e-01	-2.68996235239697574492812e-02	 2.31793974297053478883512e-01
-9.70241964109745946842622e-01	 5.97615394822265874608114e-02	 2.31346294914154010369245e-01	 3.92171047971423686329118e-02
-8.95178768676922476110747e-01	-2.62303661640601981641652e-01	 2.77013225278153918385016e-01	 2.30467859409932862568837e-01
-7.81295321102331574714128e-01	-6.01547175283214108354457e-01	 1.51394265764709629040752e-01	 6.92704368829519662176253e-02
-5.41157809063773309610212e-01	-7.65935179543209221364464e-01	 1.75607972845846116438651e-01	 2.99421719820692044944366e-01
-2.20779129041469374117312e-01	-9.33850526218059640015667e-01	 1.91026559966266024082060e-01	 2.06612255806373268374188e-01
 2.47474632353493595449123e-01	-9.12095210745734297219656e-01	 1.32456697825568237014693e-01	 2.98820775846231900807481e-01
 5.96502312088890818131404e-01	-7.79056841931371590881383e-01	 1.43757120258483972463637e-01	 1.28799530618373681001287e-01
 8.60444773587103028944512e-01	-4.98151610005079736875899e-01	 5.28213490285229306242520e-02	 9.32184002372553471849059e-02
 9.03994003542553437036133e-01	-2.69327699180886781515909e-01	 3.25173101178185874893245e-01	 6.72300995328528466776774e-02
 9.52248570025714058395749e-01	 7.22136079086163062967785e-02	-1.50740733468716164855650e-01	 2.55509465558747650426596e-01
 8.64416668213571881551616e-01	 3.28363910863319119481929e-01	-3.44070843127538550376698e-01	 1.63022147779369797060411e-01
 7.38366253294093333181536e-01	 5.61315771625518267207156e-01	-3.67546160845848790543755e-01	-6.81887099773088034559976e-02
 4.57836901274946805884269e-01	 8.43132196820697621397755e-01	-1.03410851704141604212595e-01	 2.62335026759834721854503e-01
 2.32867224179564125119413e-01	 9.68222279478330616342419e-01	 5.32369325383999780765265e-02	 7.40560763110781755669265e-02
-1.30913022478982454810392e-01	 9.70414925241312231740665e-01	-4.27990954763716457964762e-02	 1.98305044919992567997724e-01
-3.25356277447782504808060e-01	 8.33336362610553438301508e-01	-2.86194128411918990995133e-01	 3.43200699793686225813616e-01
-5.94491574286644341995611e-01	 7.18780500108105346868115e-01	-3.35393663575747513760916e-01	 1.32081229551240464381578e-01
-8.32849488916839519880853e-01	 4.29498072838118083449643e-01	-3.47277827537557370884969e-01	 3.59338940291305530827515e-02
-9.58972832057255364368586e-01	 1.23862046115439147775383e-01	-2.49842733865686450478449e-01	-5.10676927489746648736180e-02
-9.72046680376487781671813e-01	-1.01215998066169321489838e-01	-4.98227845678986189237314e-02	 2.05908385070691785090347e-01
-8.78540974318033351941892e-01	-4.33967492474690796910863e-01	-1.41906673890212831068425e-01	 1.40358355023727537913558e-01
-6.49594696294716444917583e-01	-6.58987474348320279027291e-01	-1.70569379619806504866375e-01	 3.38627119312543412021910e-01
-3.75152585915731862087341e-01	-8.88233927056579553038773e-01	-1.45263934622516022177052e-01	 2.21809416852332241809620e-01
-1.06830435264089300406720e-02	-9.86954736514880859310495e-01	-1.01747617040185700520993e-01	 1.24312682693676804235317e-01
 3.58318578846757496148001e-01	-9.29979817289223853471469e-01	-8.02782345591532137119017e-02	 1.73418725634645991273697e-02
 5.12980056119853644602813e-01	-7.74760210392557269187819e-01	-3.52204919934352156385415e-01	 1.12025768418649501745321e-01
 8.77859980600780964721253e-01	-4.03052169772230850508521e-01	-2.43360861162156577597315e-01	-8.76715127958172385502778e-02
 9.20097513842068948086705e-01	-2.24224441787346795429414e-01	 3.76791519670122004859181e-02	 3.18942387013459505151758e-01
 7.88751352091080604189699e-01	 5.92414239133259162839451e-03	-5.14381257234957089963245e-01	 3.36523596968778093696528e-01
 6.18416963044477019373346e-01	 5.23287672058747488357255e-01	-5.37442292560355472375022e-01	 2.34278155741529131583789e-01
 4.57439296898979663730245e-01	 7.68751805312978819806347e-01	-4.44283592092876045143157e-01	 4.88061602428821392218872e-02
 1.82417347847984329112236e-01	 9.28485349956636896173734e-01	-2.79337420243952638809759e-01	 1.63124099297014629739166e-01
-1.33355035434399415983364e-01	 8.99826436185436562276152e-01	-4.08703541421117311216449e-01	 7.40961166050119468540203e-02
-3.95067988404714187655742e-01	 7.31801547244135930370135e-01	-5.44798512022276248956132e-01	-1.07621379322397126010458e-01
-6.05162625944062781968569e-01	 4.88665530239492773567633e-01	-6.21469026295399018522403e-01	 9.35972492741659195525372e-02
-7.84585382096841477128635e-01	 1.42325496150005698092755e-01	-5.97479870381201205731259e-01	 8.47763872482841657207686e-02
-8.78197446423853222974287e-01	-1.86084088283644089045765e-01	-4.16586013642294694658830e-01	 1.43520209099242984640554e-01
-7.05543609614638134175379e-01	-4.59607321567177540266869e-01	-4.61962858824750965958117e-01	 2.78495317663072505798283e-01
-5.00021975058687839776894e-01	-7.30212906778255677053835e-01	-4.52063168199668130586844e-01	 1.11382346851456176528572e-01
-1.43585168742092400551158e-01	-8.87855919026832918206082e-01	-4.24424768175771238709615e-01	 1.04684203800123831751279e-01
 1.99411297321671066029580e-01	-8.85603699582937164969110e-01	-4.18319926027775679244769e-01	 3.08165746574641311039677e-02
 6.99083095175700330869972e-01	-4.81399723135226997872138e-01	-5.24561789589515603537961e-01	 6.61215661303800328330027e-02
 8.82009740244922957330687e-01	-2.64649914080289871964879e-01	-3.01110878862740349859450e-01	 2.47692308562229762669560e-01
 7.06289148817649814482422e-01	 2.27444217802604126132948e-01	-6.60464326946637481086100e-01	 1.14941893500700123564862e-01
 3.45080408613101574655246e-01	 5.43138243070773740761581e-01	-7.47692816473306764990525e-01	 1.63938441799420464572989e-01
 9.92072005161391545779992e-02	 7.64713045994854123676987e-01	-6.01731802065833765169600e-01	 2.08064237757542652706988e-01
-2.72473312256225549954358e-02	 5.15604193393491727626099e-01	-8.11783914009147844481618e-01	 2.72794383468788981250697e-01
-2.90787469151095878672209e-01	 4.76867588933429842334988e-01	-8.29405919842749139725413e-01	 1.12147465116671594259623e-02
-5.14251058118820325582021e-01	 1.80638050264981198100855e-01	-8.30880753966254492759447e-01	 1.12039799663371020255198e-01
-6.63691376713967606804090e-01	-1.95539326960875337046986e-01	-7.17396904102303611949765e-01	 8.13622152576787133204661e-02
-4.87342667461786338556351e-01	-5.01490813020338377370422e-01	-7.14204078818870602418656e-01	 3.02757778747151824749739e-02
-2.37506024760890166458438e-01	-6.68585032111948307509408e-01	-6.57012686584610205997592e-01	 2.54792607241688839891935e-01
 7.05883188483378692934522e-02	-7.01604572092617062573083e-01	-7.07632897398723481607874e-01	 4.49888450617362545269629e-02
 4.68112196053332707545991e-01	-3.82763700543549467703031e-01	-7.74812873257470058341312e-01	 1.84466617269461563566324e-01
 6.64526784495235389726986e-01	-3.47801806543055092024730e-01	-5.17736920622340779374326e-01	 4.11565957142116134459542e-01
 1.92824724049475954013033e-01	 2.32748273225273888398235e-01	-9.09357455257439939444453e-01	 2.85859905676906556060146e-01
 7.17275221127676720911381e-02	 4.27869894251343474422811e-01	-9.00312759477559176879424e-01	-3.49206427032674182608929e-02
-1.65040888226369669711247e-01	 1.95958997864075307182574e-01	-9.47354454993400985074459e-01	 1.92044559864930464154753e-01
-4.03358878634177075994671e-01	-1.03176300912125207265291e-01	-8.67063233622817230994428e-01	 2.73601196738270657782266e-01
-7.91466151701954029329400e-02	-1.45934900138259632251803e-01	-9.80897470817197136838672e-01	 1.01385255205889118768070e-01
 1.53907483974376341206991e-01	-4.97822559064155734098733e-01	-7.91725937494451748044355e-01	 3.18834166867391965993761e-01
 5.18275489524877119862367e-01	 5.63838393111644638200364e-03	-7.98569882677971132345363e-01	 3.06014489957723845314774e-01
 2.01890218508580548961717e-01	-1.49575957275987270200801e-01	-9.23339831044390768610697e-01	 2.90363443088908212974530e-01
 6.14120175312491897723355e-02	 4.94772899933946311290534e-02	 9.89863882763428626354596e-01	-1.18110352967723639117104e-01
 4.08379181552290748680178e-01	 4.19660258633302585273839e-02	 8.91989948648119646001931e-01	-1.89259684715590431602905e-01
 1.84961223567685739688216e-01	 3.09639555802770749526331e-01	 8.79300278143220981341699e-01	-3.11036512512376239758538e-01
-7.34142847681331089937373e-02	 3.76630970919196950141838e-01	 9.22381111387917895783062e-01	-4.44132850759317923672320e-02
-4.14353460041786580969614e-01	 3.51021307402082233251051e-02	 8.47295169764158084824146e-01	-3.30408755730267289507651e-01
-1.46211456997292543746880e-01	-1.80439372794611724293290e-01	 9.41874191896587831251964e-01	-2.42769127418140884255848e-01
 1.92172604436485261469869e-01	-3.16700361478044756236017e-01	 9.27539915154776628547495e-01	-4.93991592888361197299929e-02
 2.37939451857783840216243e-01	-1.92314574303750318584605e-01	 8.73123246732755431409601e-01	-3.79546726734451667084613e-01
 7.28905424519797451310410e-01	 3.53176160216316526591074e-03	 6.62637395774647308677174e-01	-1.72035143173111970682498e-01
 5.26273115675552904946244e-01	 2.78898186649616686150210e-01	 7.27128970198969826199686e-01	-3.41373504973786157101756e-01
 3.40325552490472582611858e-01	 5.47941137507962583441667e-01	 7.59269178520946108612577e-01	-8.63095747681708880261198e-02
 3.23382949075284821180420e-03	 6.26549192912640218189324e-01	 7.49419510240807218437453e-01	-2.14000114200373126038812e-01
-3.41561500441119270110590e-01	 6.40313184424516013137918e-01	 6.32274981280816605888617e-01	-2.71225211429340196112037e-01
-4.57707577992993885906969e-01	 3.55622775856291928331387e-01	 8.02237953689084237751672e-01	-1.43005174734356865773321e-01
-6.13987400871621402664857e-01	 1.52821844463769621752514e-02	 7.89162261802834774648829e-01	 2.97505557793228394766749e-03
-3.76540618939670224118998e-01	-4.02151852381585628304350e-01	 7.72393765510489771486391e-01	-3.16067905544229366121556e-01
-3.13056937966017245766892e-01	-6.78216072402721414924542e-01	 6.59637538077697649363529e-01	-8.30459576665961568542329e-02
-9.13693163243052414168588e-02	-4.89816971736974582363189e-01	 8.60430252420362640108920e-01	-1.06727517317139142249971e-01
 2.30476040510537522054690e-01	-5.49119640233217687352862e-01	 7.60760667588584738041391e-01	-2.58053525670348948839461e-01
 5.14493536345739355120088e-01	-2.96362603262447066310159e-01	 7.92178506092268364113806e-01	-1.41134060139226968910720e-01
 9.14419018280715700797145e-01	-1.73397499708669647344728e-02	 3.58527040694027576694936e-01	-1.87070984304523513230833e-01
 8.13893529867557363743913e-01	 3.29193282985780710792056e-01	 4.64996565596214994631197e-01	-1.13961828962580266622062e-01
 5.81572854170090747238930e-01	 5.56176287389874235422838e-01	 5.28658823693419988032360e-01	-2.70112570549317310142357e-01
 2.75000936451809396832147e-01	 7.94798907805637444567992e-01	 5.18777847091133614831904e-01	-1.53423356986744446883719e-01
-9.60795780792979003948062e-02	 8.42718464613704809629269e-01	 5.24309281971911511632811e-01	-7.54591340615762135035638e-02
-4.49043355094858653853152e-01	 7.82829361183685401570642e-01	 4.30534780879786305174406e-01	-1.33438737512797962053712e-02
-6.57288593935564269266081e-01	 5.05917169608725014740003e-01	 5.58336971081125343907559e-01	-1.67137219451562908656417e-02
-7.07847998625448115994629e-01	 1.97800007155503332345603e-01	 6.25099954737267760052077e-01	-2.62823923185649843681233e-01
-6.60260419355163441501588e-01	-2.04585919292505941102789e-01	 6.75390996820836919667386e-01	-2.56997629704128704997146e-01
-5.76072002812775818547664e-01	-4.65359785315374419045753e-01	 6.71673446442797583699758e-01	 2.08829866197399460769901e-02
-5.36749706147465643901739e-01	-7.46573605599407552624314e-01	 3.92772342613966762847610e-01	-1.60465339075589186190740e-02
-1.47644482496819606787142e-01	-8.89350694925066020957161e-01	 4.28769004805855336037723e-01	-5.84259252587823602054229e-02
 2.08877444188595273733000e-01	-8.01831136666094512754910e-01	 5.31624121649269087974687e-01	-1.75535850647787483591600e-01
 5.39359719764045619783133e-01	-6.33888346448278627853767e-01	 5.30195512542000813027698e-01	-1.61769513238565199042540e-01
 7.61684603294996431799291e-01	-3.42189371178867329792439e-01	 5.07581683994419829986100e-01	-2.12376631080126776485173e-01
 9.68699217475139651156724e-01	 1.76005283042945465110662e-01	 1.68442371443231903027637e-01	 4.76564151673746147497290e-02
 8.84293525130421254054625e-01	 3.29245399361129953419436e-01	 1.60510417591718385077471e-01	-2.89583898475857359766650e-01
 7.26703972128127650975671e-01	 6.25499482327439570994443e-01	 2.33809146782201410230684e-01	-1.61198689145680806866778e-01
 4.61329254820860679142669e-01	 8.50473387363887334267076e-01	 2.40914240297768394993838e-01	-7.63587902862136180814900e-02
 1.07783737465906803709714e-01	 9.44208727879753184630829e-01	 2.27729559118057423017234e-01	-2.12112687120488585534872e-01
-2.16836695996299455568845e-01	 9.56899772498611356219556e-01	 1.75529620806149005973751e-01	-8.07095092362961480381145e-02
-5.03432580971859389151746e-01	 8.29962758870460781679412e-01	 1.09694125745268503124841e-01	-2.13739687660310900829685e-01
-7.35976961846526056554296e-01	 6.34970729491266872024369e-01	 2.23089474978748369959902e-01	-7.33564617071466168463090e-02
-8.63284589386443923508807e-01	 3.11441198300452914971004e-01	 3.26144554616568216331984e-01	-2.26657952040110993729982e-01
-8.72773996798405504726759e-01	-6.88718462914756496262569e-02	 4.27476634081147499610864e-01	-2.25357375329925280205146e-01
-7.90083630915443646536289e-01	-4.33760200536197737530841e-01	 4.21722669079566625516264e-01	-9.88429814133146011911890e-02
-6.63519611524445607209088e-01	-6.76789488692664198410398e-01	 1.67541371160962182518261e-01	-2.71344065840909920428459e-01
-4.63474368364826860844374e-01	-8.80923511177453155696071e-01	 8.74359565194286897371612e-02	-3.89901376138239372237670e-02
-1.46814054502973384552789e-01	-9.71077715073429770242797e-01	 7.69118450715537554929213e-02	-1.71867020617262111770174e-01
 1.36578943795953783313379e-01	-9.65244857433241953970082e-01	 2.22053342844510948062009e-01	-1.84626715791679149591964e-02
 4.40900816508181248032372e-01	-8.48915105048591245306966e-01	 2.36258086148352447475318e-01	-1.70680201406829629151574e-01
 7.35225493549846231822187e-01	-6.19802463773922784895376e-01	 2.29932837274098911262143e-01	-1.49730657773359726592233e-01
 8.98276699548949841833689e-01	-3.31917833614200075142975e-01	 1.37686391161162630103476e-01	-2.52926828283037807842959e-01
 9.04710827421519536706285e-01	-1.32102689284961494209369e-01	-2.37048990953713456519836e-01	-3.28412810526290122048465e-01
 9.61683889766761446082910e-01	 2.00183647673289888402337e-01	-1.49659383040479487814167e-01	-1.12661761193542930836742e-01
 7.53222606802027128125587e-01	 5.58498499239738266375355e-01	-1.10470012013215240775921e-01	-3.29441204762123018845443e-01
 6.16880636458539965971681e-01	 7.78637082537567137840995e-01	-1.06883960902646901747204e-01	-4.19331964158972600453801e-02
 3.25512913859524577464555e-01	 9.14386801868191323450219e-01	-1.20277814971033597535310e-01	-2.08497881777577498407794e-01
-1.97943542642053174618333e-02	 9.79934312598057855048239e-01	-1.24062477236706922290033e-01	-1.54743104124631908335985e-01
-3.71070175606819152580584e-01	 9.06258736450978985565996e-01	-1.92560797895288432490801e-01	-6.26287992486651984291868e-02
-7.09674685509040337194619e-01	 6.76363341164952225348372e-01	-1.36405400473705196162655e-01	-1.42436084604413037979498e-01
-9.19750916625603598397731e-01	 3.75601204572023505967593e-01	 1.52358624121981013621596e-03	-1.13928333505641771195016e-01
-9.63813763985443716642010e-01	 3.00808219168959972700250e-02	 6.18763884590557977638525e-02	-2.57545112662383113288911e-01
-9.44395291438469453026983e-01	-2.81214056225767783381286e-01	 1.42665251992012687143330e-01	-9.31816181655713421383425e-02
-8.31467451728527984222694e-01	-4.89309641077785073548512e-01	-7.60297567941878860153793e-02	-2.51907578183376557046103e-01
-6.72437246401454635780226e-01	-7.21964963229048017900880e-01	-1.62648405059299061559130e-01	-1.18422064403070695370879e-02
-3.62732595758907150340633e-01	-8.83208807288649699884786e-01	-2.65122959652352052639657e-01	-1.34451043011736021126623e-01
-1.00833794301401612897306e-02	-9.45463054777322953192709e-01	-2.48715747109963414285261e-01	-2.10091443542885364381689e-01
 2.25455594159128830389349e-01	-9.22443371683097534940998e-01	-1.56987990633168754406324e-02	-3.13083932529669373145964e-01
 6.75138053815058536422100e-01	-7.20213059477116002149444e-01	-1.26741021643596518675423e-01	-9.70488056709850749337321e-02
 7.62742992513093964745963e-01	-5.06702023570952841957649e-01	-1.08007662299447138032349e-01	-3.87053654634444965765283e-01
 9.90795456107481764540523e-01	-1.32874862058671716624758e-01	-1.50523436054498527258971e-02	-2.10252738778791518903244e-02
 9.13774833720572776663005e-01	-4.18186101922790876006530e-02	-4.04053528127943872849670e-01	-2.73925316219788411720160e-03
 8.26094390716550108777483e-01	 2.35840915187319977164293e-01	-4.79046655283026923122236e-01	-1.80170537026462906915469e-01
 4.88595223057875671646144e-01	 7.31295577667275153999071e-01	-3.72117537994167246750976e-01	-2.96664834462176563167901e-01
 1.68210123307983933083065e-01	 8.64472099500879442857126e-01	-4.46691709820511262396536e-01	-1.57670098556710241988199e-01
-1.55590696961799918041081e-01	 8.49260905158772061440686e-01	-3.94705655376890618413199e-01	-3.14252916615493094187883e-01
-6.39816184050572500652265e-01	 5.73724500224262579095580e-01	-4.45178625621454548966227e-01	-2.51577899981649311111909e-01
-7.70610881788643786727278e-01	 2.50904736787066762193632e-01	-5.34564096004712219212252e-01	-2.39680848607907587277666e-01
-8.24831991706324818558471e-01	-1.08676060955042425026917e-01	-5.24932974531579610300014e-01	-1.79686035858386244923324e-01
-9.44140381527520222704197e-01	-2.11232802373008093921314e-01	-2.02294937524071516410373e-01	-1.51843345006774960159746e-01
-7.57187430819543760840418e-01	-4.83046573751533481200227e-01	-4.32887899968557920971080e-01	-7.70796228364846180980408e-02
-2.32313328970791266314677e-01	-7.41081721340429044886378e-01	-6.13207932079573803108019e-01	-1.44237413705004091646344e-01
 8.27363729571099770776499e-02	-7.88551362176775572088161e-01	-5.30908465320624523009485e-01	-2.99128138512499475165640e-01
 3.97308662961183278738986e-01	-8.19059249055945959305802e-01	-3.20976955464651991789538e-01	-2.61269146537722374290524e-01
 6.48626392733165690884789e-01	-5.71695873154767442159141e-01	-4.31848062815515243428877e-01	-2.56816825598043696476935e-01
 7.72920836465353700006631e-01	-2.34574997471230978218770e-01	-5.42433552325892742729252e-01	-2.30941101647548385766839e-01
 6.33146633388530388764082e-01	 7.41344157564944039595645e-02	-7.42647339515871807158476e-01	-2.05193465147433667938870e-01
 5.70769843784203145808931e-01	 4.55881931605346735203455e-01	-6.63788446807112797465322e-01	-1.60556369377658991748348e-01
 2.75505475487349493768363e-01	 6.47377265810558211178716e-01	-6.92481609311797252637177e-01	-1.59588939006056168556924e-01
-7.29129570532076748401451e-02	 7.07292201882422810754747e-01	-6.95336965664470008086084e-01	-1.04536816627439313465153e-01
-4.92656043275351229748793e-01	 3.99791998793199820916300e-01	-7.37655355793482736537214e-01	-2.30913310128290416578523e-01
-5.80280324859973495321697e-01	 6.02993534470761399779448e-02	-7.83411945739968862412184e-01	-2.14253251611695005873770e-01
-6.02937755969168764913491e-01	-3.06275658745558343465376e-01	-6.86967657949489551860722e-01	-2.65963757339662321133034e-01
-2.89168042474920505835456e-01	-4.29774128867772553519444e-01	-8.03708791187146331935764e-01	-2.92793818813966655323355e-01
-1.59171674106133975712396e-01	-4.72969624331524285398842e-01	-8.66006972510868333614553e-01	 3.15600409459130051836873e-02
 4.77432154084951806960468e-02	-5.55056394747174497439346e-01	-7.80359489561192276596557e-01	-2.84028257545833273667313e-01
 3.91640436784693735106089e-01	-6.55691167451220802142586e-01	-6.43761483877090978644731e-01	-4.75185550907809284293393e-02
 7.12065118021694587469028e-01	-1.54376839838907015112213e-01	-6.80548833224048577150711e-01	 7.73585458465255865201371e-02
 4.27152504646655328812699e-01	 2.54358244684846412919654e-01	-8.67451987541647429047487e-01	 1.92268157784514226449346e-02
-1.10944292421540857684903e-01	 4.45356466865759081930065e-01	-8.23002577820765246485735e-01	-3.34687523371138995198493e-01
-2.44481409830622470336081e-01	 1.56811462836789511365865e-01	-9.43150815635213635168554e-01	-1.61572102594627176053166e-01
-3.78438138548685909512415e-01	-1.74560633814971249977432e-01	-9.06395025088411188107784e-01	-6.90015862781388489288759e-02
-2.73198126814054725874925e-02	-2.01957904027545626091111e-01	-9.44753793949076658975628e-01	-2.56723395222716976871169e-01
 1.95650699992741122779094e-01	-3.85545409684793838334116e-01	-9.01097868931179490914474e-01	-3.31386673090756297965775e-02
 4.09080999864837480117785e-01	-9.95753733228385284892425e-02	-9.07032953985465240087649e-01	-5.35732784169905273952139e-03
 1.12459155239695685057910e-01	 9.06225127017372539262041e-02	-9.87595214404635490801354e-01	-6.16132378589195339735340e-02
-2.42670183942635814267064e-02	 3.82335733596415455748385e-02	 8.75777390915881137622989e-01	-4.80586378549140047500288e-01
 3.15700190858045570685420e-01	 1.02061837210436157086235e-01	 7.43749980451593573071989e-01	-5.80304004342274470928942e-01
 5.94000078134289954956415e-02	 3.29121960901629095896936e-01	 6.96686133148135988690797e-01	-6.34648568739525908988242e-01
-1.81743256033000594173998e-01	 3.32981541727284946485810e-01	 8.45559761147981703288679e-01	-3.75661246447929142444622e-01
-2.86690966126883606257536e-01	-1.70434510498867514138865e-01	 7.46108639702973586160795e-01	-5.76265793998588793378701e-01
-2.82841048606895684169871e-01	-5.22265850299496570130486e-01	 5.58140719830326315076263e-01	-5.79411994785386519346559e-01
-2.35686022472692650875370e-02	-3.84536495715356807512109e-01	 7.83617977500994045136906e-01	-4.87359282037713170687709e-01
 7.41009141027172191229511e-01	 1.97192753684274968417611e-01	 4.64919207488540209283201e-01	-4.42572707379039476105476e-01
 4.67539289219793041674222e-01	 3.82795672218019300547809e-01	 5.07960404116083119596681e-01	-6.13881677701192507434769e-01
 2.57638151256523784127239e-01	 5.52024774813273610973852e-01	 6.59743555241443457859418e-01	-4.40033717261365808770535e-01
-1.53379129043451689629052e-01	 5.65781587312237155273920e-01	 5.94014341246200450186166e-01	-5.50920139971448175053581e-01
-4.70393080080629744088583e-01	 3.68937401290553079746815e-01	 6.43527482216370572132291e-01	-4.78004104347955038889495e-01
-5.77946180075317283986180e-01	 2.33144031640472940147824e-02	 6.03350232374588291150985e-01	-5.49001956858974904385207e-01
-5.76622876293493624721975e-01	-3.10513019067040707543725e-01	 5.16312729692380401047558e-01	-5.51823240433467754328944e-01
-5.53670929516164034289716e-01	-5.74892057797223632320538e-01	 5.14715355705660515539535e-01	-3.13074633739586438707647e-01
-8.81381593534272950174469e-02	-6.97313843160574542423547e-01	 6.24382436701376608567671e-01	-3.40780929251140674018927e-01
 1.56029916388475464739116e-01	-5.95586348287804434598058e-01	 5.54025773762490514329215e-01	-5.60345437147370284414194e-01
 4.83491901366220555580355e-01	-4.49380491029760409382732e-01	 6.11814077172850634411816e-01	-4.35862696922163395107930e-01
 5.67818595874639120424376e-01	-1.10794603564056126643322e-01	 6.77462922627498853600514e-01	-4.54258281669189301066325e-01
 7.41689576524295679504917e-01	 1.45388774221714089929236e-01	 1.63629092198336850705331e-01	-6.34022236669871452896530e-01
 6.63208023962086667957294e-01	 4.90770268156070776921496e-01	 2.41494417576767761435264e-01	-5.10862121443330985393061e-01
 3.96604150865517479651601e-01	 7.24188047684523050762095e-01	 3.49931907506716433076122e-01	-4.42497999109410289353406e-01
 4.77772776334823012778230e-02	 7.82603737726397574725468e-01	 4.52873528518892010108488e-01	-4.24445860629425131271830e-01
-2.77725663127880606495523e-01	 8.16607118122836150853061e-01	 3.40519090993971318415134e-01	-3.74256622306052277870947e-01
-5.98841730398445459826462e-01	 5.98202084257489996588220e-01	 4.10048357483618564067740e-01	-3.39710454429028418932290e-01
-6.95848134954005215213613e-01	 3.08056916850733442103660e-01	 3.67317674111710956719179e-01	-5.34765402159316893815344e-01
-7.80230552677653399484825e-01	-3.26944593297831265221731e-02	 3.14960397097932998100589e-01	-5.39417561131790512796158e-01
-7.93384438593965457542367e-01	-3.67992057046367060380021e-01	 2.63905377486637171546846e-01	-4.06788557215363721919488e-01
-4.96399161974286295961889e-01	-6.00721578150150037345156e-01	 2.62005710154317672522239e-01	-5.69275386243381475992464e-01
-3.11551409589450267745292e-01	-8.08872603331580952712443e-01	 3.56408993292596509849801e-01	-3.48759889125133892839870e-01
 6.67974273912886606918704e-02	-8.69978667040663622422869e-01	 3.01888123203540970074243e-01	-3.84107776095068353949813e-01
 3.87594100081210091168771e-01	-7.07366491216142145859180e-01	 3.44840352446417974796589e-01	-4.80092274475887481610670e-01
 6.73694657138411256980248e-01	-5.06214547893322874827504e-01	 2.77651768680773403108475e-01	-4.61293654620086202022833e-01
 7.62338839788492372839812e-01	-1.55567023035321605473058e-01	 3.74264796604960592318889e-01	-5.04543612303347432934686e-01
 8.47422245279685126817526e-01	 2.46286993243773427719745e-01	-1.80442991410282166375723e-01	-4.34348456904116941856842e-01
 6.35786686158519631639763e-01	 4.01532497817652822558188e-01	-7.76849490168939060819042e-02	-6.54608273394193806993258e-01
 5.22545363888122893492039e-01	 7.56267965851188161963137e-01	 3.14834234805636201115497e-02	-3.92446047950898879719261e-01
 1.80687129378362593135066e-01	 8.44233002640570329155878e-01	 8.38631256696366761405059e-02	-4.97583937323555935972053e-01
-1.59198564934296293849059e-01	 8.80757932880205429704290e-01	-1.85969808328905090999417e-02	-4.45618034751007141558432e-01
-4.42902042225645997675088e-01	 7.08009341317210272315208e-01	 7.90027258791344000332657e-02	-5.44352021125657725697522e-01
-7.28743889379584453003247e-01	 5.43029220909836518593750e-01	 8.00951762646351372865183e-02	-4.09434209207180377365631e-01
-8.32269846005089908302921e-01	 2.10047368938983347597116e-01	 4.61113295760123137467801e-02	-5.10960616405224277158936e-01
-8.37640430803649249646980e-01	-1.86221098608053498013604e-01	-2.80957915791422846440994e-02	-5.12728814883489869558275e-01
-5.93567732428577077286036e-01	-6.88908541607211377666431e-01	-2.16880667383959224725487e-01	-3.55028371310393997539734e-01
-3.93079559303884329413137e-01	-8.34320987957545723290309e-01	 1.95110271407115676289834e-02	-3.86026254199016427559599e-01
-6.99914458754205409674043e-02	-8.48333515084497169489453e-01	-1.36867415853721367119400e-02	-5.24637129636689403255900e-01
 2.41707915810733670047838e-01	-7.31458483275983284421784e-01	 4.80160140273366842222913e-02	-6.35798893577958490475055e-01
 5.29954448981294512499574e-01	-7.46910157496687876488295e-01	 5.00726517328635174070017e-03	-4.01557500152456059439032e-01
 7.60776735048957708507089e-01	-2.60809044916476995279453e-01	 3.19860261730317632644649e-02	-5.93442748399254704771977e-01
 9.21729774678638369422856e-01	-1.16416235173700817039782e-04	 7.63519389952965615853131e-02	-3.80242804441827064731996e-01
 7.32499217694948523416087e-01	 6.58350210206658237321875e-02	-4.84334862043539260412217e-01	-4.73846375413765230621976e-01
 6.64258412165961487083621e-01	 4.37565310293857534507111e-01	-4.28846833189638787509068e-01	-4.28237965105166817902926e-01
 4.20663300428128827945784e-01	 6.39188693777205219070936e-01	-2.24705512731199985587693e-01	-6.03313876824089212469460e-01
 1.41260778163059569356719e-01	 8.18158826440719133543666e-01	-2.80377140974454930333337e-01	-4.81715876932557462986040e-01
-4.50022056755040200659579e-01	 7.77932423399274930453373e-01	-2.32770427168960375441387e-01	-3.71643944244587853820150e-01
-5.62557530743679312656980e-01	 5.39248640777822640934858e-01	-2.31958664376428508324679e-01	-5.82181334331107414037376e-01
-8.20158059818863915957365e-01	 3.77366528911541709856436e-01	-2.31786362048971406046860e-01	-3.62229681472286790810955e-01
-8.63637550439686596526201e-01	 2.46119626251818796047743e-02	-2.86325456600691030661920e-01	-4.14176490965724231063660e-01
-7.46610834660994648892540e-01	-3.52623158115255797007137e-01	-3.74214123470361315071386e-01	-4.22129079456681766124859e-01
-5.09856223422878618301013e-01	-6.18677063362364276777328e-01	-5.27219711074178976062399e-01	-2.81646407683712574065993e-01
-2.31411700764004635288984e-01	-7.96354830840202421171625e-01	-3.30900208045974975057391e-01	-4.50302854157192899986484e-01
 1.49803880878976808377345e-01	-7.68157494065047963260895e-01	-2.89551721472927625633531e-01	-5.51046878384559679631138e-01
 4.79157365417984981714739e-01	-6.08394373096658669375358e-01	-2.77139989319259705258247e-01	-5.68733621540119416160053e-01
 6.94064078767490322263711e-01	-3.17563069406308406961159e-01	-3.69079682076227655329603e-01	-5.30291372541916605776180e-01
 7.35387620596293589692038e-01	 1.67216412919358016833660e-03	-1.90746388404278155448424e-01	-6.50244620624862434965507e-01
 4.73469811618090596905262e-01	 2.18301873019401210251900e-01	-6.84756440042011971236491e-01	-5.09194704944524789702598e-01
 3.58930520613225056969497e-01	 5.50738606629278315551801e-01	-5.79088274406329595045406e-01	-4.82195643888929992293413e-01
 2.68577046172471696483530e-02	 6.58282679366277156951526e-01	-6.01316734720907408728863e-01	-4.52062785787144538751647e-01
-3.29954369632234456588549e-01	 5.98423418665601891675010e-01	-5.75419687049669614786751e-01	-4.49345868690064653705463e-01
-5.63238664719426962435023e-01	 3.42989768732621158608964e-01	-5.21979442606375410029784e-01	-5.40978452996196290669673e-01
-6.52467552376191473051392e-01	-9.59797442228952496501293e-03	-5.74699921419360215679717e-01	-4.93876474742209636836776e-01
-4.52778153369760849589198e-01	-2.91546823282199163429596e-01	-6.13280183476131002251464e-01	-5.77823338245012863012562e-01
-2.17647700206656774524205e-01	-5.83569099492176723842363e-01	-5.94716380026230617694694e-01	-5.08319793084175963748805e-01
 1.00988464863507404478682e-01	-5.38622268951235105838293e-01	-5.61897936082439319882553e-01	-6.19643519114523089186264e-01
 3.75611205509545353908862e-01	-5.88265294850006004168108e-01	-5.96275376319033934002789e-01	-3.96630609971413972125731e-01
 5.08267139388717148484886e-01	-3.64387152239306788548134e-01	-7.57278660076888598950973e-01	-1.88190194464778304261898e-01
 5.42890166431325371654282e-01	-1.69173563123308695610447e-01	-6.75865081343901774602045e-01	-4.68889074891208179618474e-01
 2.70837008185375649471638e-01	 3.47991423807173239080015e-01	-8.44485549705352056548691e-01	-3.03962892953565100295776e-01
-3.30153753645327618926331e-01	 2.37751150398053445744750e-01	-7.58900198245042068023736e-01	-5.08471610359849224280993e-01
-3.30065132267932215270889e-01	-8.76450058895133637948405e-02	-8.33534229006888227608840e-01	-4.34276467791511910920832e-01
-8.14633044531045263925151e-02	-2.82230520105613447157111e-01	-7.48145558377288577567299e-01	-5.94968811811872111405819e-01
 2.36247558231609894319192e-01	-3.17182700804670647531935e-01	-8.06401070636195260732393e-01	-4.39658434260796593395781e-01
 3.23231328758061930983558e-01	-7.53232180339709778832402e-03	-8.88595507136718976148870e-01	-3.25365635760731797265777e-01
-2.82936285625851611028048e-03	 1.02137382181575073203383e-01	-8.97075213337493959642188e-01	-4.29902327840187725715992e-01
 9.99310197439128543306364e-03	-3.59957042070520941146050e-02	 6.53938070535674986771824e-01	-7.55625202792790995331984e-01
 2.07298000467206755548233e-01	 2.14974861231508135306356e-01	 4.64171126604855044384124e-01	-8.33881594272934956180165e-01
-1.54086658431267259361519e-01	 3.83666286543390189223146e-01	 4.08191288721851841536647e-01	-8.13902545809438549007098e-01
-2.67631033113256699973448e-01	 1.76924613103549732695541e-01	 6.53721275183488215176908e-01	-6.85361076926144452414746e-01
-3.41438343178843362046848e-01	-1.56414902853126591697475e-01	 4.76980639607896161891176e-01	-7.94634321818517896929279e-01
-3.97712535682952644799926e-02	-3.60765144751914845766549e-01	 5.13562090046967067991091e-01	-7.77509316592622790054179e-01
 2.69559932515150979526197e-01	-2.58512736072042725865572e-01	 6.60239933418470648085474e-01	-6.51607119659190825444739e-01
 5.19441609972798201688704e-01	 3.47744297721649178734005e-02	 4.72737422744317459244456e-01	-7.10978538353970734853249e-01
 4.62489764756315036020595e-01	 2.91640949424006978851764e-01	 2.14300704156039883985230e-01	-8.09397295716348330607559e-01
 1.72060215752766504371252e-01	 5.54225383253547754236479e-01	 4.05046924979393152543850e-01	-7.06517158515847842892299e-01
-9.64165049429747955667125e-02	 7.04253919786065329944336e-01	 2.36919054018581431986235e-01	-6.62268552691039458224509e-01
-4.17921790185047381527284e-01	 5.22892280127078445950417e-01	 3.57363735870546761486111e-01	-6.51318816676346390437402e-01
-4.83376660650372602656688e-01	 1.52458566758273239560850e-01	 3.62153434888470515673475e-01	-7.82271231069499473065321e-01
-5.94801111537432092291056e-01	-2.72278216477384205074230e-01	 2.09223470144114492841325e-01	-7.26843690270875919523519e-01
-2.85146339485328359497629e-01	-4.46200607762495704555761e-01	 2.48298803014971675162670e-01	-8.11137649928684978384297e-01
-9.68448929049608303598617e-02	-6.98607143229506566406428e-01	 3.04915661705663032510216e-01	-6.39996535454319448454896e-01
 2.12662059245919465855224e-01	-5.09192447467645359360233e-01	 2.94205228033511068108652e-01	-7.80346835578221598161974e-01
 4.98387995757311685895985e-01	-3.43349835892146182381168e-01	 3.91416120677864520782663e-01	-6.93190966726585200419208e-01
 5.49613386143294802010928e-01	-1.11219422863492359287996e-01	 1.56821116610962485449221e-01	-8.12996004378191305939083e-01
 4.99495598222018832856861e-01	 1.11549247592243258586642e-01	-1.13718676591544609610906e-01	-8.51545051839713296182310e-01
 3.68848066119416284625032e-01	 5.94607175606475024665087e-01	 1.17731860917345915185095e-01	-7.04650707629103312257257e-01
 7.20405653947466806386046e-02	 6.63752309367548143370641e-01	-7.48232833524220958265616e-02	-7.40705410413083908949261e-01
-2.60336471228477972505999e-01	 5.56637349978473028322412e-01	-1.09909866879861518873529e-03	-7.88909737764316831842848e-01
-5.78516577800480269466732e-01	 3.76547660373965087377002e-01	 6.17189867813331821677636e-02	-7.20916912929360886863606e-01
-6.40111085565660653529108e-01	 2.01561506632134540550894e-02	 4.29683553030940149075612e-02	-7.66815002571637482908784e-01
-6.52886861367991899740559e-01	-4.77677983843411979592020e-01	-4.28072404911783374603651e-02	-5.86284939398818205624764e-01
-3.31537493530048299472668e-01	-6.57715534956367697816404e-01	-3.73884113153677977159361e-02	-6.75348259907571746296640e-01
-1.67781236187505358725680e-02	-5.63257999517706720027377e-01	 2.07266031701084096905419e-02	-8.25850669593585884342701e-01
 5.04933306172204998674147e-01	-5.03271876694811548524910e-01	 5.22609119045243930568034e-02	-6.99305778277997780456587e-01
 5.12823342876698617942566e-01	-2.64777542553725653284857e-01	-2.02008306033947843127763e-01	-7.91263367187735267016535e-01
 4.74619652039704298385203e-01	-1.95775412041983877531326e-02	-4.65472786387412351682968e-01	-7.46785103567851438199909e-01
 4.86847932114796044800187e-01	 3.24493041668871551319597e-01	-3.96356692409833177848100e-01	-7.07520126417593875345347e-01
 1.35220590893277453625743e-01	 5.39727811617987107695171e-01	-4.12969481886002021120419e-01	-7.21016981904960885252365e-01
-2.03904943640105112967476e-01	 6.75860416145923514896765e-01	-3.01388914396203022594278e-01	-6.40936965797154756252496e-01
-1.82046463950430253975199e-01	 3.92595847100225825432318e-01	-5.45103125832164581154871e-01	-7.18046076523508491895598e-01
-6.74273971392380544465084e-01	 1.74633582246286167549698e-01	-2.58166000259472672162531e-01	-6.69483412613488537701301e-01
-6.25580556085136740840369e-01	-1.87022556033183962043154e-01	-2.86520890027978258896013e-01	-7.01125745469812988730496e-01
-4.66185058044556621670296e-01	-5.23686210625467496448948e-01	-3.53965733939711868494271e-01	-6.18976981521326963253671e-01
-1.19651820371527287112379e-01	-5.74603240552870597745994e-01	-3.14374491810570866334729e-01	-7.46112080539354960428966e-01
 2.24244050945802742003110e-01	-4.90392233016045619997669e-01	-2.41784613788570273973377e-01	-8.06703330815030428269097e-01
 3.91749554533925459232080e-01	-3.56765222098947787365830e-01	-5.20310096854615711237102e-01	-6.69722529062820037815129e-01
 1.86653472945812942684896e-01	 1.99795251690224218155123e-01	-4.83120702100801990841461e-01	-8.31767230444272143152773e-01
 1.11559381348636410535846e-01	 3.35793502192031134701011e-01	-7.14012458357870860581329e-01	-6.04138591408022507245335e-01
-4.18376996705730253012234e-01	 5.21158099177821201863914e-02	-5.25655777267776680439226e-01	-7.38871189592013144498139e-01
-2.52907425646690553477924e-01	-2.72745426532318924195408e-01	-4.57653519645815354266460e-01	-8.07589637324715003963149e-01
 1.01523607990075884210945e-01	-2.28042004778330198444536e-01	-5.02036879801625257613296e-01	-8.28039112842144708892533e-01
 2.31595046603313703403870e-01	-2.98810534578454745080478e-02	-7.22821071877215226564317e-01	-6.50384928394971417731085e-01
-1.08941488758084820132055e-01	 4.07144376161828955296151e-02	-6.89386839874688406304415e-01	-7.14996413700349275899271e-01
-9.29349380136268721219750e-02	 6.33873253603681879875253e-02	 3.59565549247270577204461e-01	-9.26314072048228465128261e-01
 2.39603415675816222574213e-01	 7.40883939497061633217001e-02	 1.28222325946115767170141e-01	-9.59510368994209161819242e-01
 6.50273264262955091874474e-02	 3.96588810479794162677791e-01	 1.47201560571425443812998e-01	-9.03781202938745975572488e-01
-3.02328770335099694666070e-01	 2.55317279167656896454730e-01	 9.43693296048634111539144e-02	-9.13512359640536120153342e-01
-3.42875515870596003775717e-01	-1.02643606062369552311964e-01	 1.39226273833765845644450e-01	-9.23318317496924279019765e-01
-3.93392256581294619266487e-01	-3.54458571804296740381801e-01	-1.04443874208637335621042e-01	-8.41839135747813549492946e-01
-2.67339111177746363567920e-02	-2.48603268901196300388889e-01	 1.94720595185100597834804e-01	-9.48454322832020468858616e-01
 2.44634733308613711022517e-01	-1.43677331593690976729860e-01	 3.98926636066474882280630e-01	-8.71990946444873515908114e-01
 2.84135671432275138670320e-01	 3.72936268682435678734066e-01	-1.36229535828528258711856e-01	-8.72712423017397043167875e-01
-5.32947332603589188360083e-02	 3.66193656496719643911320e-01	-2.20602406068313522391477e-01	-9.02439170130120649204741e-01
-3.85998362559186347642282e-01	 3.38944989112156536137377e-01	-2.77231043411441446799870e-01	-8.11951049649170863986569e-01
-3.92517250335963463481193e-01	-1.18870515764888653661990e-03	-1.95366573170994067831785e-01	-8.98755081908394926060168e-01
-6.32420747798367044456569e-02	-2.71782353021090494760159e-01	-1.73905480194747580346970e-01	-9.44400167578392069067661e-01
 2.75572841430878956447970e-01	-2.91324871440893251595128e-01	 3.45865872659372533548527e-02	-9.15419683165571096417068e-01
 2.28557249748557234081403e-01	-4.79374411033562097816940e-02	-2.42077647089942504798898e-01	-9.41733506947286747035264e-01
-1.09783400938018319004108e-01	 5.80406195653678722012891e-02	-3.93712754004825304932069e-01	-9.10806872335121475714459e-01
-5.24969419017559460471922e-02	 6.53680141671285214188813e-02	-3.87280540435831835410774e-02	-9.95726484354417129551962e-01
