-3.52496680451261021338460e-02	 1.68017207278913949242138e-01	-2.52663329183556092938367e-02	 9.84829574790360262603883e-01
-1.96088356607999163283562e-02	 6.86523967753025349258778e-02	 3.21036552574622380262781e-01	 9.44371682068049000946530e-01
 3.08633570749135499600158e-01	 1.18324749591367642254092e-01	 1.29419988299940696974133e-01	 9.34877018259204994876654e-01
 1.33582849637271683373996e-01	 4.36016943651716004648478e-01	 1.60803186404855580349249e-01	 8.75321188120936399812422e-01
-2.26195426638253732631867e-01	 3.66927830430890000723565e-01	 2.18798131967378212126007e-01	 8.75401035909145086577610e-01
-3.50852509267399303993784e-01	 2.27663477459981375417009e-02	 1.92211100579200627747056e-01	 9.16209093474415592339710e-01
-4.18334862128323770047444e-01	-3.21765381665404803790409e-01	 1.31880593749494373634334e-01	 8.39089084234846627197157e-01
-1.32209401791544889359642e-01	-2.97576274863782741508800e-01	 3.45181166661211791257813e-01	 8.80238034226266119475213e-01
 1.83162167411703102892773e-01	-2.12204638197808909128028e-01	 1.90878154400577287885810e-01	 9.40737127006803008910651e-01
 2.32971162733644959752510e-01	 3.14257063082052312541492e-01	-2.04503602468942585757006e-01	 8.97298842200747293063046e-01
-6.49600632977179459626171e-02	 5.16961825884735048930452e-01	-1.18882032535484738478004e-01	 8.45220517435840146269754e-01
-3.45601151537369033484026e-01	 2.16677021535743086211312e-01	-1.36866292978473386154903e-01	 9.02706225879036594506033e-01
-4.16247753311096146955350e-01	-1.16468132280537331468828e-01	-2.02654853877713730936350e-01	 8.78694481732047005806407e-01
-1.25826078478655511982964e-01	-1.78602886393160076305975e-01	-1.29949052435423210299925e-02	 9.75756086009422096694266e-01
 2.85211511329307665363331e-01	-4.10683020090570616300596e-01	-8.76508742571088239614596e-02	 8.61574822668643713896586e-01
 2.03026286205400141593458e-01	-6.98644393447723638379543e-02	-1.79861357990470344114797e-01	 9.59973530430140331581867e-01
-1.02257682481000436447438e-01	-2.60645970885991402898885e-02	-3.62484018123874707217880e-01	 9.25996403749493213197752e-01
-2.35115495212882170961155e-02	-3.52604903846466671835103e-02	 6.18392118128323842185523e-01	 7.84726126169956961220464e-01
 2.90571820065505748154067e-01	 1.25297390750412435123096e-01	 4.58950384833209434898293e-01	 8.30200653767754426226588e-01
 6.96872056052009747340037e-02	 4.06063489319191173176904e-01	 4.74584441318148475552618e-01	 7.77834008047733949098301e-01
-2.39290917596338442718817e-01	 2.21119313914685228228407e-01	 5.37451420647678701492111e-01	 7.77812365685705331408428e-01
-3.72178346225452538753586e-01	-1.34151953738357532230907e-01	 5.05827898159080580064995e-01	 7.66566806842714609793177e-01
-1.09113287049967658259852e-01	-3.84126979715355199029858e-01	 6.51275270897762381672180e-01	 6.45276123501371090540601e-01
 1.60825992916222404449655e-01	-3.23300931601140317805942e-01	 5.02842826869011827461975e-01	 7.85341071824673386814197e-01
 6.26367612408079477148704e-01	 1.33339042790455553078033e-01	 2.09694155799403175732820e-01	 7.38859035823141718779539e-01
 4.67870364553594875189901e-01	 4.08289422524821754567625e-01	 6.63584795901832613651550e-02	 7.81020884236339307804542e-01
 2.72998254173520527032792e-01	 6.62168808994942681422913e-01	 2.53219382540039117390762e-01	 6.50295598876749703087796e-01
-8.62342930167267485153104e-02	 6.65910588942392078770638e-01	 3.03229910832369442541534e-01	 6.76149654602363203714788e-01
-4.14064069315167204710093e-01	 5.10867367230865676575036e-01	 3.87994435150357752650763e-01	 6.45775346303281372328797e-01
-5.63483931946032523541135e-01	 1.25308134910191826261183e-01	 3.79302617582516710115215e-01	 7.23127412050614704064344e-01
-6.42883507946884646955255e-01	-2.44929627926442489149750e-01	 3.53021533122952479999412e-01	 6.34102570350604022308971e-01
-3.67923860036363570280571e-01	-5.00889135316195166502951e-01	 4.02992157937967776515364e-01	 6.71818002124561108878709e-01
-7.54737082201026171501823e-02	-6.60761270278410361989074e-01	 3.23765425679848339868272e-01	 6.72959294609945191112388e-01
 2.39926356580851180000380e-01	-5.58150119421675250386272e-01	 2.35037901053366610204520e-01	 7.58723251703699808068393e-01
 4.72496772425912647808133e-01	-1.65626693878370367940533e-01	 3.55779331955932087705463e-01	 7.89136024570546878997845e-01
 7.69801692822973393504071e-01	-7.39443369241488540621887e-02	-7.78590753758893472369351e-02	 6.29186421615520852235193e-01
 6.98947685347179881176771e-01	 3.24062399507302756340721e-01	-1.45144864131181411393001e-01	 6.20796796697381414453787e-01
 3.05013183538703935848702e-01	 6.13742838601780249518924e-01	-1.43626238600257971622653e-01	 7.13903487537465353263144e-01
 2.05025907545874040704970e-02	 7.71040864389284985591644e-01	-2.53683075978950352269425e-02	 6.35949745014331213610603e-01
-3.29838510032755216627720e-01	 6.22649559571739730223783e-01	 4.11786338206060059663471e-02	 7.08391419612885431256188e-01
-5.51717460397451731068941e-01	 3.29802427718708768278333e-01	 7.92405915882070654987501e-02	 7.61944309781353634747347e-01
-6.49291040363882188124478e-01	-3.65949515210396217335109e-02	 4.67046693613785701693075e-02	 7.58222017806265524697551e-01
-6.19344687205868771329165e-01	-3.60176556488848942372272e-01	-1.18708095678858607802120e-01	 6.87454285466312930985566e-01
-3.19410392411322963113207e-01	-6.47096875365229085019791e-01	 4.87098963422702355141602e-02	 6.90557731917127326504158e-01
-4.55243799648926000811500e-02	-5.01951154069263938417578e-01	 5.59690699330627483565337e-02	 8.61881681536493804429711e-01
 5.58610316275643059569234e-01	-4.62616305426306217984944e-01	 1.41980958388666561598157e-01	 6.73633487854617185597306e-01
 5.18998221393218051034069e-01	-1.70769708787136847982779e-01	 1.24842516944179728055619e-02	 8.37450115655292703920054e-01
 5.14932902985592577671525e-01	 1.15959023978767394869038e-01	-1.85161115204184822946587e-01	 8.28922777824970036242291e-01
 4.79023919174160317524525e-01	 3.40770160945063738111571e-01	-4.33801767537989324541314e-01	 6.82808764405832158139731e-01
 1.61521370029392791201062e-01	 5.16449111092318502436171e-01	-4.50630363002853362441869e-01	 7.10016505875531556135627e-01
-1.15940427277835447772425e-01	 7.00159121991046462518682e-01	-3.61205964320189865102151e-01	 6.04867979442524128508296e-01
-3.60287366383410190273651e-01	 4.79191967079967029441434e-01	-3.04106317539063530919208e-01	 7.40329264546099374832977e-01
-6.36156683787247434480605e-01	 1.80062141842600137442432e-01	-2.58915010599717387851371e-01	 7.04162847666657043532723e-01
-6.20236160800866076492355e-01	-1.48472899782995465534086e-01	-4.00527559606620453536152e-01	 6.57906206735121013018386e-01
-2.99498137457065383149057e-01	-4.56120466084158737718468e-01	-2.26495848427665957824928e-01	 8.06817585780051360622167e-01
 1.22112160687140192810718e-02	-6.81048177984330704859417e-01	-2.02279198746231181349486e-01	 7.03638679451982218537864e-01
 2.99338570063013675870423e-01	-4.86934158803369376844472e-01	-4.19056123318476025918500e-01	 7.05466874468515192653228e-01
 4.29533191351078591502244e-01	-1.76310452706521847421328e-01	-3.85125087299680424202108e-01	 7.97555345368954671236850e-01
 2.24990140358345719340250e-01	 1.16681696111266858251199e-01	-4.99167741633757378050262e-01	 8.28611117621761206208930e-01
-8.24749251502463615048910e-02	 2.96082722620000293733966e-01	-4.12213760675740004124634e-01	 8.57678683189079471560490e-01
-3.85136908012424783454009e-01	 1.06608468167332853804297e-01	-5.12083740970197043296253e-01	 7.60312066743394465717643e-01
-2.57958927966708273515906e-01	-2.42985278778912600072815e-01	-5.37929052967602960855231e-01	 7.64884095633043492590275e-01
 1.71009146788933981409020e-02	-3.59673736089646811642240e-01	-3.10201847057333945922863e-01	 8.79839290078977431797114e-01
 4.04723853379521048001521e-01	-3.17991573072821526180221e-02	-6.80569248216370659143593e-01	 6.09928614251194711748383e-01
 1.11869411631088613856555e-01	-2.01321283523593852482492e-01	-6.00137014632162513194658e-01	 7.66022544844551123155441e-01
 4.52130572518279136295938e-02	-1.03985187185375291263334e-01	 8.42180183141300831017872e-01	 5.27138880584661739803209e-01
 3.45916697770499881325890e-01	-8.37574298231542752057877e-02	 6.71126674088203256651752e-01	 6.50319397281273414712643e-01
 1.50782897255010817083587e-01	 2.35915888788348071525292e-01	 7.24975399707604939436578e-01	 6.29300310766955917074483e-01
-1.67173953526692953275301e-01	 2.25619619914780716873892e-01	 8.18506396016715265240293e-01	 5.01194509199266113874671e-01
-3.17609601260422591550991e-01	-7.55516424714871431822516e-02	 7.65069201996110614949487e-01	 5.55054237587725096680913e-01
-1.26702609949805478084528e-01	-3.77763479928346246339288e-01	 8.53880630235991588961042e-01	 3.34856792035220618419800e-01
 2.42323981336143051690257e-01	-3.73097887981762299514088e-01	 7.67147724079407566932787e-01	 4.62127064228804840251286e-01
 6.21015964473650927679671e-01	 6.68596381866835565155327e-02	 5.29259092281872178809010e-01	 5.74241912339543358889671e-01
 4.55524317682812651675306e-01	 3.88983457251326991688245e-01	 4.20834782905519955154006e-01	 6.81239716605892886569507e-01
 2.75722591252664406269446e-01	 5.55432001082834636562779e-01	 5.94242577991027531858492e-01	 5.12199280894274577846659e-01
-1.46036771023532491176056e-01	 5.16029257769149096723993e-01	 6.28482836009196854654135e-01	 5.63379438280346200862425e-01
-4.84917313575656705459949e-01	 2.70932167614206409478328e-01	 6.27918511450249017258329e-01	 5.45132371561751427613274e-01
-7.13892505723583981058766e-01	 2.36716232992778358168451e-01	 5.90132303025836857379716e-01	 2.93371403232887240086768e-01
-6.39074874700861217391434e-01	-8.41552491340523262097761e-02	 6.25500170330293259191023e-01	 4.39602929341966708332023e-01
-4.47932719691354119806448e-01	-3.80810561715558215656330e-01	 6.52457932024892994782306e-01	 4.78161313422142075779675e-01
-1.66401473185880000027481e-01	-6.46873422901196981626981e-01	 6.25349843724687382007232e-01	 4.03488410514065476419887e-01
 1.47732697384486827418826e-01	-6.35751834528567427717860e-01	 5.42162399190881383326257e-01	 5.29201840435813308793911e-01
 4.46884590951354798704642e-01	-4.28640630654396115328808e-01	 4.93856102064675006602101e-01	 6.10465005201712762605837e-01
 6.51256237549769245731568e-01	-2.52679492899441970887864e-01	 5.92363167820048164280422e-01	 4.01402870356948382468687e-01
 8.36668841312739108850849e-01	 2.03658496947856426650958e-01	 1.39024247804661521543679e-01	 4.89061064816743495953233e-01
 7.03290941109840916922735e-01	 3.70759621972024777658561e-01	 4.21106914378057417547296e-01	 4.36563994771656471716170e-01
 4.36179330727378689047669e-01	 7.32720708545577248393954e-01	 3.74384655841917601826196e-01	 3.64285717788678020667703e-01
 3.06726110002753134253783e-02	 7.63549893970109305740834e-01	 5.01257526720907287121065e-01	 4.05945368563677300155490e-01
-3.39926799848009886240163e-01	 7.12004629691060819673964e-01	 4.89240957891346972541413e-01	 3.71675211932601001763032e-01
-5.62636911380903548263177e-01	 6.78464271144144870362425e-01	 1.57185964691752722011131e-01	 4.45441928018147692558415e-01
-7.07642872722351490288872e-01	 3.84409025167056384031383e-01	 2.82399712323079254971958e-01	 5.21269286007926768711229e-01
-8.09505713601560428216430e-01	 3.87772561437254303928768e-02	 3.24975488970450254733180e-01	 4.87429744292251276860384e-01
-8.41756931605077474145560e-01	-2.82447002575719308126168e-01	 3.39456457230037478289830e-01	 3.10545121480967245553018e-01
-6.22615211701963544577154e-01	-5.51716209326489126496540e-01	 4.37687699385646000749261e-01	 3.41158321502245398537667e-01
-3.58350114545212705685628e-01	-7.60156329746942138747556e-01	 3.49422595405145586244799e-01	 4.14308338766459172131107e-01
-1.97656269545477270010991e-02	-8.77307217850248455270901e-01	 3.12738946567577502655411e-01	 3.63504768605244499291018e-01
 3.69200674010343510289545e-01	-7.48104108454922589466207e-01	 2.80270247521639037646679e-01	 4.74847021236663779930609e-01
 6.72506155995807430869604e-01	-5.24653614139165669350007e-01	 3.37260989329809746095634e-01	 3.98408183142279603838887e-01
 7.56711037229486516153543e-01	-1.79291275788326487372615e-01	 2.71160611842787946379474e-01	 5.67199230558640521415725e-01
 8.75766697836560359391456e-01	 1.23960715481738162346836e-01	-2.48069518719402748452296e-01	 3.95130289727358696705295e-01
 8.38620943702294341370873e-01	 4.43399679989228800991441e-01	-8.01704999982128657665115e-02	 3.06078956315783912156547e-01
 6.25026645477491982205720e-01	 5.60559188152906950897147e-01	 1.36692246586013199660670e-01	 5.25766410817366636187842e-01
 3.89942549015782791155260e-01	 8.05224776566289879298211e-01	-5.37456912400952491887240e-03	 4.46686670584173439735309e-01
-2.21763409961935720193793e-01	 8.60216664348470660961254e-01	 1.95352172980009203273610e-01	 4.15554820560697979470177e-01
-3.47746536547593965149616e-01	 8.08370043668686255600164e-01	-1.23693138823637305279135e-01	 4.58595929142633917940941e-01
-6.17074735157761233850238e-01	 5.26449388436771581467610e-01	-1.46532284246726179910425e-01	 5.66213830913697258040429e-01
-8.27569373124639628969135e-01	 1.77451251747287819249266e-01	-1.28180555354693581637804e-02	 5.32424345209440263992917e-01
-8.38437378307533620613867e-01	-2.13909907750788635949490e-01	 3.52110761761608298536785e-02	 5.00025493487437744377644e-01
-6.27686377772518344642094e-01	-5.27787537986872723472231e-01	 1.63733201513302589757970e-01	 5.48307910417837440775202e-01
-2.39334263634327332193052e-01	-8.61171657653669431198296e-01	 2.41240756042807487358193e-02	 4.47795171122785218287277e-01
 1.04738036963789596378582e-01	-8.25537170739548797904206e-01	 6.13706810470734734352938e-02	 5.51136972855325146802841e-01
 3.57556182599686633860614e-01	-6.73102589217022040379845e-01	-1.03924221559831594929868e-01	 6.38972798206045355939864e-01
 5.93079608495802323986368e-01	-6.99128316705062702318685e-01	 4.09000588048564865661927e-03	 3.99323736609169033240363e-01
 6.18736135795312836016535e-01	-3.92529612293932850253242e-01	-2.05830456173545478515408e-01	 6.48629263173385761653833e-01
 8.15771468379545172666667e-01	-3.96449022766848013787921e-01	 2.00851688528743584083447e-02	 4.20644350630367647170260e-01
 6.62882489508927807975169e-01	 3.11878274330489070609307e-02	-4.26893626844049245416812e-01	 6.14309332407042663071195e-01
 5.67330093180981598344204e-01	 6.11155733587959271169154e-01	-2.46401139528528406730246e-01	 4.93874187534502295804373e-01
 2.18621534642294251815642e-01	 7.87818345118794560733022e-01	-3.44330189421957866269253e-01	 4.61501462985298260832678e-01
-3.28364398329490728145608e-02	 9.25323489455573966466773e-01	-1.56366170301710627477121e-01	 3.43871820401198013961164e-01
-1.11303572755899859991757e-01	 8.17327518801157393291135e-01	-4.95822628928691666594375e-01	 2.71564287682229954512536e-01
-4.26745819898916078916074e-01	 6.66595087505118200077447e-01	-4.33046180326897844903300e-01	 4.31288766625250452602103e-01
-7.71718030908615904017722e-01	 3.61253344099651485521463e-01	-3.47603082912341210253260e-01	 3.91304739170359738853477e-01
-8.53298928696920588876651e-01	-4.27884367095640455458394e-02	-2.70862472992508873659290e-01	 4.43490257720529801321874e-01
-7.67351943497736055377345e-01	-4.11013324997958007234189e-01	-2.82132281327597045361699e-01	 4.03287016053401059512140e-01
-4.77033376137738607258854e-01	-4.59461133799695109480865e-01	-4.57776752441630740975143e-01	 5.93106288536990322590725e-01
-2.61222448491945646864565e-01	-7.20864325217372092780010e-01	-3.42048007506766615914984e-01	 5.43250050707247300607605e-01
 1.89465049054836603970031e-01	-7.12881452851032659800978e-01	-4.76968577767688861612783e-01	 4.77916316095106152861405e-01
 5.37246449191322694716177e-01	-6.19800167011778091463725e-01	-3.67560235619499520165476e-01	 4.38307516470828661958592e-01
 5.83419433914477258973363e-01	-3.16750702460140087790563e-01	-5.43551032201121331333127e-01	 5.13656531171379548972311e-01
 8.26152309227577319461489e-01	-2.60098848715529684660908e-01	-3.02159510844019874031829e-01	 3.98146431431075975559963e-01
 5.34360712267179960299757e-01	 2.37184132688247034659312e-01	-6.89482454092938623624320e-01	 4.27570183577170304101145e-01
 4.10694898478168812783196e-01	 5.65602345271487005895494e-01	-5.65535405518094114185601e-01	 4.37713824882062840782027e-01
 5.61152361307817870716974e-02	 6.03248175850971235512077e-01	-6.63550595922368424695037e-01	 4.38911523268109560191874e-01
-1.64594128299591246911149e-01	 4.15412104014948990737821e-01	-6.29504755566765550334196e-01	 6.35661324516442194365595e-01
-5.19076158864718695262752e-01	 3.71117220875860742701491e-01	-5.35339177105425334524114e-01	 5.53393092768344030396577e-01
-6.89642895098769637129976e-01	 7.28227163340994937401618e-02	-5.62209754602191136285683e-01	 4.50566000776417785456118e-01
-6.60418026709374550442533e-01	-3.10640593816788102010662e-01	-5.96805992805446661186863e-01	 3.33426241351748142704992e-01
-3.11675968727450625195274e-01	-5.23735860111594897503551e-01	-6.89140177631486605669409e-01	 3.91975324382819012569712e-01
-6.73870328422359610165415e-02	-5.33149271030130322834850e-01	-5.46624767065228889251216e-01	 6.42193278254798105564305e-01
 4.16014131706477829908408e-01	-5.65996376594718242358795e-01	-6.62534539256847465615863e-01	 2.60054471589842572942786e-01
 5.17247042323695671584005e-01	-1.70100537717887773103698e-01	-7.83716986756162969918194e-01	 2.98846095750496587584166e-01
 7.56706037954334664874523e-01	-1.80140374320199581070767e-02	-5.72644989424026751301255e-01	 3.14879632028505607177493e-01
 2.09470341958701927742581e-01	 2.89450599730593394198763e-01	-7.16689010871692788740006e-01	 5.98913506151813934685890e-01
-3.45124004189834243661039e-01	 1.76829853125587133089169e-01	-7.84416146056800100971884e-01	 4.84057780209093846401913e-01
-4.24417085018909900906436e-01	-1.55975839969863416811791e-01	-7.15146620135935995321574e-01	 5.33016873089299236809779e-01
-9.48361476400612218862207e-02	-2.93254946255257942233641e-01	-7.98092491767180667316950e-01	 5.17741263743263013807905e-01
 2.67331263064411239760432e-01	-3.82318572335758499747271e-01	-7.11422183590022960686383e-01	 5.25590127125251216355650e-01
 1.35356617505601822815109e-01	-3.95291840614631559414072e-02	-8.67614894083725163298482e-01	 4.76823264185970374651191e-01
-8.30309662285045879670520e-02	 6.48871891870988759531969e-02	-7.11024743078104703997155e-01	 6.95226097077255800193996e-01
-1.43901167350598740979351e-01	-3.25482114489490867437205e-02	 9.58346666270552871580435e-01	 2.44550066887594785836058e-01
 4.62281942980703686174593e-01	 7.03993335467665154459027e-02	 8.82044377814558799855149e-01	 5.77672450086091984755576e-02
 1.78965914988257424056428e-01	 1.42768075098334501493724e-01	 9.21221306364115366527301e-01	 3.14546948333511988682432e-01
-1.57160387191983164090203e-01	 3.16541187709269311589821e-01	 9.25092404213029295689807e-01	 1.38947230446051839258814e-01
-4.61660578245330244229194e-01	 1.27194834598631845157257e-01	 8.36181562942562073281749e-01	 2.67378717067287385855678e-01
-9.81199793367879130601139e-02	-2.16866972320851503219785e-01	 9.68697728472554198120292e-01	-7.04691196443454070941215e-02
 1.68936703579284530629678e-01	-2.22338609747460363985638e-01	 9.44575258275671236773974e-01	 1.72636943476131066166346e-01
 4.53003418661465540040467e-01	-7.82723457822953327944759e-02	 8.13074517266380691893346e-01	 3.57171068171547201330895e-01
 7.13988738298171554674809e-01	-1.52972618318154923722219e-01	 6.78781463367487236659770e-01	 7.79434706499906176935255e-02
 4.40708907463145171945484e-01	 2.74671139526505292405290e-01	 7.29632211037846811763075e-01	 4.44936243308943102370279e-01
 3.29755459065368294879761e-01	 3.85845807303597576609633e-01	 8.55600935654710847977356e-01	 1.01643441055518882198960e-01
 5.74444225319760276571301e-02	 4.74053767031539119436445e-01	 8.12028902431046639698309e-01	 3.35532749370020477730492e-01
-3.84725114847737914569592e-01	 4.80381800590403362782865e-01	 7.35840343489465587012432e-01	 2.82416183247742258455304e-01
-6.00392576813738698682243e-01	 3.27813330663814073151485e-01	 7.29393650107987845387925e-01	 7.21644844797256733437418e-03
-6.40571467971347119352288e-01	-3.43790937528043391568922e-02	 7.67084066341312098558092e-01	-8.26483508893112103765866e-03
-4.20317014518711618009661e-01	-2.28756481398985744846186e-01	 8.53823184231909504404712e-01	 2.04914737371705901747276e-01
-4.23579839906601474108783e-01	-5.70909577623378572397428e-01	 6.84620318166715757790541e-01	 1.61050902996221351193284e-01
 1.23278070542070586346206e-01	-5.90080876974967027948082e-01	 7.72760327550828018949858e-01	 1.98616595770382320385039e-01
 4.53041646544065201851481e-01	-5.73834764239315453515644e-01	 6.12781000959463528765525e-01	 2.99943952614766973230331e-01
 4.60404891783563807727830e-01	-3.47521400246334877248700e-01	 8.10575307598820349319624e-01	 1.01113217255063364552470e-01
 8.53131682251204837008629e-01	 9.54209919625542864196621e-03	 4.20890964333967776411782e-01	 3.08100758233700477983774e-01
 6.94475529913592071196149e-01	 1.83049898760245494111487e-01	 6.62295860220913801263976e-01	 2.13449447057937696792251e-01
 5.58487518324226162036439e-01	 5.09818725821357898730923e-01	 6.14772039634876921176954e-01	 2.24124737503711840558296e-01
 2.43124089116654673592421e-01	 6.76290957543036364008060e-01	 6.77586505392820281912236e-01	 1.56197777661097159107584e-01
-1.30122751803641162338110e-01	 6.92100910109371025846769e-01	 6.97892969241874161490102e-01	 1.30421636132925178319653e-01
-4.94343004499496585513185e-01	 6.68131386588218800781647e-01	 5.56051517692515595570057e-01	-5.67043472453255918697135e-03
-6.44201513185818308571129e-01	 5.49309231118652374625810e-01	 4.57257480219808276622473e-01	 2.72358909896424528085390e-01
-8.93126595865474381952254e-01	 2.83080533577802995193196e-01	 2.77056831842857564929261e-01	 2.13142692101452785324867e-01
-8.57820481553287050857648e-01	-7.47392569844693935993130e-03	 4.96054660611421172067281e-01	 1.34230903848662486144150e-01
-6.91176625169466096743065e-01	-3.19893053764482127032664e-01	 6.30068700111477530967363e-01	 1.51514818128177686240576e-01
-5.04248268014900524747191e-01	-7.59336809880235441561069e-01	 4.10393235179939142032168e-01	 2.68083174299233797932551e-02
-1.77986509469288040063972e-01	-8.20475216365684323349683e-01	 5.30491913329067532600902e-01	 1.17130489920806546422227e-01
 2.04202763160407918530126e-01	-8.10169829707101718518913e-01	 5.11308328476573703547103e-01	 2.01220952637921030037305e-01
 5.41269313960228815041376e-01	-7.56512297908476405439160e-01	 3.40403635721612030096139e-01	 1.37266302003690221500420e-01
 6.96205411643540439392552e-01	-4.87428316182865972727711e-01	 5.25332791559525946745168e-01	 4.16787655006755977660227e-02
 9.46633487290286290694041e-01	-7.93903831373891089029371e-02	 5.19915405615072739875515e-02	 3.08024491746957340687629e-01
 9.08657286830840682512189e-01	 2.77161408666795505695291e-01	 2.60004169959844932957793e-01	 1.72977802733602969986748e-01
 7.17796262955142982953305e-01	 6.06332819428555991336793e-01	 2.66939078986777100777061e-01	 2.14178815668451510978443e-01
 4.21669906244311942788983e-01	 8.89076402113571750973620e-01	 1.42123344497077780390626e-01	 1.07417858485750569719208e-01
 1.28590933721660832800282e-01	 8.94409912317212341115180e-01	 1.87419528016305847462064e-01	 3.85187228541463033693049e-01
-1.73492153702419965588533e-01	 8.93797918481768816079125e-01	 4.01790258797371568899592e-01	 9.79302887614168088292743e-02
-5.01904821745522533582573e-01	 8.14116556411250802405277e-01	 2.53438143610150767859324e-01	 1.45171932029310724043825e-01
-7.67587869426676450146374e-01	 6.19058973419085667444506e-01	 1.51754983721190422896186e-01	 6.74186550897055703046590e-02
-8.34992188265441859229554e-01	 4.48779140276140797727322e-01	-6.25860041038765399501465e-03	 3.18349114510469155536754e-01
-9.68202368703494964385925e-01	 6.50128924367546949872332e-04	 9.30529396835480804295315e-02	 2.32217357201336682681614e-01
-9.52109993289021683260387e-01	-2.55062211796748483649822e-01	 1.68605470265307144650535e-01	-1.42274001290842262365532e-03
-7.77796412299724293504255e-01	-5.47125129326745618385530e-01	 3.06835437256223308999381e-01	 3.92281571916355265017273e-02
-5.76269043512851242283546e-01	-7.68640028845461342754675e-01	 1.24748835164844293355024e-01	 2.48081082854470419407633e-01
-3.04508687253465193389701e-01	-9.33784142163674002468099e-01	 1.60870355336312859106940e-01	 9.71718272175175895588595e-02
-4.65527385459982723930894e-03	-9.87190403059024612630878e-01	-1.13420071742302008832581e-02	 1.59074810723630805098239e-01
 2.97098954602028841875949e-01	-9.23260631675782317273615e-01	 1.45569317207995790885988e-01	 1.95273119142433643213863e-01
 7.82368892495438394973917e-01	-5.96842508588045106421305e-01	 1.34006545828050771529405e-01	 1.17133179215049773591595e-01
 8.70133979765241760695460e-01	-3.01007128620786268413667e-01	 3.40285329417293447296089e-01	 1.90964552628846540027752e-01
 9.32221792434924756420855e-01	-1.03375847856346125830385e-01	-3.29597068637865697748879e-01	 1.07896877316833089688330e-01
 9.77832628470444942259121e-01	 1.73552364718395080167568e-01	-7.16478762545019048912920e-02	 9.26796052400613301625043e-02
 7.70235790807460074525181e-01	 5.57262816904875557533217e-01	-3.08937956733268126452430e-01	 2.74284221916534232121876e-02
 6.49455653852561654026943e-01	 7.29438542767018471835172e-01	-5.90037922646216364541694e-02	 2.06507429656329510869739e-01
 2.86053986005229576861097e-01	 9.24673161079663796790840e-01	-1.87354357998859050171703e-01	 1.67484347950182271835828e-01
-2.83320152482124054671431e-01	 9.52779876313920803809765e-01	 1.44003503796789888991015e-02	 1.08318181288638779036226e-01
-3.78995224044918144201688e-01	 8.62478105899007752022101e-01	-3.05511978406698636590022e-01	 1.38407254311423172365991e-01
-6.38163953028690333901807e-01	 7.17653958970041472298362e-01	-1.43508028805042320286134e-01	 2.39008388760547418883107e-01
-8.33476186177330546911435e-01	 4.99753336295460537375135e-01	-2.34398993084113022034032e-01	 2.49231213535190711250156e-02
-9.47213185373244170861540e-01	 1.75044970667838334366095e-01	-2.07816647757938455232107e-01	 1.70172502519122165187682e-01
-9.44023637724309860885796e-01	-2.40645420563482509423991e-01	-1.68963310593579663088093e-01	 1.49534453062975358772491e-01
-8.24563497003929612994000e-01	-4.98950779348942830004887e-01	 3.48153669611925842275468e-02	 2.64444794653043824261829e-01
-5.47046794876696051979081e-01	-6.69936303934870913678878e-01	-1.41445580957128141941226e-01	 4.81578966020027421368610e-01
-3.56664845822750042891869e-01	-8.85303869564724621454843e-01	-2.08539597928465464393710e-01	 2.13397475111101631028987e-01
-7.85383580853349361206028e-03	-8.88587042831776363627228e-01	-2.62200582387351943669529e-01	 3.76300729696747993102690e-01
 3.25883145999385726021558e-01	-8.62231073404518655323159e-01	-1.83284936108075530158956e-01	 3.41708038250629175802686e-01
 5.51807383692372144246008e-01	-8.29130824440283631382442e-01	-5.69994612405406927968521e-02	 6.92946511921581631554545e-02
 7.66960956442712005198814e-01	-5.61508235299824520758705e-01	-2.38241365445517522259067e-01	 1.99299886536879661269595e-01
 9.42102531791138786410045e-01	-3.26082612475327382473012e-01	-5.07456901401403120965838e-02	 5.94796130299522426976289e-02
 8.66549236147131973773128e-01	 2.35758030543898322584084e-01	-4.32043919673045562213076e-01	 8.27564126846724312791537e-02
 7.20372517698288139520457e-01	 3.97358240822206332243383e-01	-4.44255416074856857022723e-01	 3.54692810025614757574175e-01
 5.13330368732586306279586e-01	 7.44737345441971010373550e-01	-3.89054124553340763270626e-01	 1.74628482811215346437450e-01
 2.10013131873027225626771e-01	 7.75220507276954351461029e-01	-5.74148509457938938105315e-01	 1.59000435928242755956319e-01
-2.59632387819459312106041e-02	 9.55996885973436794081692e-01	-2.92149552806524437364999e-01	 6.67105958534016177385872e-03
-3.46769885084837414801484e-01	 7.13194110444866469222802e-01	-6.08686125010121870104740e-01	 2.46172469046985510632286e-02
-6.27295334120807845934564e-01	 5.83194523083569449362074e-01	-4.90346993977074652182324e-01	 1.61073081342721025066567e-01
-8.09361933487009466148265e-01	 2.47353089078669513556363e-01	-5.22929389691828117037176e-01	 1.01462127623768619266720e-01
-8.55128389132321586885155e-01	-9.91314920004626870531084e-02	-4.86869760231079862222714e-01	 1.47939926883358829901027e-01
-7.81811304441526688790987e-01	-4.63168047912084046568992e-01	-4.12274366717531093318172e-01	 6.53933497261502544306566e-02
-5.28114469762990590417928e-01	-6.63651125729392332708301e-01	-4.48219862917654199296891e-01	 2.82420333246643284752508e-01
-1.81254446979741218326510e-01	-7.89860208806815733417750e-01	-5.34844864650078188894611e-01	 2.39183291120348084923819e-01
 1.64991730955493798305156e-01	-8.23381387316741930604280e-01	-5.21820955431101629606871e-01	 1.50079013221834894897810e-01
 5.13103561375516381559692e-01	-7.48132148701191157513790e-01	-4.06437643416551364072831e-01	 1.08772539721663230594118e-01
 7.18166249213925911298873e-01	-4.03698296360745556565774e-01	-5.39852957848780179439530e-01	 1.72695419474160144490682e-01
 6.47471494359325161482843e-01	 1.95720450725735267694105e-01	-7.30071201665775659783719e-01	 9.73150022252877860973186e-02
 5.59065901875557713651688e-01	 5.24225035416021833967193e-01	-6.36334554414285213930214e-01	 8.78166525296485284135528e-02
 2.89260246589782665793678e-01	 4.63600099968169865327638e-01	-8.06038992249150987312589e-01	 2.27386455239299900554784e-01
-4.80136652154219342736319e-02	 5.97335354432635634580606e-01	-7.94654506018600548244990e-01	 9.70019502987075066258171e-02
-2.89001676048017186460015e-01	 5.39150170489318125710554e-01	-7.18506690197969311029169e-01	 3.30973202908536934252481e-01
-5.63552781479809028475358e-01	 3.34528483041843516243574e-01	-7.18747530418273439245525e-01	 2.32165768445150022536438e-01
-5.85133466251746336972417e-01	-3.51736516038828788202619e-03	-7.81434316267786921450522e-01	 2.16718398327510441969679e-01
-5.24208874152239046040336e-01	-5.52151210606175224526737e-01	-6.47422845036488836534261e-01	 3.43184587508773009112417e-02
 3.44392360973092420683983e-02	-5.80990844330403710671362e-01	-7.45708900226362936258795e-01	 3.24317458587210338816220e-01
 1.86711036941797164923074e-01	-6.05481450330470849507947e-01	-7.73647566046855361676648e-01	-8.03454793314380220220494e-04
 5.04205325855231589748939e-01	-3.98934138764781953678806e-01	-7.65670932434675211020192e-01	-1.94052964892682290598547e-02
 7.32575483390164872155026e-01	-1.33851525554080891255992e-01	-6.67085092236118892827790e-01	-2.03570616455406652733906e-02
 3.24407667198961191523665e-01	 1.36550432461520571125746e-01	-9.01246832820698395849490e-01	 2.52720777119254724762953e-01
-9.56554402311821615201293e-03	 2.91635947188374211602735e-01	-8.78685752249296458948891e-01	 3.77846957734437494114133e-01
-2.55691966764916289722720e-01	 2.67056586433438769567772e-01	-9.18572812854381304248363e-01	 1.39736842884037787415608e-01
-4.15047266463043462714211e-01	-3.11581887728972717344078e-01	-8.34285567215889312109312e-01	 1.86064736519489654087423e-01
-9.78027016233645740683755e-02	-3.50054811899969564592539e-01	-9.25471316501403018506267e-01	 1.06766579761683993998744e-01
 2.21174420417194567134445e-01	-2.93553813253308260033947e-01	-9.00106731331273834939566e-01	 2.33914314845607984594267e-01
 4.35301824701046946586303e-01	-4.41254774039472885682756e-02	-8.99093765226125607448182e-01	-1.39880301444287383216825e-02
-1.94774301194251986402151e-01	-5.48176873241898801603078e-02	-9.24754129259090396075749e-01	 3.22316293675916853977981e-01
 4.44947758816429325690045e-02	-5.37151451802273666169540e-02	 9.30118116470417422014805e-01	-3.60576188219678073210162e-01
 2.93082422000258802086137e-01	 2.52103336160724389447552e-01	 8.85059943096333512357887e-01	-2.59259520437360890809941e-01
 8.37593017697335767701716e-02	 1.17949481890862337141179e-01	 9.89099828499053757013826e-01	-2.74559347294249904425367e-02
-1.15383280859140749385894e-01	 2.54994370228315447857170e-01	 9.12512348933401384876163e-01	-2.98304848592998606005011e-01
-3.33201740106103982963504e-01	 6.47035004092587073820653e-02	 9.38211364903665523407028e-01	-6.74499235778249356387803e-02
-2.99810720697370802767523e-01	-1.10558685345103172026349e-01	 8.67189890226319315402748e-01	-3.81931935217454721076535e-01
 1.76165000279761202461870e-01	-4.58813162214087577606136e-01	 8.60260156549058074837433e-01	-1.35679172719069679464710e-01
 3.22380715137524698210569e-01	-1.39107200012388687593301e-01	 9.21698588232180870960519e-01	-1.64898677565758988716738e-01
 6.20777660964183963798746e-01	 2.24990773439270909384025e-02	 7.47276499444750608169841e-01	-2.36022711924315620191095e-01
 6.09366219163566480432337e-01	 3.41024801567025082071893e-01	 7.07934295666795665447069e-01	-1.05848612070398334639165e-01
 3.71009904469108031666025e-01	 5.69971015419729165607521e-01	 7.02073850300585111661178e-01	-2.11132662303438606299366e-01
 4.37632053329861520074573e-02	 5.09495633854988527744467e-01	 8.54509349637021409229476e-01	-9.11742964031029556881691e-02
-3.21613848915276445694644e-01	 4.73374823786265497282955e-01	 8.13878155885438991923309e-01	-1.00414918033831332411232e-01
-4.88563732019011764950989e-01	 1.84476964853560604362670e-01	 7.89573553073781297939604e-01	-3.22253523612261283393110e-01
-6.20437951508159613034366e-01	-1.69523704987580264846869e-01	 6.85041442724043547762847e-01	-3.42106245961986854542403e-01
-4.24895488951400002175518e-01	-3.31226839242718895661710e-01	 8.33030036426736675281290e-01	-1.25751989427199478699393e-01
-1.50303021924692720157068e-01	-5.34983213822750047761190e-01	 8.31381830205581318082864e-01	 2.49297657529106830159860e-03
 4.34902109456634378137352e-02	-7.60873097126266717538101e-01	 6.33801777803723154214310e-01	-1.32196966963031514730176e-01
 4.00043723485213054136267e-01	-6.31660951838371009792183e-01	 6.61030442370725945799848e-01	-6.33104689754538235701986e-02
 5.37725483817081295612184e-01	-3.37100318599161452581825e-01	 7.24589019660774269482317e-01	-2.68673466946529659882259e-01
 8.55928337986904153034118e-01	 9.79577608619035533621400e-02	 5.03489161026523968089919e-01	-6.54952062879790575244954e-02
 7.83062615779595905252108e-01	 4.46911213885276104029742e-01	 4.29214334018556908922903e-01	-5.34636525595909642416537e-02
 5.02412576210598205150859e-01	 7.21211652221587673494696e-01	 4.76785158846274370603169e-01	-1.05483775610488664936648e-02
 1.19852309974000051373544e-01	 7.75236971713394451555246e-01	 5.93620345262215631798597e-01	-1.79604975357894658394287e-01
-2.25440225922962145244099e-01	 7.44948059705315412948323e-01	 5.94719163945594764264513e-01	-2.01341026402823419783061e-01
-6.41242404906148144583256e-01	 6.67132025856232102611898e-01	 3.00514270810238071085507e-01	-2.31158411628324927944433e-01
-7.96460174322242364652880e-01	 4.15921691429926465577438e-01	 4.36610978390760462453102e-01	-4.50687348980988514157708e-02
-7.81092749881423409341608e-01	 1.34686600037025761000820e-01	 5.67536109306653657746722e-01	-2.22837161367238328901763e-01
-8.33280428909952686211682e-01	-2.33073301635248641971998e-01	 4.81489584211371002275826e-01	-1.39600656002939194078039e-01
-6.21897108504020135200108e-01	-5.01521240334389717396846e-01	 5.78892003937374499678015e-01	-1.63108797142168499005876e-01
-3.14306170308497279108906e-01	-6.88338735331199491618293e-01	 6.25953435931888457766092e-01	-1.88636456693063808698341e-01
 2.18445137693090048192079e-02	-9.53899761781353383582882e-01	 2.98768634007104405547750e-01	-1.83129742311033093249417e-02
 3.35887427873823585233737e-01	-8.44074388376248263554658e-01	 3.97262136285362443821612e-01	-1.30003299025675811417813e-01
 6.09149530383427784130390e-01	-5.71968800449139669339615e-01	 4.68454023338464808912107e-01	-2.86948373343406559765612e-01
 8.05898369742537479254452e-01	-2.24700439621742409368466e-01	 5.05664920595678357706504e-01	-2.10571883591049391348804e-01
 9.38398876183456742694489e-01	 2.14942148512292402484647e-01	 1.86807125418365471691828e-01	-1.95730733058128381074425e-01
 8.65220949495845381704839e-01	 4.99175718007422886124402e-01	 2.85934884153621650393351e-02	-3.73995123701145043559890e-02
 6.64579734197825566788254e-01	 7.16413909758312539288738e-01	 1.70009632036986074732354e-01	-1.27206964483100121166004e-01
 2.28912832110674840935260e-01	 9.53774739284712680387202e-01	-5.16991927715279159238904e-02	-1.87722815513248125762757e-01
 1.80686021850877454042461e-01	 8.87622969946830986387454e-01	 4.11861800058912708166758e-01	 9.92364972311281651196069e-02
-3.54462859887665737712581e-01	 8.75921090316370887229880e-01	 2.65482146084774606187295e-01	-1.91409390076505259159489e-01
-5.57038530363209383189371e-01	 8.25723673798153257052945e-01	-2.99306366688506762796518e-02	-8.36220497756086367235895e-02
-7.81287664029522876951717e-01	 5.55267929502912593875408e-01	-4.10982804856020213224443e-03	-2.85044245362454928827134e-01
-9.39468400091484912017847e-01	 3.31429394883643035907284e-01	 5.71044788510677928106141e-02	-6.55191569829450815021232e-02
-9.52759299811826942949722e-01	 6.82851885036937916728661e-02	 2.70677967187527956927084e-01	-1.19667404636015037300290e-01
-7.89329444185716821991150e-01	-4.62779567356286281043509e-01	 2.61725045637781095209107e-01	-3.07073445717628956685985e-01
-6.23688241947844668189305e-01	-7.59087319441326235924805e-01	 1.19829841945002166236911e-01	-1.42969322929167613756007e-01
-2.78234311797089073348133e-01	-8.80548028317254316554852e-01	 3.06252600434440636067990e-01	-2.31149696717385361166563e-01
-7.98680534201183650599987e-02	-9.71771382703702113481370e-01	-4.02221771401273762991391e-03	-2.21957868897854793122093e-01
 2.83510034259819021507099e-01	-9.36106573728287205682363e-01	 6.09786424163826154543067e-02	-1.99017959656252851896596e-01
 6.10530862634076521011650e-01	-7.51496921269226181294698e-01	 1.69514142725231908848116e-01	-1.83764519182280344766767e-01
 8.50955649967649607745557e-01	-4.41363997015148834535125e-01	 2.29738535750225458809126e-01	-1.68203772604210544105996e-01
 9.70573998236074819701003e-01	-9.51727246836827217579824e-02	 2.19050018064249091276352e-01	-3.07466422618136552002976e-02
 9.74531615181648325219044e-01	-4.88709962864862512699204e-02	-1.07518334214962540951177e-01	-1.90629390548923222103994e-01
 9.03972172263642681500073e-01	 3.01041324867834581002768e-01	-2.08417489485573453888989e-01	-2.20840627085011093067024e-01
 7.24190927777964899014762e-01	 5.78009449505774597355412e-01	-1.70645550303346382747804e-01	-3.35160666796970541092549e-01
 5.46852926299649211294707e-01	 8.14478186162322814745096e-01	-1.47040551753030240833553e-01	-1.26318001105968191755125e-01
 4.27979671469675415629297e-02	 9.92640769314571569381656e-01	 9.19572138779389119944696e-02	 6.61551805867824083140505e-02
-1.62545417661134256048783e-01	 9.54086011466795280711040e-01	-3.81557811459390591735108e-02	-2.48682541176280941241927e-01
-3.09594954123134202816914e-01	 8.65577491837721701983810e-01	-3.35144487484255071407802e-01	-2.06409162864272022197554e-01
-6.17818254136111244534391e-01	 6.97350628929663152177909e-01	-3.31127994294857286305955e-01	-1.49522428357339476345800e-01
-8.72101564472139378914051e-01	 3.11170950517157762771348e-01	-2.56662495368192689060294e-01	-2.77012390103525796281048e-01
-9.85387191983645660542379e-01	 3.53033844486515908586699e-03	-1.26859305601551203279698e-01	-1.13606052511928498627292e-01
-9.14705235250715342765204e-01	-2.33118920167292187350938e-01	 1.07017718768519960736985e-02	-3.29932377531616471966203e-01
-8.54654600030800515320095e-01	-5.05263027561027033840446e-01	-6.50054661260681398982086e-02	-1.00245084666481631963109e-01
-6.68453725382197827542541e-01	-7.14255750728200911048305e-01	-1.71843992762423430908925e-01	 1.16094710154355296172213e-01
-4.01545226109857933405323e-01	-9.00445884173375676873263e-01	-1.14129737331618047457837e-01	-1.22200835186289116784941e-01
-9.45343971825345491533099e-02	-9.45425429322186205993717e-01	-3.10887404718754034593786e-01	-2.41459505410825704674327e-02
 2.48277557849640201359520e-01	-9.42555232293159628298440e-01	-2.23409815321203963911501e-01	-5.99522836528558478175199e-03
 5.10761521729070300246178e-01	-7.90837322418246335686831e-01	-2.08896504521384002162065e-01	-2.64690853242213253171400e-01
 7.73703166092505667528201e-01	-6.00458096738608948506055e-01	-1.43976615688886561139626e-01	-1.41789347181848102152912e-01
 8.74850881588558504375897e-01	-3.20513614051895545653537e-01	-2.88346515435249570180609e-02	-3.62043534759948271162244e-01
 8.56763264464525331476352e-01	 3.04602720985933696218328e-02	-4.64485717124750618900464e-01	-2.21995268136227746902378e-01
 7.20283666357463436824560e-01	 3.78098500418752814233869e-01	-5.48024777230253001825133e-01	-1.94683865539680200917871e-01
 5.40670205007402482344503e-01	 6.55131467190286032042934e-01	-4.76733313877406028602479e-01	-2.26282649696841003938985e-01
 2.80999198888691181785759e-01	 8.56585119016128992974757e-01	-4.11810003247394085246214e-01	-1.33093596124754132148382e-01
-3.93117160533967488489360e-02	 7.97353659429251293566665e-01	-5.82965821337646072919370e-01	-1.51104539732737491730674e-01
-4.09715365979728185497066e-01	 6.23160291443142666523158e-01	-5.81810593815320631350119e-01	-3.24501160202639193919083e-01
-6.93936245221402292493451e-01	 4.25148977592849808271325e-01	-5.47803732335061521752095e-01	-1.93937890211151819919166e-01
-8.65323913142575062984463e-01	 5.65711942624390062839268e-02	-4.63762324455236740750053e-01	-1.81490307562741121083505e-01
-8.78652674142266221224418e-01	-2.71947234220914380031786e-01	-3.38319650353591294678068e-01	-1.98881859924085746538225e-01
-6.40307781809371534542663e-01	-4.64570163509229250298205e-01	-5.46483200901183852060683e-01	-2.74839260048790501311800e-01
-3.90031523206842367645919e-01	-7.93616777602597522900396e-01	-4.59825568044811061607646e-01	-8.12912552793128850847637e-02
-3.33634231408990317158114e-02	-7.96406984505683701591749e-01	-5.75675557972193163713825e-01	-1.82264777124625715343242e-01
 3.18496917385895028651532e-01	-7.70958122759716646399397e-01	-5.22767399708591429252635e-01	-1.75776939239520368918335e-01
 6.20899469524426650401949e-01	-5.80796807057725184009200e-01	-5.03302786135388480204256e-01	-1.54418985633867966722477e-01
 8.59229199865352732956580e-01	-3.36014673252723217178328e-01	-3.62378106856437676164262e-01	-1.32292967041924613980086e-01
 6.14816156379068834425539e-01	 1.06799036813710265803046e-01	-7.28051055052670648137791e-01	-2.83789923759856677065727e-01
 4.14520130628905525416172e-01	 3.18238695760063694528696e-01	-8.43684816985879271200588e-01	-1.22854073647691477977340e-01
 2.64975533279178165901868e-01	 6.16392485645126941840033e-01	-7.31510130388464796524772e-01	-1.21413341699701290976599e-01
-1.29878594929585061690247e-01	 5.39723335051910613202608e-01	-7.94635702865465809452417e-01	-2.45732317595930171982843e-01
-4.32074024747126972378908e-01	 4.36792916352223614673278e-01	-7.86436518199886136493149e-01	-6.35734866511086932350238e-02
-6.37797830306053747939643e-01	 1.28640746534646216447939e-01	-7.50047877026159826030494e-01	-1.18716756005417686803405e-01
-6.82358710373059174081334e-01	-2.17827897109765578065321e-01	-6.95260531355323951885339e-01	-5.95851588758942590784429e-02
-3.84627153511860331303041e-01	-3.76835520914398258707223e-01	-8.19141162385530030576319e-01	-1.97647916872960321965635e-01
-1.93535292944007536464213e-01	-6.26369403185119355548238e-01	-7.54900327338576593305675e-01	 1.81922214889924625802475e-02
-3.68916468383634413297223e-02	-4.97941441874999279892933e-01	-8.17419370709794423923711e-01	-2.87261029806348600068588e-01
 3.45969885927833398220343e-01	-5.15016707380900773394217e-01	-7.13593816417427140308405e-01	-3.25340582037391967684670e-01
 6.73612287592340819308845e-01	-2.89434665249562239619507e-01	-5.88131817564476078175062e-01	-3.41430850575623112685975e-01
 1.86086309316944337188815e-01	 6.48795487292496281250820e-02	-9.46520022413731676458326e-01	-2.55465020719856106268253e-01
 8.46061759373967908759440e-02	 3.26897926631393276331039e-01	-9.41230514543549223738239e-01	-8.04108509047880143372211e-03
-1.90883598501431633875924e-01	 2.13475368970496681697568e-01	-9.32817014775800923409577e-01	-2.18733023594558373403629e-01
-3.65470246576973800678445e-01	-3.03974818372345738370921e-02	-9.30153221505949701075622e-01	-1.79576303287736736835623e-02
-1.13025763794891806468534e-01	-1.65770868813426147658774e-01	-9.53235210929459397810604e-01	-2.26026167546353740078757e-01
 1.97000366262502446534910e-01	-2.97063278359765647884672e-01	-9.25439410449462540597665e-01	-1.28476308825945129132862e-01
 4.40336539257926817825251e-01	-1.71094204456689186200080e-01	-8.09206053582347206720726e-01	-3.49307984794748893619953e-01
 4.27356653933836025394122e-02	-3.32654001157942818059365e-03	-9.95610561231920709879262e-01	 8.31998040766694230141454e-02
 1.07601250266263548382994e-01	 2.05039996826781062422285e-01	 7.84344750916693755904419e-01	-5.75485779452316492665886e-01
 2.19346365632572093407049e-01	 4.28673937676229743765077e-01	 5.38019131220947355309647e-01	-6.91853482668978836400697e-01
 9.08745968560475958497591e-02	 5.20811096197933975915362e-01	 7.32835821006892929041499e-01	-4.28309781784761922640570e-01
-2.58324556425812812410214e-01	 1.79275992559908808887670e-01	 7.35978879762348991988574e-01	-5.99552858873030891651013e-01
-5.91983475129967684491561e-02	-1.35236213172093000522977e-01	 7.48009467237245595505613e-01	-6.47061480249021547805910e-01
-9.34485808670799250608141e-02	-4.25549002846006885203423e-01	 8.22849515203165404741981e-01	-3.64820619264610568333040e-01
 2.32987744396722651352150e-01	-3.20533892527354424828445e-01	 7.90515440730336416130797e-01	-4.66969027526571267561195e-01
 4.72155961215670549879775e-01	 3.33477370762558289474242e-01	 6.61942748266871827667046e-01	-4.77172284918873368386727e-01
 3.10599048098353924807213e-01	 6.89617420044175255533503e-01	 4.35171595737715133367374e-01	-4.88448285445964858197954e-01
-4.48619580941148274333408e-02	 7.35351447052778883772817e-01	 4.64040396115466269311156e-01	-4.91845671736925338368707e-01
-2.61964215173670966763098e-01	 4.93414814828664116674872e-01	 7.07510812633942887117655e-01	-4.32833709965034563182940e-01
-5.82037875422061645735994e-01	 4.63287558936418875088492e-01	 5.86265234660498291141550e-01	-3.20764125078503603560875e-01
-6.16996880484931509158741e-01	 9.25987795524515627798579e-02	 5.53677609464375719561247e-01	-5.51526445671532639103418e-01
-3.82941089395323508437485e-01	-1.48354188889247007310246e-01	 6.31000048342467145801038e-01	-6.58168744079769330035390e-01
-3.87282408333057159843804e-01	-4.46976852762952736597413e-01	 6.68735029351421483845286e-01	-4.50574621797795560329547e-01
-1.09737319730322205324491e-01	-6.79204333437826934805059e-01	 5.67231740786360627559759e-01	-4.52644834657546180078924e-01
 2.44523399076066683122122e-01	-6.30843704520074766151083e-01	 6.19877976720183632153294e-01	-3.97486882486663584135300e-01
 4.35136755074881809157716e-01	-4.15185989248492204328755e-01	 5.40608476958390204991645e-01	-5.88233859409149517638582e-01
 3.85336646308757746481888e-01	-1.29116248850655486457573e-03	 7.76060970663932647717331e-01	-4.99242798368791929064514e-01
 7.50937247963030518604910e-01	 2.22931504355199899825024e-01	 4.83421673401390583624249e-01	-3.90766272435885630986974e-01
 6.01952362862150147648777e-01	 5.67556606738553792723678e-01	 4.49779492389997204160323e-01	-3.36498527808799519078775e-01
 3.49533530300935313395172e-01	 8.64857262582895192082333e-01	 2.81356473945916563117464e-01	-2.25137205103259879779287e-01
-8.04714825070420095021184e-03	 9.27584688540834312320271e-01	 2.92736266020838353796307e-01	-2.32007257528318994177496e-01
-3.95528579628702914305904e-01	 6.78396981341722216107826e-01	 3.98378420763006058091804e-01	-4.73950748784842668115402e-01
-6.04768655417176836941451e-01	 5.21607045044620631912835e-01	 1.49441473322653339828037e-01	-5.82965016133793145769459e-01
-7.97503898866196214711977e-01	 3.51028874147263580951517e-01	 3.09967870963638869596934e-01	-3.80376365956652640054614e-01
-8.31701351855818615810279e-01	-8.72503346992802020221092e-02	 3.33048685045634229595635e-01	-4.35590190207999716776044e-01
-6.34471570233766213320337e-01	-3.42023358895575391169785e-01	 4.28508295447400600064469e-01	-5.44836204072059682168572e-01
-5.15683732040783437966525e-01	-6.66388165688438727229936e-01	 3.67264294060720919432583e-01	-3.93845197313573869291048e-01
-2.25915323345098811858023e-01	-7.31276093608976385240794e-01	 2.72117914441708463879621e-01	-5.83223269626452878178213e-01
 6.22514742340157176125892e-02	-8.72043912808927235147394e-01	 3.18874550172330184505398e-01	-3.66037142023841965965403e-01
 4.03850157982321045224694e-01	-7.33583612586810596134512e-01	 3.03374424308973156261260e-01	-4.54669211533987149831404e-01
 7.17948557046378055268576e-01	-3.63272758494272374196754e-01	 3.13884801330681528774846e-01	-5.04042759956518482411525e-01
 6.45102499796989747871123e-01	-9.43880063835715876763288e-02	 5.53767710734224816171434e-01	-5.17952692390710067726900e-01
 8.61452692411826315144197e-01	 1.36451409017259245315401e-01	-3.53519302795313253295895e-02	-4.87883708212449862529070e-01
 7.88087219700528307519960e-01	 4.43437594075887508981992e-01	 1.69454530815474957439193e-01	-3.91875996063789477918959e-01
 5.30544339802834441499613e-01	 7.14568760195056329465046e-01	 1.03021478889466583384049e-01	-4.44185507804905510553795e-01
 1.60978719976605122443658e-01	 8.53426480623097005739908e-01	 1.02055481794043279020201e-01	-4.85112123659834193478702e-01
-2.04557102645110872041201e-01	 8.13296346984108242672562e-01	 1.32144379133446815410835e-01	-5.28434770622806970763463e-01
-4.92601963721330582401947e-01	 7.65105235652610904395488e-01	-1.18993662239271456859679e-02	-4.14506560621566599866838e-01
-7.30828391996754089809940e-01	 3.05713811495800347195484e-01	-9.75655911485002608207751e-02	-6.02420021526503424169618e-01
-9.05732346936409582482952e-01	 1.36271457493677222716499e-01	 5.26566794867408746738668e-02	-3.97877216853445125899214e-01
-7.34898308321018212119213e-01	-2.57855588497380827650574e-01	 6.94467708253809073992713e-02	-6.23387614514037347035469e-01
-6.90352174998313805609484e-01	-5.81249095548568517344279e-01	-2.18146640112283941859150e-02	-4.30217949222421458532750e-01
-3.95159408236871956265901e-01	-8.13886782525504060004096e-01	 1.25160956985094409116277e-02	-4.25770706672774446044372e-01
-6.82578696857097377836965e-03	-8.38266686783577630315278e-01	 1.09628554905713410105861e-02	-5.45107499728847755271488e-01
 3.33805829954116728419677e-01	-7.84956446825833653591076e-01	-2.53683305866604091871608e-02	-5.21318992823445404027893e-01
 6.64001094991560347757797e-01	-5.89447560890091648566624e-01	 3.85768000348218759176788e-02	-4.58438599279995306901014e-01
 7.12859934152655250194641e-01	-2.07551203495739772231232e-01	 2.65103925905420360897846e-02	-6.69365678304495670403185e-01
 8.79950224238528866393949e-01	-7.23739318205246506821027e-02	 2.47745163873332702175745e-01	-3.98838251215673289529207e-01
 7.37793806854325495692137e-01	 2.64710608340921527137368e-01	-3.80731958805180570326598e-01	-4.90542320237053630638258e-01
 5.25648812333860182555156e-01	 5.32215514538816880651950e-01	-3.41586193730690490522051e-01	-5.68998105821771349432936e-01
 3.65683957412956506249913e-01	 7.88037071349374396156406e-01	-2.12078510418192700548445e-01	-4.47543878171404452270821e-01
 3.08935200891406643031178e-02	 8.69631302245511550452761e-01	-2.99581078258692123927887e-01	-3.91200928067198083759592e-01
-3.09947064721690479505156e-01	 7.42466863851390601602986e-01	-2.86609374845415154631212e-01	-5.20125791904044509905702e-01
-6.32212427812340216348730e-01	 5.48726754638052427459627e-01	-2.86131424101136899729170e-01	-4.66192238251423973771637e-01
-6.86153231543894404076411e-01	 2.14952655928172003951815e-01	-4.85019900993540475919730e-01	-4.97739685168373802159891e-01
-8.29453740071423695212616e-01	-1.81315327949421942199670e-02	-2.30621516144399740788629e-01	-5.08420551208634052819946e-01
-7.36519365015632199167328e-01	-3.57572829982179485330818e-01	-2.79040289953620068708062e-01	-5.01814121760343678779748e-01
-6.43322785776518801803547e-01	-6.80022609445642189918146e-01	-2.85466713353941026198868e-01	-2.05459970579132011891943e-01
-2.01342708270708381501635e-01	-8.35963266446388963970549e-01	-3.13665443294409651553423e-01	-4.02790914323327142732012e-01
 1.38588230841065251919275e-01	-8.83023325290234195605876e-01	-2.79035719891477018705928e-01	-3.51001675623302755724353e-01
 4.75849334435561821532445e-01	-5.22368374379947431052074e-01	-1.48317677888468252289655e-01	-6.91881896562308251752427e-01
 6.85374977808724583638877e-01	-4.77874693753941592877510e-01	-3.09606648462127265197807e-01	-4.53916996918286352880045e-01
 8.17965878289791947786114e-01	-1.24445290825696289194191e-01	-2.91641448651288770488321e-01	-4.79990059244454481124365e-01
 4.67433687382930063147768e-01	 3.93459284481473547945285e-01	-6.57264370737584813220167e-01	-4.41247194114422591759705e-01
 2.40836610216479174439996e-01	 6.60538225335986939334987e-01	-5.68415250070568145446259e-01	-4.27306779184035812058085e-01
-8.84793626170711916545386e-02	 6.54686703913712308988693e-01	-5.58216736547267555756946e-01	-5.01947006314406252158733e-01
-4.26693207083110537247705e-01	 4.31504133971854830775783e-01	-5.00545435441940744780709e-01	-6.17406961778507401561455e-01
-4.59433036155720508908473e-01	 2.81558203861758005182025e-01	-7.49727861417832319723686e-01	-3.84128099650000942588690e-01
-6.94546477168545672853384e-01	-1.10586011876387821373235e-01	-5.87683655906930946244415e-01	-4.00004806983493943484120e-01
-4.83353115414036860197911e-01	-3.51424984474291546288072e-01	-5.75056995655535252431889e-01	-5.58730433979050866710736e-01
-3.16397525576963323246105e-01	-6.28986144306962868810729e-01	-6.16404242984618155887233e-01	-3.52583104117589751780315e-01
 6.63150847557524153463859e-02	-6.38036417494039276299134e-01	-5.93178927160055047274057e-01	-4.86467470503892607247565e-01
 3.84731122787346446756374e-01	-6.56625258578659609653982e-01	-4.06773846949703310471591e-01	-5.05331841855463870238907e-01
 4.11858070228412254110140e-01	-3.70623962804606355003756e-01	-5.70951984040441229417695e-01	-6.05825585546716394169664e-01
 6.01740627302935426889974e-01	-1.38488302338893552734245e-02	-5.60324161100697826221051e-01	-5.68993200171163726608370e-01
 1.41431366259892082881677e-01	 3.84223366447511316401631e-01	-8.30778419117507271884904e-01	-3.77063378813452587667854e-01
-1.65791103808074463676903e-01	 3.45752278290167525121035e-01	-7.23205362156316700072978e-01	-5.74406368439287051685938e-01
-4.37462025411861521462242e-01	-7.56429738440426713275144e-02	-8.22671188354948235144093e-01	-3.55129881425428672869771e-01
-1.98511172539038133200151e-01	-2.99953316677586012684031e-01	-7.58672842763589150294479e-01	-5.43172937326876215102800e-01
 1.46155729950805612915588e-01	-2.46475296094707335692320e-01	-8.08550942280399032036087e-01	-5.13939495227845100089326e-01
 3.03461878940610108035258e-01	 9.92205616440842569359049e-02	-7.70789355775794549074931e-01	-5.51316548998488364929926e-01
-8.19880525138164673037977e-02	 4.80550311862983220434486e-02	-8.61293040810717669408803e-01	-4.99142235313445536970534e-01
 3.29900947677509992495004e-02	 1.31567320181557395608607e-01	 5.53804300299782781280555e-01	-8.21524491951960422753132e-01
 2.81537453021837691391482e-01	 3.49758372402983408466781e-01	 2.32218592043298976967947e-01	-8.62832700463665003276503e-01
-1.38204772267889186565526e-01	 4.50234288998903386946893e-01	 5.28792889400047760872781e-01	-7.06092491145446143896436e-01
-3.24126598861719905642076e-01	 1.31426154516225551782682e-01	 4.52010020286832570057811e-01	-8.20582753523194652345296e-01
-1.22697960155267724036143e-01	-1.83649552175228714112620e-01	 4.30863994244549242118580e-01	-8.74971011533072107191344e-01
 1.42555958839281592120951e-02	-4.38024985766559016298061e-01	 5.95387988227966680199188e-01	-6.73382531184210875174756e-01
 2.56475661877092753204721e-01	-1.38942321977380517372680e-01	 6.00782443151543610326826e-01	-7.44295453451855659743330e-01
 4.38600393231651786152270e-01	 1.49351016390693008828450e-01	 4.97373800753763639637128e-01	-7.33446161135132501662781e-01
 5.31893956897178554754646e-01	 4.49538777785628063110579e-01	 3.14742411133774546705411e-01	-6.44934818812695320744410e-01
 8.21544964771051544616398e-02	 6.31368113953747589484067e-01	 2.58605352198856275336425e-01	-7.26462810613995979558410e-01
-2.67809273287171467625711e-01	 5.56820330837915600241672e-01	 2.01366929215942985775811e-01	-7.60053071913463607067740e-01
-4.91025702937021246707872e-01	 3.81161777049358385660582e-01	 4.54232909673803142425186e-01	-6.38186432432600314612614e-01
-7.06700289825502148133296e-01	 1.41262011356363181846518e-01	 2.26516305414880714241832e-01	-6.55217603464145703640042e-01
-5.21579764584700233953640e-01	-1.26537085403865934285506e-01	 3.13661072131167006915575e-01	-7.83300483226450294793608e-01
-3.15629349777328649384600e-01	-4.46247369229379020616477e-01	 4.43654898214589310523337e-01	-7.10219494455905153706965e-01
-1.13133087622127967430963e-01	-4.96759544987676715521729e-01	 1.93957906841090543803574e-01	-8.38338350144226307492090e-01
 1.33532527673842604798438e-01	-6.61654555131581001425900e-01	 3.36489414704753853069263e-01	-6.56625606809783546324866e-01
 5.27874178111509939625989e-01	-1.61441243824808622342459e-01	 3.31429482723463508797579e-01	-7.65140558889054078761660e-01
 7.14568132511482656532564e-01	 1.33329864566202632714109e-01	 2.52883569091806814643775e-01	-6.38486829697527791260825e-01
 6.47016767812963133899018e-01	 4.07884010586944956155975e-01	-3.02687817919744216188516e-02	-6.43493385300272779936392e-01
 3.44681684717197789336041e-01	 6.24507657205754740381565e-01	 2.01030193042659351132517e-02	-7.00557343068179072531620e-01
-3.06026611167283246750515e-02	 7.41239117966568716866504e-01	-1.19198978882821257641034e-01	-6.59863357493057578473383e-01
-3.94686739637534977909183e-01	 5.41389256028049881130926e-01	-1.12634783037663582794252e-01	-7.33780250934669031614987e-01
-4.52802763151354370485535e-01	 2.60200511182305915802715e-01	 1.27006132403390065155335e-01	-8.43288084817340299892408e-01
-6.09116672465539910064081e-01	-2.70299703726010163984395e-02	-4.40147213242942647593026e-02	-7.91396843772395275351528e-01
-5.08208212545517068470247e-01	-5.29601059170404342424376e-01	 1.40320431442171794644835e-01	-6.64497785810275742868214e-01
-2.48112242155591994352548e-01	-6.59276297685956080840697e-01	-9.20780643260785819359526e-02	-7.03787403035878500467959e-01
 1.58565921922669605947931e-01	-5.79075654418899299358259e-01	 6.70347490225259301510619e-03	-7.99676996223082636738866e-01
 4.61146911255649438743376e-01	-5.02332236151597166795568e-01	 2.05692116691058329847053e-01	-7.01923502878670002580463e-01
 3.88853198038776326495025e-01	-2.48456916152550638665630e-01	 2.64790374051738774952014e-02	-8.86770100854260778788785e-01
 6.50549941915698259897738e-01	 9.36118446132398335235436e-02	-1.85409817804378096450790e-01	-7.30509955499126450995107e-01
 4.38518286502964871331756e-01	 2.46372202544614532504497e-01	-4.65393495369595400212859e-01	-7.28293446821739354213321e-01
 2.03934748402608778672374e-01	 5.94580612164771094008131e-01	-3.41768646867553815837937e-01	-6.98626299283137575102387e-01
-1.36975946804061554651355e-01	 5.00518182959823421107615e-01	-3.73321063383814266689598e-01	-7.68993187328539273828198e-01
-5.11486746014831350493068e-01	 2.36073124051456556538042e-01	-2.71376408245906197702624e-01	-7.80388130227066101340938e-01
-5.82367114191776003018219e-01	-8.37869717229231814048518e-02	-3.90031106521432857636711e-01	-7.08310682979659600455591e-01
-4.83599881302729794896322e-01	-6.45866726075957631181268e-01	-3.06466114687999946486485e-01	-5.05040441449941091001108e-01
-2.15718947041030201239309e-01	-5.59430322643403643567694e-01	-4.58100629232733647100417e-01	-6.56236895862446933946899e-01
 8.39538746034536043083563e-02	-6.78347246043359164424658e-01	-2.94064660893389284712640e-01	-6.68073900057556402387604e-01
 2.32178828526784009067541e-01	-3.75531628197129152546552e-01	-2.94267469556357630366961e-01	-8.47629426204896230245822e-01
 5.72247924448081146664435e-01	-2.33631647629376104635668e-01	-3.06862890456154502327735e-01	-7.23729046433636336033146e-01
 1.43479151463465182114732e-01	 3.68943102113163057254042e-01	-6.23068670286580306161284e-01	-6.74596288609530359003941e-01
-2.28857034135062142876649e-01	 1.71211457350429530066549e-01	-4.70111496426983854757253e-01	-8.35048666681186380067459e-01
-3.95458404961398723997945e-01	 3.98834259523562703608768e-02	-6.61872686504115348427035e-01	-6.35567863520107745323173e-01
-2.57190279141264688256285e-01	-2.16226354154330530077388e-01	-4.94432719857618885317407e-01	-8.01645563586901976904642e-01
 6.22169700516159440706332e-02	-3.70811461318064861103494e-01	-5.69292996346366653170890e-01	-7.31117906430784669780110e-01
 3.01281720055288027015905e-01	-7.96473670995743454614768e-02	-5.46352461158461033541300e-01	-7.77421771151750706785322e-01
-1.84069698648549090642945e-03	 9.98468430970695514092839e-03	-6.58112427701324498308111e-01	-7.52851213998429136253776e-01
 1.93236503953922222898143e-01	-5.15786759499489884384094e-03	 2.95030832790171837487492e-01	-9.35729585748295233926797e-01
 3.74404739250639717607072e-01	 3.51975959014832417981467e-01	-1.42131330884394946334481e-01	-8.46009870086206539063767e-01
 2.99480641907205399898650e-02	 4.86195492430442743891916e-01	-4.53026771996845115109132e-02	-8.72160950759714448388138e-01
-7.01672569676829033236132e-02	 3.05234801411283840355537e-01	 2.63364546256605047691579e-01	-9.12440347547223362667523e-01
-2.11343159975609234946248e-01	 1.03896231531245327589508e-03	 1.55898426969571679556736e-01	-9.64898269123354079823685e-01
-3.61311336869018506767759e-01	-2.97080714063670758839919e-01	 8.41611216424246605383175e-02	-8.79837526356560539753104e-01
 1.92956691986141737338301e-01	-3.52687967248449030233104e-01	 3.37886668893386810097468e-01	-8.51006176099828981485018e-01
 4.91889693773710723334602e-01	 1.03046273888715955724393e-01	 1.07234441979457820193211e-01	-8.57861742386388903547356e-01
 1.09384720929120937693568e-01	 2.50164524863277115684923e-01	-3.69878358862434863940649e-01	-8.88055568628687286292234e-01
-2.11163697207455564042178e-01	 2.62196715803938718014621e-01	-1.19843090094425550051760e-01	-9.33970239868448071085538e-01
-3.12732704856436283247234e-01	-7.25584972751979750960061e-02	-1.86902331490502865429804e-01	-9.28440110222386150162777e-01
-4.90855794855154847766698e-01	-3.86924140165074981201343e-01	-2.10159490025370959687123e-01	-7.51786729842252254840673e-01
-1.23956556461033262639404e-01	-4.11855223008027127029607e-01	-2.09518395099827642313883e-01	-8.78129881911624443624476e-01
 3.87154683325745541111473e-02	-2.26926294094505626164349e-01	 2.96852354719436793695220e-02	-9.72689239354121104597084e-01
 3.52637106325586202615341e-01	-1.38541314248815435744566e-02	-2.23325745532248931546349e-01	-9.08614739957064876385573e-01
 1.41243014109224355318029e-02	-8.81585808492986733320151e-02	-3.23975387612705056916695e-01	-9.41843148806365104697136e-01
 1.08031673749680076634938e-01	 1.27242486125058645862751e-01	-1.88582662180945305474555e-02	-9.85790481282308062027653e-01
