 1.31112759235590514705905e-01	 1.12527265945795457158241e-01	 1.08313205169806428540547e-01	-2.28784928162101358628533e-01	 4.97506465655936629816081e-03	 9.51865543943976821772424e-01
-1.55255923180289856500025e-01	 4.24819904070165177412122e-01	-1.37291193830606478298861e-01	-2.93233067711088590812096e-01	 6.24528063260490040597972e-01	 5.48227910380950755886431e-01
-1.64637722058225993704283e-01	 1.31825940027288840417086e-01	-4.02194866300932679648028e-02	 2.25713377974497780842356e-01	 5.68978000118922633276952e-01	 7.61062573833863442729353e-01
-1.85975980731625314956723e-02	-2.63044480692712967506708e-01	 4.08954135556305886645134e-01	-2.32816591932712736723321e-02	 5.59258316391001431000518e-02	 8.71520803673146882140088e-01
 3.20715042606929512380987e-01	 1.62763663028407945532194e-01	 5.24969849471350280545323e-01	-4.51122854207702123074952e-02	 2.95269050176758418579936e-01	 7.11222594059741863858903e-01
-1.44442931775477345635039e-01	 2.82545711146431621774155e-01	 6.98124892834961041643282e-01	-2.17817530450984730983066e-01	 2.73041852984068442872223e-03	 6.03716707421554144019638e-01
-3.01492967928363053697893e-01	 2.07181712054164468561623e-01	 4.04712216478931186003365e-01	 5.62934942316007935758648e-01	 9.52491703958044666489258e-02	 6.13528806635309509331933e-01
-4.76544034562704721391668e-01	-3.16445520814542913257128e-01	 2.80373438345421721606954e-01	 3.28285698527737368479507e-01	 6.65807008563064073314308e-02	 6.94229256776979108956027e-01
 1.76131793266636832440142e-01	-4.48471133454353354519384e-01	 2.06493053496927203571687e-01	 8.86656904244685351024202e-02	 4.64433471816400544884829e-01	 7.08273815917600191305326e-01
-2.28725512298953631562526e-01	 6.21895874518883173820427e-01	-1.48202028584924677678814e-01	 2.30847033265194262474651e-01	 2.13535196939254406922615e-01	 6.63384267905156477240780e-01
-8.79555639054638738194569e-01	-1.29326818303754836891883e-01	-3.72413921922095492167415e-01	 5.10369578785335592518990e-02	 1.09588606887665335198889e-01	 2.37381315195915570948060e-01
-5.21568333123627048131254e-01	-6.67525690118323383748233e-02	-3.13051443967311049387803e-01	 1.98427912958197644188729e-01	 5.73392742090961915479852e-01	 5.07303152483211783341233e-01
 2.34615124245432488114815e-01	-4.22466360454456846262872e-01	-3.09110347241579208610318e-01	 2.40623541917198674466860e-01	 4.74800296019601941743815e-01	 6.22570237774643486794446e-01
 3.89831887897610251947356e-01	 2.77486168274513611553544e-01	-6.43644822669935529058094e-02	-2.17875953967596978910759e-02	 7.15652689464569724542287e-01	 5.04238304540591597557864e-01
 3.60977883072232039185501e-02	 1.69981835345908265100245e-02	-8.18872451235117870815827e-01	 1.25650956212444916970661e-02	 7.47332620019300255392869e-03	 5.72400373699716746855870e-01
 1.14810564483645814737311e-02	-5.94974532034462585960988e-02	 4.87503068384420479297603e-01	-5.28394510912922332757091e-01	 1.19132341945699063434638e-01	 6.82111224552517381169991e-01
 2.13300542363987544192128e-01	 3.95670939457842985031988e-01	 2.96384523460676785333590e-01	-4.31069632662525958899380e-01	 6.14647452360189583409067e-01	 3.82741533743187867244728e-01
-1.84470014140434984684092e-01	 3.77779843292167460955255e-01	 2.43297658104131675482762e-01	-5.10161049444980974065800e-01	 2.15299717455231826024331e-01	 6.76343986991169487943409e-01
-2.17006001693536815233543e-01	-5.47540592414832660850266e-01	 3.85428917460370612513287e-01	-4.31238949497662393817166e-01	-6.84049986124040942936375e-02	 5.60273120070305830076052e-01
 2.02532981911642345762559e-01	-6.13075716020353378432617e-01	 4.72928078483888847394212e-01	-4.47394334895111767114173e-02	-1.15970510536855322958338e-01	 5.86520940821813052679090e-01
 7.12058050779240558902927e-01	 3.31860820030797420976398e-01	-4.13271479736165084362121e-02	-4.84464959710138753923303e-01	 7.21603844939754379694818e-02	 3.75792997555911723051025e-01
-4.20835969125222753017823e-01	 2.89015754727321771966331e-01	-7.67909843911646350367306e-02	-1.42620307660897116530663e-01	 2.74138140911107219821474e-01	 7.98735158151048230124047e-01
-5.08071775506333644933932e-01	-1.20514187444571679863614e-01	-1.61515639749304357186688e-01	-3.52122471086167287968038e-01	 5.19636473461536074758271e-01	 5.54292161661536275651940e-01
-1.48954109296009995500043e-01	-2.39174225431438819411412e-01	-1.13831163147509975552829e-01	-9.29974459921559526431878e-02	 3.28482111619913474953592e-01	 8.89439040572341355073149e-01
 9.35164732093474587726334e-02	-4.21100440153898469830551e-01	 9.54916661680003941992112e-02	-4.54604899741332169060826e-01	 3.10499124843606588708411e-01	 7.08332625844430130435114e-01
 2.89830193821051379510223e-02	 4.37820580631725020381850e-01	-3.37795925568458943466510e-01	-4.35734317993812569902445e-01	-1.89578506365086982277113e-02	 7.09325905669498824046570e-01
-4.63532059057290835024645e-02	 5.44071086494731376292933e-02	-1.87413072113678691454908e-01	-5.37393700769775994885435e-01	 3.19358890357219427080793e-01	 7.54311273118961622685674e-01
 5.11209230395056682394461e-02	 6.71039338665757878477081e-02	 1.08941932216607487160509e-02	 7.54857228546303660188244e-01	-2.02020883074138624113658e-01	 6.18177286184640517596733e-01
 1.28461901760606456157632e-01	 3.89885011880426943231548e-02	 5.95622918944989310219285e-01	 1.56211220480219986628256e-01	-2.87306626773732531887617e-01	 7.21293097018534057340844e-01
 5.93431350425763892708630e-01	 9.80210412753024784571210e-02	 3.90792446311924390744963e-01	 3.17016898662739132763733e-01	-3.55127771626550348127438e-01	 5.08819146147745038355481e-01
 2.45680115209041538548718e-01	 5.01455641500145765654395e-01	 3.66593123567730883038962e-01	 4.15372641564073150077796e-02	-1.25592232815259580158695e-01	 7.32321137954027756578057e-01
-6.16926074300885751711121e-01	 7.68160699413730635454201e-02	 2.57980523741661083025889e-01	 1.63672510093369916184258e-01	-2.61193217787962506104549e-01	 6.72262576704775516311940e-01
-1.81898171474001169034551e-01	-3.77005704224115500977632e-01	 4.13606744665265091409623e-01	 1.17893374880576953800393e-01	-4.25108450954518712894270e-01	 6.77564146078150408847307e-01
 5.20951303422520606289936e-01	-1.76806045616979129464497e-01	 3.40062847177185101354979e-01	 1.42903962295268388560388e-01	 4.20723531205756950956953e-02	 7.48007350450929808793887e-01
 1.13652493449490160637438e-01	 4.02321507745364348451744e-01	-2.77652082294685020880110e-01	 4.36925526496941551979347e-01	-4.84528657462551359813574e-01	 5.67853767028575595610107e-01
-2.81004075599872227275711e-01	-1.90949315629283550288520e-01	 2.45981293541598080784616e-03	 1.21351670954850346384468e-01	-2.08064725654807242127831e-01	 9.09148975455589369865095e-01
-6.65268881070011808276377e-01	-1.61314798211426052576556e-01	-1.36540242712036796746133e-01	 2.32553218147604004450990e-02	 1.57055554882857134613161e-01	 6.98243765862416654321976e-01
 1.56739932893723871165648e-01	-7.40719407444190403033701e-01	-2.56223809276669434176199e-01	 2.85595153469288320913222e-01	-7.14449143913616496748276e-02	 5.23877604936702545579408e-01
 7.77784263156621080703701e-01	-5.18837168071245372069633e-02	-7.96461403877491841418745e-02	 3.08689064637392263090732e-01	-1.79163131351039346672582e-02	 5.38893569579802944602420e-01
-5.25724236241916775824734e-01	-1.46980595959503163028259e-01	-4.68021326514795110718126e-01	 2.07943194609630455094162e-01	-2.29796410257558147982593e-01	 6.22028944193801502926533e-01
-2.20139620936946001084067e-01	 9.88131871208988987742572e-02	 3.27083539455063021517134e-01	-1.71172974453871667988025e-01	-3.63271166648318932779205e-01	 8.20685525558285888791943e-01
 3.10307882191251827030953e-01	 4.04291071814196323330748e-01	 3.81024087853570392336877e-01	-4.88723166026054145483215e-01	 7.20170418167543624488047e-02	 5.92487640929409420387231e-01
-6.04205877781496147882478e-01	 3.33000104044450961904289e-01	 2.97042139573073737945919e-01	-3.06065179291186262311442e-01	-9.84796817142917640941491e-02	 5.76574378197152181968477e-01
-5.38834010475744751289540e-01	-3.49358220535481933666233e-01	 1.33268291733045895347542e-02	-6.01942712282973801940500e-01	-2.58927555093750372261496e-01	 3.97555821068793280304021e-01
 2.62510441855945853006915e-01	-2.77053672461047284514279e-01	 2.49754769108255531007146e-01	-4.29497112593476171316098e-01	-2.21683771003295643220454e-01	 7.47221936072376191617650e-01
 6.01445579818721931530945e-01	 1.04187361653187454679781e-01	-2.77565080105032335744397e-01	-2.14016662464481394190230e-01	-5.32594324129239682363846e-01	 4.70006370794523120615338e-01
-1.77137066276784216345419e-01	 5.36383044019620225384415e-01	 8.88511036381718632970461e-02	-1.73992269107287267360107e-01	-2.09061481536551546644986e-01	 7.73977492211510575970124e-01
-5.62719384052264959272804e-01	 1.83301388889559518924344e-01	-2.01478414479460243846631e-01	-3.19792037826801545108424e-01	-1.96912237756185881654147e-01	 6.84187523495038418808178e-01
-7.91463027057110191098133e-02	-5.47284781700125178005578e-01	-6.26362167557876770018765e-02	-3.16589359783160995132079e-01	-2.26934397769887746809658e-01	 7.33869124039764342271042e-01
 6.01921913067958724852247e-01	-7.22061750867971502421128e-02	-1.45360965306730649526656e-01	-1.83443156832540255063435e-01	-1.25464072410103294474837e-01	 7.49635807148126720456105e-01
 8.35311600368387335846521e-03	-1.28044392296337794512340e-01	-4.54986036986089581457549e-01	-3.26440488314785781653882e-01	-6.77258601595765785674530e-01	 4.59651998098056180364068e-01
-1.75212702973597672650996e-01	-8.08855334538842729585895e-02	-4.18034747568216957791520e-01	-6.37394363712775358088436e-01	-1.39036790849216829180079e-01	 6.01998492454658085115682e-01
 4.74595091692527684679170e-02	-4.68617928156529750527426e-02	-2.49700767956914121414869e-01	-3.17032028375451413459984e-01	-3.38351800139990888105501e-01	 8.47472622667787778283355e-01
 2.71371765018124488921814e-01	 2.28601034373682038269848e-01	 7.43273331905738021685437e-02	-3.99813237191441392393010e-02	 9.30087618426680418082242e-01	 4.37366617159872933529030e-02
 3.80122060491802804538253e-01	-4.16126168317747624492142e-01	 4.98005540967141266395224e-02	 6.86687117179572092950934e-01	 4.55569791876297147670272e-01	-2.79839920260169343346757e-02
-4.06540863756813475315965e-01	-4.45206520702720487392412e-01	 6.65399048791315617101816e-01	 4.38263195009311254390916e-02	 4.35397455025288926400151e-01	-4.76245290135097476547088e-02
 4.63695136787727058003128e-01	 2.86340418537299357115700e-01	 5.11987194947679413736807e-01	 1.34030570022303008315134e-01	 6.06359983401686508663886e-01	 2.35007391095483103571340e-01
-3.15904192110216974764825e-01	 2.97248424612374440023643e-01	 3.64292891414561670337946e-01	 5.04104726737179098527974e-01	 6.47631317959352692525954e-01	-7.47710185629226337100661e-02
-4.93787290401406120388117e-01	-1.88773637463268695313445e-01	 2.92739480246419381259670e-01	 2.34204913851735030405621e-01	 7.58081622967848756111664e-01	 7.28184975683638935350928e-02
-1.39741556712246223215246e-01	-5.75433657634389139623465e-01	 4.37449329814601772792315e-01	 2.01481997666456164042259e-01	 5.88246359811977037601594e-01	 2.67128642451899711574015e-01
 2.80714541060730682353608e-01	-1.79893219712137619747949e-01	 5.02999750936980016824407e-01	 1.14352627944775520063558e-01	 6.61896481918722967563440e-01	 4.29704026280579909347068e-01
 7.09063230183409470841482e-02	 5.98974993533492816588648e-01	-1.91047377603432239068226e-01	 2.42453244146746210718746e-01	 5.97425188661217965169214e-01	 4.28954214741211203865134e-01
-5.96869461639830123367290e-01	 3.51735087431226556287100e-01	-4.48566677334580943270481e-01	 1.69359921176032629519526e-01	 5.34753595429013461881596e-01	 6.45989109159901958578942e-02
-6.48883593170698658170181e-01	-4.55827405787360973032918e-02	-4.79236412364629049687181e-01	-1.87082403146535236615478e-01	 5.43091639672262260774005e-01	 1.31363627728931509075494e-01
 1.58607957045086733760542e-01	-5.60937167672692971187587e-01	-4.29579185830533005763243e-01	 1.30153824620799524192094e-01	 6.71667074802443586634126e-01	 8.70520278305117051198536e-02
 6.49930436855071014257135e-01	-9.19532548714453445981576e-02	-2.83515732791470853602078e-01	 6.66807292798497208696773e-02	 6.72912959049576153702787e-01	 1.77470237824514293079048e-01
-2.73180328815512352136352e-01	-9.77413782545890341690864e-02	-4.37040459203955400369068e-01	 8.65536110451514545394147e-02	 8.43428040520256327994275e-01	 7.71516741434892933115819e-02
 2.11663978483071446579089e-01	-7.91619379882073370691131e-02	 5.04614479781386404688703e-01	-5.19210180118221731326855e-01	 5.55549080238059489467162e-01	 3.40708061087318547777159e-01
-9.40731991744474665972930e-02	 4.97724530376314422408512e-01	 5.87007452215588809707469e-01	-5.40414043916963571234646e-01	 2.57097319373574828560436e-01	 2.01733501457644376353429e-01
-4.66939278669458779358337e-01	 3.31797919552446363145037e-01	 4.69497197671362997972722e-01	-2.46496873066758340198312e-02	 6.63713115307694723199461e-01	 1.01624433475855771580321e-01
-4.51640928749956982457547e-01	-2.10659489697453627954360e-01	 4.29566311917435272871302e-01	-2.83796406482716312424941e-01	 6.40373302643354236352025e-01	 2.76581755495689807222703e-01
 2.61843832730071945924522e-01	-5.59190779685302619128606e-01	 3.39927763663091797585736e-01	-2.63989742627213197501135e-01	 6.33039721709928726589567e-01	 1.81004754612171636640738e-01
 5.51618710969373204910937e-01	 3.88742503197862576680421e-01	-7.36976208502647528453267e-02	-4.41874874786807092519325e-01	 5.79505428526802313093924e-01	 8.99153932153349544353915e-02
-4.84792017841917888265613e-01	 5.32925033939911085845154e-01	-2.24940512315137036702950e-01	-3.01196699539944434675931e-01	 5.78199959210314640145612e-01	 7.30392285812568320402249e-02
-5.61576199884907256709710e-01	 4.97983258694448052694703e-02	-6.44102490488147605418590e-02	-7.23006678658673518356181e-01	 3.75060551917122453335907e-01	 1.20807877605203117798993e-01
-5.41323409171093894443061e-01	-4.23662198657927646650023e-01	-8.60424106999353316416190e-02	-1.96628468947398632460377e-01	 6.87537539138250664016994e-01	 9.33026749229582952338546e-02
 5.29645647708685607391033e-01	-1.30753135227279521091148e-01	-1.97702335554803515504929e-01	-5.79869449875685560868988e-01	 5.70890406751498380444332e-01	 3.35925079093261011453642e-02
-2.71342571658370890208545e-01	-2.57171642942122941066785e-02	-3.87118099078116506550629e-01	-5.00544561139242394354198e-01	 7.01652476951519887826692e-01	 1.81632479293632992378704e-01
 1.57703138466133041539763e-01	 6.42621029837260864664428e-03	-1.01676332182482800914336e-01	-4.55970731683525198896234e-01	 8.00520784791638351229892e-01	 3.40598755690064758372415e-01
-2.82195500012334621331433e-01	-3.65807266085891383267104e-02	-2.03734507129460756802430e-01	 8.92567679318430839963128e-01	 7.53439132939097769292580e-03	 2.84228731133392420460382e-01
 1.45856214505587666874220e-01	 5.63812975055177634242654e-02	 5.45943463964865260962256e-01	 6.55898506738342934596631e-01	 4.38085147799766649878705e-01	 2.35311283774082724562504e-01
 2.51871703231982269066691e-01	 1.22222154131091664819309e-01	-3.39705246467825627831871e-01	 4.06418949128671769255305e-01	 6.44834412456766092880400e-01	 4.74589247637884237285277e-01
-2.43600756273912671945325e-01	 4.79602607589672602639297e-01	-1.36311065866246222677560e-01	 6.84387551638807156706434e-01	-5.76708679055447995254191e-02	 4.69411390802601469207644e-01
-3.40210675052882716151714e-01	 1.48303311549518895828825e-01	 2.03921812379198791331802e-01	 8.48927934787208959832583e-01	 3.11517640382606708637780e-01	 5.43768339264850408820706e-02
-2.90308738617552464233995e-01	-2.00741792328919338439519e-01	 5.84853018218780551507052e-01	 5.58116494427077558526662e-01	 4.62600845135315963396749e-01	 8.87521994305660866242391e-02
 5.90559874511478510861195e-01	-2.23807227141569115014264e-01	 3.60082524093065958759041e-01	 5.22428291689972623679239e-01	 3.22338390683630904298695e-01	 3.07663090851566622951907e-01
 1.80521852431807294792065e-01	 2.61848727582936369184807e-01	-4.50212651664727403488797e-01	 7.35786091630270200347752e-01	 1.24204362922258060297764e-01	 3.73293150932787087814546e-01
-6.43381744118971976575949e-01	 3.83297549251239544343406e-01	-1.28505563084935520157259e-01	 5.16837476428141484596779e-01	 2.81091040579197926074784e-01	 2.76579265662017959037655e-01
-5.20634205965847640662503e-01	-1.13780957534139984255184e-01	 1.38353648963590508680355e-01	 5.69989281219594690064412e-01	 4.41236703548499031857233e-01	 4.21039874401236580148122e-01
 2.10698890493313029104172e-01	-6.38483797219245308163238e-01	-3.39137479317453027771734e-01	 5.48773558784991122294628e-01	 3.24655473801962857205439e-01	 1.62408721639152237026238e-01
 2.59557972944632175948954e-01	-8.98877835915203732275458e-02	-2.55503682342669236060573e-01	 8.88599907697100732661966e-01	 2.53920841221179027780153e-01	-7.19869695531564907087230e-02
-4.14991258351741706955629e-02	 1.33774543960866534875187e-02	-6.74205589726746379319877e-01	 6.94642840752036194729158e-01	-2.24614059673725108279285e-01	 1.02788798216715521194331e-01
-2.55072484183821113212787e-01	 5.25158353456840920614468e-01	 7.68943325225715290649475e-01	 2.95303518518232228917686e-02	 1.72043221181708089195794e-01	 1.93395921783638402580152e-01
 2.70079411051359186135556e-01	 5.10548869910099401003833e-01	 6.88665561940257298090273e-01	 3.68390923612409604270823e-01	 1.58337801432993779959801e-01	 1.77070536777135217887391e-01
-1.89870014433584158308754e-02	 2.55361608450130339598161e-01	 7.33917836561153946739466e-01	 2.44596879774363590298591e-01	 3.32245916174595423697724e-01	 4.74952175985432267779629e-01
-7.33315290830083621465008e-01	 2.03727013385982619331216e-01	 3.52201289594450683839710e-01	 3.93741683456583113631666e-01	 3.68873129023075396748510e-01	 7.48220639459026976014755e-02
-3.31292378212228455502952e-02	-1.02253628107141530945157e-01	 8.17952209084573111930183e-01	 5.51296437279809661835550e-02	 5.49822598396899731021392e-01	 1.18560809159205401974724e-01
-5.29480604740555985121553e-02	-2.56977026903896121901028e-01	 5.97609847042668174132984e-01	 3.70944567616894815831330e-01	 2.99720210472374459786948e-01	 5.88718697208793773079094e-01
 4.66710314476429743990593e-01	-9.35160670337753796577118e-02	 7.63234740645749032417200e-01	 2.68399651976195197100594e-01	 2.24163408392512003564079e-01	 2.61956773907780271493095e-01
 6.22144877445884092459494e-01	 3.62366465415659755322508e-01	-6.65945981014680332688016e-02	 4.16059277177738440212096e-01	 3.61141052070001911111774e-01	 4.16729257549576626029619e-01
 4.29228408297243901881046e-01	 7.50570028720895510154776e-01	 7.63850627054056680043104e-02	 1.83248180180883124545943e-01	 3.85725189242749177953584e-01	 2.53395166757496737020006e-01
 6.83865911779863860919804e-02	 8.20824675147994509138982e-01	-2.42915453278902654377092e-01	 1.97273054182824869595692e-01	 4.66770341168464997227971e-01	-7.59670986177870544153734e-02
-6.37417212470381633337979e-01	 5.89379099284359497801233e-01	 8.48442237789833603178735e-02	 1.05422992490240466367801e-01	 4.69323646717069220546392e-01	-8.80587278535265305379198e-02
-6.79614814845882264648935e-01	 6.32040718172557247633847e-01	 2.88173872635719141577226e-01	-2.64790131792344111960613e-02	 8.55147586834105605246847e-02	 2.18151646916588420888061e-01
-8.03985064294653772876131e-01	 3.69752870105408745077247e-03	-3.18331979069816917160551e-01	 4.59903387442117284056309e-01	 1.79662451494172509258718e-01	-9.20291992602897679365270e-02
-2.91013762617369720064886e-01	-5.02017684253350027212548e-01	-1.31597776927218634845929e-01	 4.08832954002898985024217e-01	 3.56083004101953426445704e-01	 5.93322652258441052275373e-01
-7.90669143515585204351481e-02	-7.11066308331149921073688e-01	-1.96335661647748793701140e-02	 6.53861171567152954509083e-01	 2.52753130757962102270753e-02	 2.44078631093828796183587e-01
 1.17606838798432672410499e-01	-5.48116980232628669966743e-01	 4.33364779241746544968805e-01	 6.05478371676018922720175e-01	 2.95506118637889170219779e-01	 2.09769995093155803278506e-01
 8.85321362745540185734683e-01	-2.14972148544562896566035e-01	-3.02678371652098099353623e-01	 1.95606861347442317899947e-01	 1.92443065188991679903552e-01	 5.55201387337649135411688e-02
 4.60965632428785798690996e-01	 1.51910722331579567390136e-01	-5.45725245980616113783412e-01	 2.70012299910864894680884e-01	 2.20553075402891846090725e-01	 5.87424440151067317472666e-01
 5.34573596283739044254801e-02	 3.18696731398873556173612e-01	-6.11240156774120135807493e-01	 3.38957845736804375125217e-01	 6.36282439328523463650811e-01	 4.70362738702234939314195e-02
-2.26842728819351330260545e-01	 3.06104093954804368227229e-01	-4.45712764845520470480267e-01	 4.83400899216053003826232e-01	 4.47172418203526489399735e-01	 4.71744836044638016225861e-01
-4.25522875730107275060732e-01	-3.02790097016722603573413e-01	-7.08676827344277504572290e-01	 1.28516965903799545989372e-01	 2.09685809820617297116740e-01	 4.05636345017290234071794e-01
 1.87489765251870027507053e-01	-4.83653774585646734074373e-01	-7.10879697308574032277306e-01	 1.30987587051591830578090e-01	 1.99622375469642426848438e-01	 4.10572562964921394801365e-01
 6.00029204052968667681967e-01	 5.39083095984265424360782e-03	-7.60068503523750660377800e-01	 8.68236956281270150226348e-02	 2.11328874507002916968701e-03	 2.33856672054580438935290e-01
-5.64937405812187889986298e-02	 8.90085467231175181401781e-02	-8.14651858177187659926233e-01	 4.11325467727968629993995e-01	 2.45642445219811544898647e-01	 3.09353252057636862737411e-01
 5.68676313195760826935121e-02	 2.84187537445097782029535e-01	 5.49207690085514954603241e-01	-2.85286687402806271585121e-01	 7.29005669154433766365742e-01	-3.92003769287373945995334e-02
 2.80261933426279530312542e-01	 2.40101917851136631432141e-01	 7.84846753732390545188480e-01	-2.59553154182129652838285e-01	 3.56359796958926222654185e-01	 2.31213637438621943953621e-01
 2.31255421906409658339143e-01	 6.66577284655669899393615e-01	 5.07947744694020597577833e-01	-8.73757671779341466011815e-02	 3.09028878338492352106925e-01	 3.75568062730500862311800e-01
-3.72101930311742934431862e-01	 5.57183298205342292241937e-01	 3.61160694496740819481317e-01	 3.97758856490091738944415e-01	 3.82881298589414109656559e-01	 3.40352290552159875147709e-01
-5.07252064426197413204989e-01	-5.06464948815818424843194e-02	 6.93054292642755420672529e-01	 1.28512290995497935330860e-01	 3.50673046521352005377992e-01	 3.46870334055166873454823e-01
-2.98722249472710865703107e-01	-7.37796340715923704145496e-01	 3.77684522904213726413047e-01	-2.67235406639158012964685e-01	 3.57252259393040560997434e-01	 1.57264233224673116717796e-01
 1.37626582562471788673264e-01	-6.89551981618314657751512e-01	 6.09883424347654079511472e-01	-3.50019910065331105175623e-02	 3.50078922944913606407624e-01	-9.91907528941976396330560e-02
 4.73326881432609036792769e-01	-1.78818897062192783131707e-01	 6.77040912321001608908944e-01	-1.37068067880109112355314e-01	 5.16396690536223168521701e-01	 1.21602294853965665205608e-02
 6.69194572981587798565783e-01	 4.15335056904220345508350e-01	 2.40028633166781441010684e-01	-1.40596607365979592296767e-01	 3.66492578025169712940823e-01	 4.09850525811650989727042e-01
 4.72124790306634234404726e-01	 6.02370364807580438437640e-01	-2.63438347544817152989793e-01	-1.54410471892682366057414e-01	 2.57336866434119460045338e-01	 5.04760840761347640004431e-01
 1.83686600997023698200739e-02	 7.55661476723271885447275e-01	-4.79581123455579461101195e-01	-1.54139238224156344125859e-01	 3.01136664307971535503583e-01	 2.90169046586252699082564e-01
-3.83475402351018901381252e-01	 8.12542332373148989965728e-01	-1.54766991873648313005063e-01	 9.32043353254075335190265e-02	 3.27480215784671624401625e-01	 2.29866074630171723924832e-01
-7.67188272704052209860492e-01	 3.66338666489462227993101e-01	-2.60763822123632138527682e-01	-1.29065783210627976762552e-01	 2.49554472930792359264274e-01	 3.60950070475172302142397e-01
-5.60934849785192368720743e-01	-4.52982860666959807893761e-01	 1.16525394364340895148047e-01	-4.81572464624253238074658e-01	 2.89059063223409518084139e-01	 3.88732908294118495451386e-01
-2.00294985603992781175720e-01	-8.33879118162013432957735e-01	-1.61652103037967453946777e-01	-2.29765545040638480278616e-01	 4.06873655808738965422577e-01	 1.41625404287690492832752e-01
 2.77360271892182597142096e-01	-8.01829369058797203351219e-01	-5.40486073165165337162108e-02	-1.61980256033435271456611e-01	 4.99683627786021211658607e-01	-3.60327533745966391287574e-02
 6.62017048666252216904127e-01	-6.25228345120220962982671e-01	-1.89988573313331132741411e-01	-2.95497272748802830566461e-01	 1.23197057755026151415478e-01	 1.79530310817824168001522e-01
 5.67542342185638593043961e-01	 5.73938184926948591346729e-01	-5.67722827351816006213880e-01	-9.26587843116985637736960e-02	 1.21945797081691564844874e-01	 5.22016597135411888896961e-02
 8.81519283457835728379237e-02	 3.52957470606574286176027e-01	-4.57743380223798845829464e-01	-6.20970586311091823916719e-02	 3.64838206846546442285728e-01	 7.21912943136207463368237e-01
-2.65764081939493523876195e-01	 3.01069601354088556277588e-01	-6.26818495744479786679904e-01	-4.23431970944046151550388e-02	 5.42626144624855144549258e-01	 3.86767426386150081629722e-01
-5.94509616124282547211521e-01	-1.53486050005540941576498e-01	-7.53465220148695546953377e-01	-1.99792747999688991011880e-01	 1.22928790355393682820484e-01	 1.61827427905544794783932e-02
-6.37688978099683834166456e-01	-5.55215868869323059264786e-01	-2.85632430040882678845549e-01	-1.10999173910535084419671e-01	 2.62551730729397858610241e-01	 3.49639804880651827723170e-01
 2.55445177744706486411275e-01	-8.30334669015012072357251e-01	-4.69238467776931511554750e-01	 1.85096546113611357120554e-02	 1.54437651620532329088675e-01	 3.02285197316522237509506e-02
 6.14817347071189179708028e-01	-2.96462245726874296103404e-01	-4.34395070024163387767402e-01	-2.82865226949999722105833e-02	 2.55339809271551421154811e-01	 5.28594498810400437172063e-01
-3.31420520969086029872130e-01	 2.68933637659942437192484e-01	-8.53438576881984989341845e-01	-1.49898273081503496939604e-01	-1.33913093256645375495051e-02	 2.58512887235723742840321e-01
-4.99598545044379671598023e-01	-3.50000375836216348623964e-02	 3.90125944761632148516384e-01	-6.77082135052250122519979e-01	 1.18701024323078233035922e-01	 3.52771721656181647119865e-01
 3.58869114665237964878486e-01	 8.51131432640482993301490e-02	-1.29018446869147457300997e-01	-6.61078402891799754570457e-01	-7.38796844464806590213612e-02	 6.36270452878876513480577e-01
-3.56818714864679586984408e-01	 7.28453566463695190158489e-01	 3.56069475289765513537077e-01	-2.75293183796414875352809e-01	 3.72676687470738121632508e-01	 2.40017617391661830517080e-02
-4.27320215683516024807176e-01	 2.29690975615023607048215e-01	-5.52712323114714493277333e-02	-7.51560738595847821486018e-01	-1.79719915450974564163911e-02	 4.43190753050139718549616e-01
-7.62884697370495856727501e-02	-4.31800565419884263551609e-01	 4.01221140400654319169149e-01	-6.86598707852755230085506e-01	 3.10863286931837345949958e-01	 2.80528374316586615044855e-01
 6.89763950666396175037676e-01	-4.21412055612867264553500e-01	 2.24598497323678314430140e-01	-3.41257030633683289266855e-01	 4.12166251709514042111948e-01	 9.92759121840716962648088e-02
 2.23089630741431454996615e-01	 4.75640829359275818521979e-01	-1.04699692242370495653958e-01	-6.09512983413158404566445e-01	 3.20022891196837522276297e-01	 4.88992908647183477377496e-01
-2.24194350471827202886388e-01	 5.14021055197045106943676e-01	 7.80505310613060221403003e-02	-6.91119600523662391822199e-01	 4.08051598493184175531212e-01	 1.87816275574963692518438e-01
-2.76780626505513938084846e-01	-5.10275292143456238314059e-01	-3.12244101025134390692273e-01	-4.94199487360824807336002e-01	 1.71404347216391389485679e-01	 5.40280157734625676724249e-01
-2.54669833496604068601155e-02	-4.81457318061123573649240e-01	-3.75434836474886068913293e-01	-3.81677611493695834177231e-01	 6.93471221577372842759246e-01	-4.33969284488736496002703e-03
 3.47133233722357603667774e-01	-8.96357800478598393256746e-02	-3.47541736082864101409218e-03	-7.55312142332901892416430e-01	 3.66771113210856425368434e-01	 4.07963705019687150610253e-01
 8.90578567302985346643140e-02	-3.07821817145300935525398e-01	-4.57714570293982436766100e-01	-5.03703619105906108543991e-01	 4.73088059823486173360862e-01	 4.58565318069985627946750e-01
 2.53602962209304561014278e-01	 4.47258663102493680963079e-01	-2.00943108549743287838396e-01	-7.16124440049267785290965e-01	 3.35177335158751865673565e-01	-2.64743334807134467201450e-01
-1.63244531274281151622674e-01	 1.63306357980774530247459e-01	 2.22594585570186492828881e-01	 8.67568545872889118619753e-01	-3.30593710177598087973649e-01	 1.87527395145197617321031e-01
 4.13927866244903852610548e-01	 7.49454679321157751781257e-02	 4.67154464495791676981185e-01	 7.38727886195645555567069e-01	-1.42904835439775890204572e-01	 1.96654323239717598870158e-01
 3.25810574692185384026999e-01	 9.99214152229289387374678e-02	 4.79537129193694372508716e-02	 8.04457036811178971547065e-01	 2.95529831705059975455185e-01	 3.83503084880940536827154e-01
 1.02573691586328036295939e-01	 6.80577619202369477058312e-01	 3.02850689645820063400361e-02	 5.98378554187879441172981e-01	-3.45187962522469804493852e-01	 2.19462828402914228442810e-01
-1.39692412605668725422703e-01	 8.82216844546063055920726e-02	 6.35601994540379133802332e-01	 5.98743781263641472456527e-01	-4.58069847717434974754269e-01	 1.97729056775644458643360e-02
-9.37871457458512060301192e-03	-6.31260008185251630941082e-01	 2.73123876097352613623315e-01	 3.86574183138226501466050e-01	 2.73736495461986174826396e-02	 6.13707808591333892067610e-01
 7.06947876187244750312288e-01	 3.94052596219610570815739e-02	 5.65939751021684103737819e-02	 6.89391753071744828318401e-01	 1.35077116005990149893989e-01	 4.42970809283860095240115e-02
-4.48327164373338471481389e-01	 7.27784365474488992298063e-01	-2.65174261159316970726252e-01	 4.15332574154345546268985e-01	-9.75487777961461244302654e-02	 1.30377801297884898801271e-01
-6.46806860097250191365958e-01	 1.47741108021268441330420e-01	 7.93518938806231713400940e-03	 7.44913687693359638508639e-01	-6.81931426421285569183794e-02	-1.42750371218405367607085e-02
-6.28931304699746118735959e-01	-3.79038779340350739932575e-01	-3.78516495507703124023813e-02	 6.58524596838851228319811e-01	-6.45311725307985140087652e-02	 1.46708396082728204090628e-01
-1.89615155935054097158243e-01	-3.65436523797854240225291e-01	-5.05139485505836760559362e-01	 7.42450117314376711874502e-01	 1.49193634117104234615425e-01	 4.29583837680616725807070e-02
 6.57717277261677280009167e-01	-1.88247695694890374018549e-02	-4.04563476181827863520368e-01	 5.97104650232187728065014e-01	-9.74879660102612732863747e-02	 1.93246314676621816497359e-01
 4.29062740438833703504606e-02	 4.88121133592732903139222e-01	-6.00617095972976189344195e-01	 2.34956958261784448760423e-01	-2.15682339830933003654856e-02	 5.86076747243930440411930e-01
 1.00585158468537216869265e-01	 7.98050649451639976250661e-02	 8.39817343377195935083535e-01	 4.19697528402342978637307e-01	-1.27963755521967564865449e-01	 2.92745399952766272022586e-01
 3.63622127211934320634157e-01	 3.48980652959609727314927e-01	 7.54840836877349929956438e-01	-2.17708914257177151008182e-02	-1.28807711528907076203865e-01	 3.98925262651125600577018e-01
 2.24014317163131110310914e-01	 8.05658139531646444453372e-01	 4.08936275015720496206484e-01	 1.86048615170084502556946e-01	-1.51475606829472780878731e-01	 2.75580703637874513400874e-01
-3.33927404407514616391239e-01	 5.21482572828644075357829e-01	 5.15378589849738610872976e-01	 1.27830189494012230744246e-01	-1.49478682032708892757356e-01	 5.58792349820452005637605e-01
-3.54304385955110767714160e-01	-2.07158536861615956425897e-02	 7.24267417811264690996609e-01	 2.08817081762976253234143e-01	-1.07034539619820484590562e-01	 5.42600218105739329210735e-01
-1.66678368392027154154533e-01	-5.51908029628312646330812e-01	 6.17120483270076181092634e-01	 4.09466336492888216547215e-01	-2.68494660813526908604842e-01	 2.16855006546297357505892e-01
 3.33817269051274845281796e-01	-3.99808813348868974379968e-01	 5.41266623780781608310519e-01	 4.45895531543293310861031e-01	-1.56745463579619548344368e-01	 4.60822547440558727416260e-01
 8.20244655976096193050751e-01	-4.35114378014753611090271e-01	 2.08480579277261601767179e-01	 1.12680121122240253783708e-01	 5.71165182757792516676787e-02	 2.80090921123190172981055e-01
 8.34070399938335871325990e-01	 2.37560695534131144368573e-01	 8.91029177846916764504925e-02	 3.87060445747874404265332e-01	-2.84105449758170980345540e-01	 9.70590473962254507434011e-02
 6.03176567205881641875465e-01	 7.10544833815105247865063e-01	-2.06011770490157654356356e-02	 2.83948072731305845017857e-01	-1.74601222934609362491543e-01	 1.40597170520975728313928e-01
 2.88842045025849564199305e-02	 9.64840860057307181385511e-01	-1.42709029718855268109579e-01	 1.84684077333630375372664e-01	-3.02515168181922942947093e-02	 1.13395712619373645324572e-01
-5.85088514712913898563329e-01	 6.27518928890418714594546e-01	-3.00098648614760044051053e-01	-5.46121539187867932607645e-02	-3.45615230557246744247379e-01	 2.26715350133300436175077e-01
-8.46654660665503211447458e-01	-1.06713051781158085873358e-01	 8.00728217254874780062224e-02	 3.59755923173403713288820e-01	 5.33311351322159690746538e-02	 3.64839717055329748607306e-01
-5.55987964480607610440188e-01	-6.07044684815635449126603e-01	-2.18121985319826128257858e-01	 3.13439183976399915465549e-01	-1.05000491349664798468311e-01	 4.06850965679659615226171e-01
-3.85816648246129489940870e-01	-8.00777646991124192332734e-01	 1.83497826572161626401680e-01	 2.99572553365327787222583e-01	-2.92846186534211072594047e-01	 2.69558520793167256945910e-02
 4.82376555542341933779937e-01	-8.63405521146085375150392e-01	 4.85639303134132102601761e-02	 8.17880182783152082093281e-02	 3.64419654344075097385236e-02	 1.07088807125020737953669e-01
 7.94012700493808010193675e-01	-3.62129911408035354281054e-01	-9.12592824489961845779717e-02	 3.70691389200344556531519e-01	-2.99631112770223084762478e-01	 5.37270166473981514165814e-02
 3.45226968362442321325290e-01	 1.35544714269878796564228e-01	-6.22785744875380964380440e-01	 4.56888000404053418179728e-01	-2.98992360509802823642644e-01	 4.20048580728887455126852e-01
 5.86490432348108770010953e-02	 6.36401669280237447523518e-01	-4.80722374579568678676367e-01	 5.42043575298724489286428e-01	-1.86664893871185538776203e-01	 1.78337274614659591076560e-01
-2.64789397591109143537125e-01	 4.54855484976773583039034e-01	-7.31488103305149128807727e-01	 3.65767093358440265049580e-01	-1.39706983506063475708459e-01	-1.86050019104195968333570e-01
-7.29227752818577101834308e-01	 1.80690121926741859015308e-01	-2.93372243446485159168446e-01	 4.26280338848679718477541e-01	-2.42563822963191316750553e-01	 3.30088708732940550039103e-01
-4.36714300857853732207303e-01	-3.34961093983268121121455e-01	-7.38084018805268415874821e-01	-5.68811445690437650357651e-02	-3.12806064999098909495956e-01	 2.26341704553817524292469e-01
-6.72672700013328267454327e-02	-3.80431340146293983650594e-01	-6.33170310609543318669523e-01	 4.45805811664364393109850e-01	-9.99161144593626593390923e-02	 4.91036063788901411264476e-01
 7.90587248294598254894083e-01	-2.72297320000588982669143e-01	-3.80043483565892126208041e-01	-5.34365390486071095699216e-02	-2.26011318063705834990884e-01	 3.20088024385772884627954e-01
-4.44497654698007949036764e-01	 1.17423269393383284536769e-02	-7.99853594781723464812728e-01	 3.57256028302538497509744e-01	-1.06558510834636729902591e-01	 1.53400109683712926322841e-01
 7.72267934246506776441166e-02	 4.09442342563942851541015e-01	 8.34800704767792112193092e-01	-3.35315285822666897530553e-01	-1.28214206585786666403592e-01	 2.50110002905795034133796e-02
 7.51610696201501560231861e-01	 4.08860116580601617997104e-01	 3.65263865698788547931031e-01	-1.58774698882867548732634e-02	-2.51293677974161244748075e-01	 2.66639209795059561880493e-01
-1.35074864092152979039296e-02	 7.08410000621060409464746e-01	 5.02557526410038146735815e-01	-3.05900664042884962157132e-01	-1.61809607070128258499153e-01	 3.54473110796194257332559e-01
-4.10962271286973102046858e-01	 6.85570772660483940263987e-01	 2.18057564817472099294449e-01	-2.87748376522258320076020e-01	-3.70156543565889950553327e-01	 3.06167651365051141088003e-01
-8.17680731268260463373565e-01	-8.96552092199312672393674e-02	 4.92581416239748492991168e-01	 4.24778843398770575290335e-03	-1.06335397551257232473532e-01	 2.63435861394406611868391e-01
-4.79230746901523285696811e-01	-7.71013169725720981517725e-01	 2.33901097849860711841430e-01	-2.52298456648912206023994e-01	-1.60126994370894337738065e-01	 1.78526452394750984042915e-01
 4.71778836670775303385739e-01	-6.53261781243372086080967e-01	 5.45738103071460756154920e-01	 2.08472568922190043538833e-01	-9.59072698855674837803420e-02	-1.35897344473769107059402e-02
 5.51552360579392053629988e-01	-6.20639825341734341357380e-01	 3.22649499690995322787046e-01	-2.73856647826836330228417e-01	-2.30004253906701566778636e-01	 2.80346358481971091869411e-01
 7.10789656854138196528936e-01	 5.41256519899250165828164e-01	 3.55996245930422450243213e-01	 1.98676358668519570382927e-01	 1.69990111922340619843297e-01	-8.19584200312772903629366e-02
 5.25016975181070918998749e-02	 8.25964967889786683130637e-01	-2.89764513757166143614885e-03	-2.13491971921954154511880e-01	 6.17571253381917484315267e-02	 5.15387507244826403862703e-01
-9.82089804500156822453238e-03	 9.49287300482840268323059e-01	 1.45916395633896300854104e-01	-2.69117678528663195614001e-01	 6.97236550752227124405636e-02	 1.34113241366568304580031e-02
-6.02926527238877962844299e-01	 5.73754548298538225026277e-01	 1.01850462532169949714245e-01	-2.03756768751794159477697e-01	-4.51116430954592528834723e-01	-2.27791460004558937724184e-01
-9.21761532911060998962682e-01	-6.41593889205130524233667e-02	-2.05266959686363603676540e-01	-2.00467993356688967132584e-01	-2.21657456749287357089528e-01	-1.21594736838790920541165e-01
-8.30285235726028858493919e-01	-3.62211020319255783128654e-01	 2.36774380478356916146510e-01	-3.28771135802928438085502e-01	-1.19598898729805835916551e-01	 3.11952004195647399076297e-02
-3.07993676729321042007115e-01	-8.58125895790730952583658e-01	-2.81892507899964839257478e-01	-1.15895138089568958128517e-01	-1.04755449547660334230770e-01	 2.54737254470651930393643e-01
 2.10451555034896403695299e-01	-8.47480465949163042083114e-01	-9.85052251115733773501049e-02	-1.80527587413956219775102e-01	-2.42469780057364941994180e-01	 3.69326304756554202324281e-01
 9.27044948518055744735022e-01	-3.21659814870452032131709e-01	 1.30877069983303343653214e-02	-1.56057746927190571506472e-01	-4.30476381416137685032020e-02	-1.03654326125953058501672e-01
 6.32278429171344136250354e-01	 5.41137794493128709838459e-01	-1.75690624402577877383180e-01	-1.09559064058638980232452e-01	-4.65786640277376040586432e-01	 2.18096990108694155363622e-01
 2.94563373642792336593033e-01	 7.66598458101538038356182e-01	-4.18703159250693512927199e-01	-2.41324793187810832106877e-02	-1.97260224502577546923376e-01	 3.32795604912581421963580e-01
-3.19503218815763490034954e-01	 5.98193053158018961390496e-01	-4.83540762668920487410418e-01	-1.48786499712093817082703e-01	 5.98257082067040878853303e-03	 5.33008331555156145142860e-01
-6.86434693970294884657335e-01	-1.42692970698131416096288e-01	-3.55339712147124231478301e-01	-5.07725113457406340700118e-01	 8.37339572761210682028121e-02	 3.42612973429193778951429e-01
-4.50335635700543190917955e-01	-5.92077390281052773346460e-01	-2.37566316940040461735961e-01	-6.14441396713757304048897e-01	-1.02720026181047474622687e-01	-4.59868504849130291245451e-02
 4.07393405308038691892136e-01	-6.07477669345776405407378e-01	-5.58674590723544417514290e-01	-2.09787651478611475441838e-01	-2.21464002023015277265117e-01	 2.44595652726417367439637e-01
 9.45395630003510789585164e-01	 1.66287791683218499905195e-01	-7.02788263378089361754775e-02	-1.04145809633461053356207e-01	-1.65873398722326453880171e-01	 1.87819130037540749089686e-01
-1.02840843224997258165132e-01	-6.93602503731859942881499e-02	-7.47105736136938092251114e-01	 1.79422263907824036666128e-01	-4.92478779793445398116347e-01	 3.89510254462671123842910e-01
-1.89163518293771509837242e-01	-1.41229308494313504640516e-01	 3.31077754671126989194363e-01	-6.13612629229992156965068e-01	-4.95611681070786236347203e-01	 4.60985432488392632421892e-01
 3.06375905136622217472819e-01	 1.49067075468168504237543e-02	 2.58513982989354573760465e-01	-8.03053975015169951845451e-01	-2.74825730869784345955509e-01	 3.44466611277540912805506e-01
-5.17841162213474093256593e-01	 4.74706524717926015011216e-01	 3.24489589373873066335818e-01	-6.24419770858978262495498e-01	 5.58499582521078917485280e-03	 1.06157948725736722694890e-01
-7.17686042196233608958522e-02	 2.25051892986213752934077e-01	 1.13933304538758772839202e-01	-6.28735230155877178326307e-01	-2.98984272984428645081323e-01	 6.68221916654471947971672e-01
-1.32745278759976298443846e-01	-2.27417368812626474738892e-01	 6.72323614455422768898529e-01	-6.53953020580957167240399e-01	-1.65061010598129720428062e-01	 1.54082115861122470601430e-01
 2.44418087256376620475251e-01	 2.67832847109705785015876e-01	-4.99057373236709983510551e-02	-9.21603252754785384759373e-01	-2.01834151124853601252940e-03	 1.29143922902191371493430e-01
 1.93074186743113163089447e-01	 4.56316318632480011352470e-01	-3.25551624001548800535488e-01	-4.18534615840469192971085e-01	-6.42216599134311172392131e-01	 2.46780329468884146448815e-01
-4.32684131150926742925833e-01	 3.13646916750986715083371e-01	-5.30589726873193057166134e-01	-6.26249719343291433304444e-01	-1.07471902602313471031259e-01	 1.70721044903329982611595e-01
-2.63668292270671345001176e-01	-2.22241541260153135928235e-01	-6.88877710781131580297654e-01	-5.85422416259148037376292e-01	 1.23642130606143166304811e-01	 2.20291730799867885304266e-01
-6.43649435481773446454667e-02	-5.39798522781249512370039e-01	-4.83354417757046017634082e-01	-5.69016245118204588848698e-01	-2.95651376554671940777297e-01	 2.44241667233243919810093e-01
 5.99145196918496103499763e-01	 2.14013071890894773785519e-01	-1.62424077325403426463879e-01	-6.29673664906371333138679e-01	-3.71518060647901993132081e-01	 1.85276181712899057352217e-01
 4.59353828540108172218126e-02	 1.72535663796646199230622e-01	-6.92650916110731040831183e-01	-4.95920164164344257073935e-01	 2.00158908515334466038382e-01	 4.49839633478899658669548e-01
 4.21855802065809679102237e-02	 2.76523530613631607355529e-01	-3.43655686880711797037691e-01	-7.85468750369068713368392e-01	-2.94186758587820007537772e-01	 3.16463072062756811675399e-01
 4.61766438515304467049560e-02	-7.51025165814653838936010e-02	-2.69453887931210167572260e-01	 6.05884684422684616222909e-01	-6.05503861388856812197901e-01	 4.31150501414184594839440e-01
-1.42644326838406221291677e-01	-2.02985121298754761509642e-01	 7.41422923892763097164504e-01	 1.62919793383130062647268e-01	-5.45886435879512910140932e-01	 2.53390655954821075734884e-01
 2.59070514548046915148660e-01	 1.48598277262233097184563e-01	 6.34798441552891778982826e-01	 2.06658884986828661478597e-01	-6.11229552669835030087597e-01	 3.02526855481559886484888e-01
-3.44003940076101799583341e-01	 3.37260405623863501745063e-01	 6.64292207155973007948191e-02	 1.49468295193969646916798e-01	-8.58941027234716325544639e-01	 5.81670620750474320903578e-02
-3.69657082468780984196854e-01	 2.16028495765918787663296e-01	 4.87375412952774922370480e-01	 4.00676874007220462647894e-01	-5.09885902396147061566012e-01	 3.98277474156352950807047e-01
-1.74175379645645472814763e-01	-5.53345770399671699202315e-01	 2.17893678435905902013303e-01	 2.04620003568129038562518e-01	-7.17255915775302010928272e-01	 2.44271049919697252894579e-01
 3.43812689224295697787426e-01	-2.66071099628133300729615e-01	 3.59789450263638121985110e-01	 2.20451207319228514869280e-01	-7.07208945764883578632976e-01	 3.64427397943183406514578e-01
 1.67002015987565477495025e-01	 6.22955910699025672272455e-01	-2.06856209213197583807187e-01	 1.32650979389369372274388e-01	-7.06067148079139284000405e-01	 1.58491857082987852578526e-01
-7.00519429595632847629361e-01	 2.24376639808318983915214e-01	-2.33835798034139147327792e-01	-1.32585594621526303704684e-01	-6.20015550436953777335702e-01	 4.74367909990998856684108e-02
-4.50807709604987949525423e-01	-3.63012277507373914975375e-01	-9.56917778888816683569019e-02	 2.64208237937342049761469e-01	-5.53382928672839113914961e-01	 5.28960225578063325535538e-01
 1.39748958898416791862829e-01	-6.31333676734820881115695e-01	-1.90770190345907475482079e-01	-6.05763444297623201983960e-02	-7.28073912238805132091102e-01	 1.08321910966779899609946e-01
 7.68628035704401080252524e-01	 5.19602370010910571962448e-02	-4.25238004023865745484301e-01	 1.80139911996489460177528e-01	-4.34848251695670873218091e-01	 6.43453691954501555416712e-02
-1.40426686038736432682317e-02	-7.38327603520748110277339e-02	-3.62495186970744009968826e-01	 2.09473837857167360931854e-01	-4.68124610279545383395572e-01	 7.74550725830357222889688e-01
-4.72260961482192168081617e-02	-2.72167232111054924192928e-02	 3.87463364041459867870287e-01	-1.00450027464112662256568e-01	-8.09316427150893469288917e-01	 4.26400985074021687815105e-01
 3.13928132953388977499642e-02	 4.15794551568682557718404e-01	 2.57788013553617023632114e-01	-5.56658384572130793266354e-01	-6.22827386959168172175794e-01	 2.48781452617438586516485e-01
-3.90986362380754903789182e-01	 3.01587386730632511788741e-01	 7.94380805863953848300341e-02	-2.71758502929538514614194e-01	-6.93017398861208722138372e-01	 4.42423445254817804261904e-01
-4.48340097405953708076254e-01	 1.65058923788529793297286e-01	 5.74689075912291347236760e-01	-1.24813360278994089913596e-01	-5.39065858870976022387822e-01	 3.67843444495659921411601e-01
 3.47743502484084421322308e-01	-1.95882186238826666579982e-01	 4.50080305485789200492519e-01	-4.14049933074507492403171e-01	-5.99938918758998851465947e-01	 3.26754175011578384957289e-01
 2.48318311231980365372252e-01	 5.29617825390993779421933e-01	 7.30684355141416747025929e-02	-2.41125209462807604809953e-01	-7.48607210888709295737442e-01	-1.84254867597772042930870e-01
 3.59419164851929803794484e-02	 2.04023743700495419073349e-01	 1.10987899517843487812163e-02	-2.55661070073965601689991e-01	-9.30799177252191189957387e-01	 1.58775364533327023597309e-01
-5.59255230432683214658596e-01	-1.91663324102923138259058e-01	-4.71716210074955011322118e-01	-5.18612248742224335451567e-01	-3.91669964064777387235949e-01	 7.49569828905527479889770e-02
-3.05488084833993256417273e-01	-6.16483876967853117179175e-01	-1.51938151472126525831641e-01	-3.29620596952737099361030e-01	-5.53794711891790414348691e-01	 2.96986761886093464379854e-01
 4.41475703976241695691840e-01	-2.23588705212308336278682e-01	-2.24954767374292985415707e-02	-1.34852590112897269269965e-01	-8.38763044963038217893825e-01	 1.81363118000039541533042e-01
-8.56172525371279823092063e-03	 5.20053520923229525840803e-02	-1.24646556660268956195914e-01	-7.56957816148090323338238e-01	-6.38879955326200787979474e-01	 2.30790680461209311846726e-02
 2.28665100235529022976166e-01	 3.40524642246588793437212e-02	-2.38965890169326039549347e-02	-5.22871637105167597070476e-01	-6.54977876345078868780547e-01	 4.93549275409570609163268e-01
 1.71713564883614888678665e-01	 2.05337322955727791251590e-01	 6.21244148945103852321736e-02	 2.34970852644762778771437e-01	-9.01980596137040735449375e-01	 2.36032402669659274740965e-01
-1.23814485835755487552756e-02	 2.04553915561127508393469e-01	 1.41725051556720382794907e-01	-9.43541487800777928240947e-02	 8.50835225711251585956063e-01	-4.52874285445418800488682e-01
 1.47819620272397617144478e-01	 2.88230863333997333608494e-01	-9.43081419934459763698698e-02	 3.68306673480079282967381e-01	 8.47143022806998047258276e-01	-1.81320701568980113815854e-01
 4.02386552567045654993372e-02	 7.51881361734188426865222e-03	 4.43806690769561140719190e-01	 3.09915722111588298748330e-01	 8.39371171558188078343221e-01	 2.77167970403986545224750e-02
 4.50367158396238864703776e-01	 1.55560214862011908509842e-01	 3.97880903386366113760886e-01	 1.00219009578431370033336e-01	 7.16344660308212755062129e-01	-3.02436285319173769892132e-01
-1.33346253674669928956931e-01	 5.33918775636032405529363e-01	-1.89100219990164353234263e-01	 1.94784769940335944493626e-01	 5.99690515894406250829718e-01	-5.13634892700557621481039e-01
-3.76334491999832820852134e-01	 4.24511752154408672499386e-01	 2.62045611834420766328435e-01	 2.10740366987232224937898e-01	 5.09389717021966337284766e-01	-5.52815370306138920142303e-01
-1.89281027571300275447186e-01	-3.29229908811924598666110e-01	 6.02841542219643922173589e-01	 9.08022445052323601277777e-02	 4.59189626107727233428335e-01	-5.22744942000726964259627e-01
 4.57661427165484691048647e-01	-2.28925917853523480660627e-01	 1.86380637606808979844786e-01	-1.10969688044941491855688e-01	 5.20618710743378843019968e-01	-6.48107310947934833755824e-01
-1.21773643666486963699214e-01	 3.94013249705202628359046e-01	-2.99642439644211222571357e-01	 7.95910379625886838959523e-05	 8.52542349076740646474093e-01	 1.15371936903987878930700e-01
-5.12456269218232951523362e-01	-1.96950639041124815620254e-02	-1.65466839642059604376101e-01	 5.33467418688592487363564e-01	 6.50315434189241869944453e-01	 4.60841711284880536925179e-02
-5.20997147665859916543241e-01	-2.43026785214576934723851e-01	-2.11752255549254947419868e-01	 1.51439573361186685662716e-01	 7.03372504939629217268759e-01	-3.27099542918118768586311e-01
-8.21516697078580465651854e-02	-3.12504281668808947536320e-01	 9.30163539364950858745473e-02	 1.01846813342215375408628e-01	 6.52299724070349973281679e-01	-6.71619260885968571983540e-01
 5.60821332649473980325183e-01	 7.80238647478685154457168e-02	-1.82805102448173384388497e-01	-7.17142533129463272123516e-02	 7.37042560677009350733613e-01	-3.12408920353486163623558e-01
-8.46460281063907138410229e-03	-1.74656467673069304424871e-01	-7.22048635846825437312191e-01	 3.26437060349488716859412e-01	 5.64453354223139025513944e-01	-1.51329087777579612827950e-01
-9.04785434467701363270287e-03	-1.41608305098382791786804e-01	 3.45385683254441910872146e-01	-1.44774774552047291731327e-01	 8.97760579817736159569108e-01	 1.83412540575908528106552e-01
 1.90720490070528519988002e-01	 1.98901434049268077686179e-01	 1.18855391661995893337611e-01	-7.93098198597575243518065e-01	 5.30004146414082777383214e-01	 5.30681057097717821108285e-03
-1.58843287060091042928178e-01	 3.13074670207443284120075e-01	 9.30357097734999805016542e-02	-4.13960647866123243598935e-01	 8.34031115155293156782079e-01	 3.35573942442605119285126e-02
-3.21222151517822240851530e-01	-6.34240581676426551371861e-02	 4.49599696579288998776747e-01	-1.12703054459490581429293e-01	 7.75341665863252038626285e-01	-2.77122993898951619495818e-01
 3.91485780607573774503294e-01	-2.67699422184051634421298e-02	 2.80361655516358665440890e-01	-4.11140076011616950601990e-01	 7.37858127656106588254659e-01	-2.32268846901204806254526e-01
 6.10890628581887806802797e-01	 3.83467702297267787336921e-01	-3.61453393613283324725671e-01	-3.11022967022619611920931e-01	 3.71087251724448508038989e-01	-3.38637816912351286013916e-01
 3.29549450442442257158682e-02	 7.65481676146912759506336e-01	 1.97401205591466177846627e-02	-2.36706832469939426610850e-01	 5.48433361911023875556737e-01	 2.36120362793584614991005e-01
-5.91478655010840070893607e-01	 5.76652666863841159572424e-02	-9.41138713791687259169194e-03	-3.59993187528313385303846e-01	 7.10129999459213179235917e-01	-1.13399436850271206900231e-01
-2.53061053820654580093219e-01	-1.71371081816580284051810e-01	-2.25344663117736876412067e-01	-6.29826419865953890386834e-01	 5.78159592685341561235646e-01	-3.53358181432528339893651e-01
 3.08453597346345920193755e-01	-4.76005451015596714459122e-01	 9.07082572691085553540091e-03	-4.68477674292923695897883e-01	 5.72846497458425307769403e-01	-3.61342590967182242245315e-01
 1.67503769133100749444409e-01	 1.26253813627149491516377e-01	-2.49607854066195705700082e-01	-4.94509678092593885079253e-01	 7.70085357609308518433977e-01	-2.36911589686484902461672e-01
-2.88503467831498529305723e-02	-2.69422631368663345607928e-01	 1.10228515379922190065010e-01	-6.29037188317031703554960e-01	 7.20108549338260628402963e-01	 1.35893516462228369084952e-02
-1.80610569998761842647195e-02	-1.43554910022285486803639e-01	-3.57656269602392273831981e-01	 8.56337903552128132389498e-01	-1.69389011374128622966495e-01	-2.98564124784413853497256e-01
 1.07248406904139212403315e-01	 2.25087616764286894965874e-02	 7.95918894098301077377755e-01	 4.55530680130813214745444e-01	 3.28041080244988902947512e-01	-1.98456791299553958474178e-01
 2.33873362119168426431770e-01	 1.58380592343074000361014e-01	 2.47437308396406735466755e-01	 8.95948803698460083388966e-01	 1.98922659113001665254217e-01	-1.29225128037799508184946e-01
-6.30446048519399115939166e-02	 3.89907547895170847329638e-01	 7.35963449501295385868360e-02	 6.93966263268075533865442e-01	 4.51022559769245212635269e-01	-3.91880767489757309007814e-01
-3.32496450429415446592429e-01	 3.24797226452815460118195e-02	 5.54601398553692170878548e-01	 5.53201614569276745037030e-01	 3.05090276581156671920070e-01	-4.26258564212605883803064e-01
-3.67342858101944558235630e-01	-6.64690001448082212753832e-01	 2.60359773170920683060814e-01	 5.32438759055986698953689e-01	 1.42176231812651709951467e-01	-2.27495279189054211421706e-01
 2.33352003176171468590283e-01	-5.10168662116241788950788e-01	 2.71641730510430834399926e-01	 4.34955726154126198768068e-01	 4.24671631759030776542829e-01	-4.91887253868555918145944e-01
 3.36371907194893127179824e-01	 3.86361332382831212939323e-01	-2.02327523218890303891015e-01	 6.52727127192032741120897e-01	 5.19309272787302877993909e-01	 3.01265806606350571017483e-02
-4.13275698064445473622897e-01	 2.81740764693411915864374e-01	-5.29432793365636200633162e-01	 6.61841191002621176409093e-01	 1.62760275182255942372223e-01	 7.07218984700248021191271e-02
-3.73298273728643215108036e-01	-4.90795071282773498477781e-01	 3.60189265438741676450540e-02	 3.44372377020773667855025e-01	 3.08265663430059067007249e-01	-6.36279168652775339865002e-01
-2.30308090306750201659014e-01	-4.73566942238973553891412e-01	-8.50312674965611470234705e-03	 7.06997374676393786074868e-01	 4.57497268074009477700770e-01	 1.16065470742466897435818e-01
 6.66798589048389955813434e-01	-6.38420428902795461523212e-02	-2.26961706452477651740907e-01	 4.92821871669814948191402e-01	 4.37589004532754344278800e-01	-2.55802042452253852733435e-01
-3.14264117494239547667689e-01	-3.44851774468652311211869e-02	-7.03236807300291144606774e-01	 5.27595220877588921837287e-01	 8.96984085768097599844495e-02	-3.45114920361368704426752e-01
-3.04699152736786715855999e-01	 2.46323270596313231850516e-01	 8.03761907530271102473307e-01	 3.22476069249102492708658e-01	-1.31900869323816588574161e-01	-2.81178616044658546968549e-01
 2.61371104493658690248736e-01	-1.46107711533760231681356e-01	 6.14163936024884060671525e-01	 2.05830447984438225095261e-01	 3.33843111993131880232966e-01	-6.15891991594160193024265e-01
 3.01821077964006378308026e-03	 4.44860180742880251258953e-01	 6.59906253198257908287871e-01	 1.78109085984590159723595e-01	 5.77116281248761908706513e-01	-4.27550978278887910954964e-02
-4.06958222539837488618275e-01	 1.00913983855800054589835e-01	 7.56509492234418323697298e-01	 1.53663359565725243793821e-01	 4.37652026307916330871706e-01	-1.91684733154049796732821e-01
-3.15776784659133613608617e-01	-1.76435751533242868305251e-01	 8.71541326677481409390680e-01	 3.27926546011651720569091e-01	 9.01414663559561325778535e-03	 4.42050825787583395731772e-02
-9.98489381781650503500103e-02	-5.13136427497782099393930e-01	 6.94478902782258322723408e-01	 3.89679194354016378287753e-01	 1.49582564209004120758806e-01	-2.64944205224648843266522e-01
 2.93375958658469104811672e-01	-3.39819857314993145624982e-01	 6.02955005215453199163278e-01	 3.49603447819933521589775e-01	 5.51591700066788481748858e-01	-9.17730833693607001011472e-02
 8.35265587846132251392817e-01	 5.28939993560328530763925e-02	 5.68007559943594225737584e-02	 1.01131574762756193397450e-01	 3.41429855894041456298993e-01	-4.11710280173847198437187e-01
 6.92370918050579597924354e-01	 3.72306504977151342394848e-01	-1.37075632768386048571108e-02	 1.95011632136026347161817e-01	 5.84641881672910646017272e-01	-4.45736965497471882002856e-02
-8.15699307457935646192837e-02	 6.04616987473283851173278e-01	-4.00349271597541633838091e-01	 5.74738498069654490940650e-01	 2.87614438501104130452291e-01	-2.33363877218620785480852e-01
-3.78488020436363648002498e-01	 6.57805675418549729016604e-01	 1.42534795426670080065179e-01	 6.02516664638941934484251e-01	 1.87569293690268562579959e-01	-7.42547827610075539261913e-02
-3.37386780692564114403353e-01	 4.50980758558991778883751e-01	 2.57648263487986473041502e-01	 5.23111936428616863814511e-01	 2.69420677569200787970782e-02	-5.84834946712295522530667e-01
-6.33271677703476143506123e-01	 2.87450088301408057667174e-01	 3.87702561191277878319128e-03	 5.15478351577924209792059e-01	 3.55400303147117124780152e-01	-3.52557926026327017599016e-01
-4.72378764659209360310399e-01	-4.63072491424769194789945e-01	-3.16804064607665358810351e-01	 5.43334404235964463225628e-01	 3.22402858378713019771311e-01	-2.50801668885085371485388e-01
 1.36857842827658782169920e-01	-8.40867318001750518874360e-01	 2.31386837890184077215494e-01	 3.57904196365501081622540e-01	 2.85572725433478002976528e-01	-1.05000096841597848063010e-01
 1.28820358862335948568756e-01	-7.23980096026155983679473e-01	 1.98389864723244213617903e-01	-8.95162241130747493578212e-02	 3.80199841237455871123530e-01	-5.17044024836552207347040e-01
 7.61478006994178890920466e-01	-3.94873956322122077189363e-01	 1.17143936666863415774209e-01	 4.21726369666709455241715e-01	 1.86711162611601949601337e-01	-1.94393704807639761122928e-01
 5.61352267052927178525579e-01	 1.71167668869314060220432e-01	-5.96202776493619635012067e-01	 3.86021248646076120536463e-01	 3.87607571127448924386272e-01	 2.95884624150569257305943e-02
-1.18012350219289987446336e-02	 2.24389519425297778720818e-01	-6.86794258548334535241509e-01	 2.77565293126175782756349e-01	 3.42022177574206776018428e-01	-5.32730756525528814648851e-01
-2.43741425556540464159028e-01	 1.74689892422068865363016e-01	-9.01950042493845471902603e-01	 9.87748693746167416573911e-02	 2.85064018617724901361044e-01	-7.44426643002704391260949e-02
-5.33610195855196201009107e-01	-1.19545767371131969603049e-01	-6.53191260348098157173524e-01	 3.07370709789486884488952e-01	 4.23764131744381211674977e-01	-1.60422317128052459300758e-02
 2.34883044475262925399051e-01	-2.87679122727877822907061e-01	-5.63870662734300198692949e-01	 5.88167717415838842143216e-01	 2.53715281908026890622665e-01	-3.65797546996017686193881e-01
 5.20758673723356824147857e-01	-4.43446160002009037714998e-01	-6.27421136188754835494308e-01	 2.32346390622579807017090e-01	 2.89731664290955759355484e-01	-2.40695296345235162926990e-02
 5.14681262624250623893829e-01	 1.56836658568408365832525e-01	-5.45754916490905461756711e-01	 3.05327678879132702327581e-01	 1.56018457263461279849182e-01	-5.43222128656426717085992e-01
-1.11355127575882187351830e-01	-2.98318530864917941247683e-01	 8.99355714825684326996225e-01	-1.84195012565098320544976e-01	 1.60175427627000266372903e-01	-1.73727999027760038330825e-01
 7.74395125941232165267536e-01	 2.26924295366044553867724e-01	 3.36376987743825350829496e-01	-2.44428749874734785318964e-01	 4.02629445178894262991065e-01	-1.17525279481002373205278e-01
 9.82697877587019597012130e-02	 7.06482087308067385755805e-01	 6.07565808473744417561591e-01	-1.83468290284155205460692e-01	 2.53785926494434654898669e-01	-1.54990281869256257829548e-01
-4.24347512990505049135237e-01	 3.99765533718665799778336e-01	 3.16765862585600632694849e-01	-3.24040431232843373354768e-01	 5.62483135826674640611600e-01	-3.72003515315148025610625e-01
-7.40268810260684806401343e-01	-2.48798337378889039550600e-01	 5.04069914374789651567710e-01	 3.24326784240623944288728e-01	 1.59734416088503194952608e-01	-7.28838160082436736786349e-02
-2.07446235146454188713605e-01	-3.61701700194014652556262e-01	 8.01912582817886243624628e-01	 7.11481105647748940379316e-02	-3.26917638120551912184197e-01	-2.66715116495879367430888e-01
 1.94588297972299872906632e-01	-3.24133428102601650611092e-01	 3.91077537674546560353406e-01	-2.05271211844517131872578e-02	 7.72180134322231426224903e-01	-3.27792239168489429879116e-01
 7.08040619677447691238115e-01	-1.42622298619041798506402e-01	 5.53594922069825190469317e-01	 1.76322521807580151476103e-01	 2.43064879749084999938091e-01	-2.85831865994467360092557e-01
 8.68825048842838287832535e-01	 9.97908638093026115201134e-03	-1.42763785427361733493257e-01	-3.00266011446609637491889e-01	 3.65787870642050594316430e-01	-2.64860334854208935573272e-02
 2.32209476111636697881480e-01	 7.64402319055623613586192e-01	-9.23091104078555130252326e-02	-1.05846396800376413294131e-01	 2.72030867804065379367273e-01	-5.17728335334467271167114e-01
-2.27464911698916610882648e-01	 7.84912455340674997117389e-01	-1.74041979897163884283273e-01	-3.00808623721782297799621e-01	 3.80192904003486542574564e-01	-2.58551867659769951668380e-01
-5.60843521934947464302468e-01	 4.91233302366265112137711e-01	-1.01950462929001645084881e-01	-1.56165711205141388706608e-01	 3.39603545332149814317546e-01	-5.42247353428420897358819e-01
-8.05715420044398111798500e-01	 1.39036325434352764363055e-01	-1.85782683621803029749842e-01	 3.97652045855554567288515e-02	 4.46283955651023189759030e-01	-3.10202701489554477642940e-01
-3.80352979027360538211155e-01	-5.24384165632888255004218e-01	-1.37205964187408047116890e-01	-1.98278274895530681742883e-01	 5.16427846587702132907793e-01	-5.05485298048476083820901e-01
-1.51214618358156333011166e-01	-7.84254551487410078713935e-01	-9.57728309638310321139087e-02	 2.20027531621652255866550e-01	 4.89663346534045584856898e-01	-2.54409502387024977210217e-01
 9.85762496143622185540423e-02	-5.37521426843881267032543e-01	-3.36664378655957718944336e-01	-5.52947377963576430781600e-02	 6.24542934878731137438024e-01	-4.41473837622316955808799e-01
 7.08589680287617595944027e-01	-4.22402592504871554623946e-01	-1.87465952338687097400438e-01	-9.98347241895681941636909e-02	 4.53565790618605302331190e-01	-2.62000635448307261921030e-01
 6.51658757507101005224115e-01	 4.68780390798503088234384e-01	-1.07239852128170859435485e-01	 1.00317852527243983606908e-01	 1.69482912773988358967614e-01	-5.52537142484194498948114e-01
-1.94251114810023661760852e-01	 5.77078765230526702367797e-01	-5.92930967821585275245866e-01	-2.15513138134568529857837e-02	 4.94465609177316856026607e-01	-1.80883312461516732039257e-01
-5.33188344567196881307325e-01	 2.26913252730601172624247e-01	-6.44002781227218656923128e-01	 3.03030999946933762845269e-02	 2.66939971775585149771359e-01	-4.21076900724414726617795e-01
-7.42843029777169872041043e-01	 2.16885317769984375946279e-01	-4.42523677724316832904350e-01	-3.93018473585446281859390e-01	 1.97745450473661099621836e-01	-1.08402043053473326472691e-01
-3.40280191322386627028607e-01	-5.64933870810709115595216e-01	-5.28535482621395713564993e-01	 6.93964090975842523567607e-02	 5.22292862985527128749652e-01	-9.00203326662327302232214e-02
 1.08042268559904466873611e-01	-4.32645791470069374096141e-01	-7.89949817207235338578641e-01	-1.31626470024237690603641e-01	 3.50096261553356213891419e-01	-1.92952983022405932800325e-01
 6.49660418205052936357902e-01	-3.19529314997932023523219e-01	-6.29814251108555822611379e-01	-2.36706895637076503158269e-01	 5.81660818805502938255714e-02	-1.40580651057250122226705e-01
 3.01875253257626374736589e-01	-2.58004499388524849434745e-03	-9.11754864517532181977799e-01	 1.45474771196733076994434e-01	 1.79244744922327420288966e-01	-1.55808068565393004201169e-01
-4.92980446363337210247124e-02	-3.09919443109359593613306e-01	 6.16749233147658837417282e-01	-3.95192671711989185201475e-01	 5.97208888971314855176331e-01	-9.11280426015004668682806e-02
 3.74945474903784548015295e-01	 3.02753064382119685404859e-01	 4.91750307281173359985615e-01	-5.68416724010844087722205e-01	 3.90529332083971947309209e-01	-2.24337640159001650008719e-01
-1.90535066135167630019254e-01	 4.02337897379017317422978e-01	 3.30962504575886329316603e-01	-7.58372079189268966104009e-01	 1.82380150596117535100049e-01	-2.89644084429559689475298e-01
-4.40780846375100010536841e-01	-4.52140664713964246512745e-01	 2.60765917368585731228592e-01	-7.30100919762152855696513e-01	-9.31227094704242287781515e-03	 1.21708542038884599822968e-02
-4.80303868684741563921392e-01	-3.83700289892668189306590e-01	 2.41937046431215940778259e-01	-5.28631225267509496923424e-01	 5.13490443254479900225817e-01	-1.42917245934078229741004e-01
 1.75959852571519137498512e-01	-1.13279322753193259498694e-01	 4.81582872011068807704959e-01	-5.65010674909003918209294e-01	 1.58438876438341508245955e-01	-6.16395913660194083583121e-01
 4.11022692213241641612242e-02	 6.18288911550763264912689e-01	 2.04805488192581208739540e-01	-4.93746131813070976424029e-01	 5.14798377176330590465625e-01	-2.55502496075233176409114e-01
-2.33324935658279414285587e-01	 3.43933040551610003099370e-01	-2.72583426490427827015850e-01	-6.81625199121824953962800e-01	 5.01149552979861634405268e-01	-1.92883454681678556674740e-01
-4.75330158383936496324651e-01	-4.65827474891969961490190e-01	-4.54851849803179497655492e-01	-4.55792366477360211263203e-01	 3.73965933051821797228342e-01	-5.07799022719342893483763e-02
 5.59765171328997612754108e-01	-4.54477969523303493293298e-01	-2.51564365999536909690448e-01	-5.62170276153010850528347e-01	 1.42782623339105185777953e-01	-2.83559166712513466279688e-01
 4.86763101527698083259565e-01	 1.54380869229920805046907e-02	-2.17985887496233363136433e-02	-6.14517877691955427543746e-01	 3.68329974464279508161724e-01	-4.99048071732510700737606e-01
-7.24613726662302476411170e-02	-4.48674721284116895247962e-01	-4.74733856051744007586990e-01	-4.93826235866843321620223e-01	 2.83053568522224630044093e-01	-4.94049021845612779113566e-01
-2.12108001354949948780160e-01	-1.06461355333805671175007e-01	 1.87844473232691572261999e-01	-9.02983875908472843896391e-01	 2.69532079912643274255402e-01	-1.42699709897766674471242e-01
 7.64416067001727483898321e-02	-1.18717258014536836130404e-01	 2.86035353595667063419938e-01	 8.43560773349772752283116e-01	-3.30923762354904005267286e-01	-2.77743325900760507085607e-01
 2.94323557027943993880115e-01	-2.64146342236482478682547e-01	 7.15633470517465619664677e-01	 4.26634740244214993865057e-01	-3.86579825712038305240981e-01	 2.81536957339907634167986e-03
 2.49051082388049682680986e-01	 3.83327688700453694803372e-01	 1.76339409948198189148627e-01	 7.77456690703487218740975e-01	-3.52506956398498272342579e-01	-1.76742167314649784026770e-01
-2.64071335690428010689601e-01	 5.80841582258444399933239e-01	 5.90651978710839270503286e-02	 6.44059889721182776689545e-01	-3.77548658724503494177327e-01	-1.79009935853560564478215e-01
-2.28116649933392118265729e-01	 2.46115327728460897560581e-01	 4.16395885882870409044898e-01	 8.07694532981579005337380e-01	-5.68001620152387490247925e-02	-2.41677033842294330945322e-01
-4.44419180320497375635824e-01	-3.02103261742893536290211e-01	 4.59893787358352068572742e-01	 6.49514062236557943030846e-01	-2.17072469331236722611678e-01	-1.75310985885531844807872e-01
 4.28256103562406620355318e-01	-7.13331015475445973095248e-01	 5.03918203700637057362854e-02	 3.77547706803283367182900e-01	-1.11381358406181588116546e-01	-3.87644371362827311333632e-01
 8.74849706871598242763355e-02	 2.24909363737824885554062e-01	-5.71810977640595102799992e-02	 8.20440655485806802360571e-01	-3.23415726074715139184979e-03	-5.15130227338915780421758e-01
-4.40953600901210829299259e-01	 3.97298737624145692493016e-01	-2.85892853482747955062848e-01	 6.49149509140507063875702e-01	-4.64064559618820246522652e-02	-3.77399346700155791101139e-01
-5.75273835847562420298118e-01	-1.22610619019163397114269e-01	-3.97299764135500443895666e-01	 6.25173183955887390439443e-01	-2.45641754244127319406488e-01	-2.12127711403228086384232e-01
 4.20023161430621572165478e-02	-6.13011943301300044062430e-01	-1.06609408480218242898374e-01	 7.00189914394083956494796e-01	 1.33474529991989165900179e-01	-3.20944279363728712795023e-01
 3.47934558246018987848203e-01	-1.33437934437675903565079e-01	-4.46884653354442995532025e-01	 6.09406697797719498765900e-01	-5.38380021123820551309791e-01	-1.41561633724286723562402e-02
-3.36189531592678836346977e-01	 2.94240283839599603421533e-01	-3.56998151461005941431637e-01	 7.20857956689654022497393e-01	-3.78039041136933984255108e-01	 1.01989527503545354680803e-01
 1.31008704468147413324530e-01	 1.59105810714710749209644e-01	 8.08952275173490553683564e-01	 1.63865491118689421412569e-01	-4.76218237231422980570983e-01	-2.22446776085095387909263e-01
 3.67565379395859925804046e-01	 5.88950995931515897119368e-02	 5.85815235606467532569752e-01	 2.40558766394753070771984e-01	-2.07387682566392228533658e-01	-6.46041328302768169677961e-01
 1.99881200453346535850230e-01	 6.20148030706675790213467e-01	 6.88874159746940106785473e-01	 1.97453698473724570394694e-01	-1.46396279094132775178139e-01	-2.01237382648822460406990e-01
-1.47268299911140210234350e-01	 6.48167664875714422123565e-01	 5.05717471044633826160464e-01	 5.18531302255598847139595e-01	-1.82957137348396581266741e-01	 9.61977159078889094978582e-03
-6.71445756004523164328646e-01	 1.67934725767724696288141e-01	 4.18366884718976483892305e-01	 5.03069885830493945810815e-01	-9.20711676380212840076211e-02	-2.90467320805004480810396e-01
-4.88116883398293288642833e-01	-2.57495397518107904666351e-01	 5.64600177084554899487046e-01	 2.67658708641910991765656e-01	 3.27744673295511657062917e-02	-5.51315987809193441826494e-01
 8.34233613673948937172753e-02	-6.52468616376737808870701e-01	 3.68099121301666831751476e-01	 6.18951611651576527606267e-01	-1.66743222035490024079962e-01	-1.44650906176458593499490e-01
 4.24905920803647307870676e-01	-3.20480484528952169753779e-01	 4.09463853183075876529529e-01	 5.02775941539086446141482e-01	-3.14216276618310974555470e-01	-4.44489656298289292912784e-01
 8.59665447230581358795121e-01	 1.05544323390034684023719e-02	-1.13786968275237848624570e-01	 3.02716418997124536716115e-01	-1.50009832868806897154812e-01	-3.65754382555842971758153e-01
 1.01165510658567048274392e-01	 7.65611272663705988428262e-01	 3.67703293526407959390667e-02	 5.77059413160098566564216e-01	 1.08398142641714049366763e-02	-2.62940665574557586037230e-01
-1.85633157473973992024341e-01	 8.08538790776524796122260e-01	-2.60541725912631916273199e-01	 2.98123350756736515965173e-01	-1.86704495540488707439053e-01	-3.46680346707008812945361e-01
-4.92600965040316363108275e-01	 5.79486148294720448959083e-01	-1.41452147378465439842010e-02	 9.63954835304823148822706e-02	-1.00954730176313581258007e-01	-6.33921177502274835191542e-01
-8.16748650985373969568570e-01	 1.66404556123520924737491e-01	-5.53530814764258763394089e-02	 3.08831440994868478000512e-01	-1.56336478420008057055313e-01	-4.27023708655893508012724e-01
-8.09395652773779894495476e-01	-5.47609651882001946532341e-01	 5.91950072856578524138627e-02	 1.55232300272161227727707e-01	-1.26881466419285854341226e-01	 3.60877261757391668006711e-02
-3.19144790846936199368855e-01	-6.54629473951497731221139e-01	-2.57277268874551434674203e-01	 5.89141872337860972308476e-01	-2.07350959736267131949816e-01	-1.15467289672837675196249e-01
 4.85709356554710203202063e-01	-6.40913299857759577449201e-01	 1.17999742429310008895449e-01	 5.58242893795998673667214e-01	-3.44627149499439830448999e-02	 1.63002504924960184284899e-01
 5.73755092922580423042689e-01	-3.02804913369554506985537e-01	-1.94528341847838681655247e-01	 3.54146439589968831107569e-01	-5.06112232955518326349420e-01	-3.99629464605797402043663e-01
 5.35270821400447793791955e-01	 3.57724189495426725393656e-01	-6.48798076871925033515254e-01	 3.70024440444400970484651e-01	-1.39887805014102500900108e-01	-8.99606743892359672631898e-02
 1.63764880929816308841040e-01	 5.83931775831016297573228e-01	-7.38300148881156026448025e-01	 2.06213425151181600769590e-01	 1.54729762019033600939366e-01	-1.43709286908999367415873e-01
-4.70859914325397477252722e-01	 2.90779321893050113345680e-01	-4.90714416435834466234667e-01	 2.73719174983798385625278e-01	-2.58752796098166093496928e-01	-5.57729766374814639462443e-01
-7.50225923567809926950645e-01	-4.32368675237551972068140e-02	-5.53636517482774426213155e-01	 1.05418089489009714210255e-01	-1.57072746176065869416760e-01	-3.04948228754164440967855e-01
-5.73158026673378895310407e-01	-5.06206534258798135361701e-01	-5.78405958528437347254680e-01	 2.79244425671074714134789e-01	-4.42216746992640519220430e-02	-2.75383821383632446111456e-02
 3.01088325530805056562400e-01	-3.30226940239109756358715e-01	-7.64653014809170472609878e-01	 2.94236393702483778334056e-01	-3.03447298360611072975956e-01	 1.92214559415308849921189e-01
 6.17478748771566943176481e-01	-2.54551654951367001267215e-01	-6.26199949550190093638946e-01	 2.71383101380504254684922e-01	-1.88594679858191172083792e-01	-2.29304016481711364638940e-01
 2.04839752090097776404676e-01	 2.87121824397909460035994e-02	-8.16338735491530353982625e-01	 4.00506265665616423277129e-01	-2.61589436188279900186160e-01	-2.48943876238362726827091e-01
 4.11657639220502635790666e-02	 1.72402331869904418271133e-01	 9.76480742723436767604994e-01	 5.34861003306746143892703e-02	 9.41721086008888014218243e-02	-5.77843055673299341168381e-02
 6.92818119823116140842956e-01	 4.47423111843856691205445e-01	 1.48108125604071078074142e-01	-3.24072270322836919476117e-01	-4.11052873903763549279233e-01	-1.54571321486327573069275e-01
 2.40158164717260064202620e-01	 7.38734098783119796927110e-01	 4.27322972819715873882274e-01	-3.33798890311947593634301e-01	-2.45023955670332999057237e-01	-2.06234395990156610389832e-01
-5.66443895296182442500310e-01	 5.56173410822672131814670e-01	 3.83262542874427181160968e-01	-3.01991011855627822235704e-01	 4.44121198630801974904792e-02	-3.60210030638615397169389e-01
-8.03307791470153742530158e-01	-2.13856312436766421436474e-01	 3.05947726239241546419834e-01	 2.37924470197529852599772e-02	-2.95097856488281629072645e-01	-3.57364286358002269938794e-01
-3.60436404077750460750451e-01	-6.02903074197740362905051e-01	 4.88743380934800464299173e-01	-3.62042949159341376219601e-01	-2.38980673837131951664503e-01	-2.82022215130638631563897e-01
 2.38063874986977286329903e-01	-6.35518300633428401269498e-01	 6.09646817121088258062400e-01	-2.89241542500463799658661e-01	-2.08030735794194343579733e-01	-2.02077664320402000663890e-01
 7.09779464114978941857714e-01	-3.66354004696803237095537e-01	 5.78049369246206645733821e-01	-1.66889250747981443545598e-01	 1.92474256794206242254797e-03	-1.02743766490122389115069e-03
 7.35689488183844275681622e-01	 4.31562360783019460797050e-01	-2.78765562353024021202685e-01	-1.09031538293155854518757e-02	-3.12621078619214676219684e-01	-3.11374130936909299105508e-01
 4.08807884919336839146808e-01	 8.28839146562632911319213e-01	-9.63181364378341425824814e-02	-1.98790927632097991217819e-01	-2.54324228263908547198469e-01	-1.80072077111874007115944e-01
-1.00554528997034861581561e-01	 8.12002227101456086622022e-01	-8.22175945890115701664147e-03	-1.88651255071588669354199e-01	-3.97175244352340084397213e-01	-3.70318919021743964137272e-01
-3.83318880204067902184306e-01	 4.37587467886629055691117e-01	-5.76311510724266812255578e-02	-5.18334003904020401698460e-01	-1.76370442938208665806243e-01	-5.98736855144513357984692e-01
-6.76155822987489441011633e-01	 1.24794520158043445445806e-01	-1.20357875619420309765140e-01	-1.30291467290118506694441e-01	-4.79728973264231084439047e-01	-5.15400677451290700759046e-01
-6.55458037310476360204348e-01	-4.02133637831960766284567e-01	 3.96971745838569201048074e-01	-2.08199123019464721329186e-01	 1.79003269377943752260762e-01	-4.19151149802721334491906e-01
-2.65806722343405243957903e-01	-7.17992626544012635392278e-01	 7.65531218301897659062050e-02	-2.93929440076343306831319e-01	 4.09320842608600771184157e-02	-5.65599719641025955318980e-01
 2.67995144090918013812797e-01	-8.22550297802406737979197e-01	-1.90295057065844569477164e-01	-2.64017526480964659363337e-01	 9.94499592332133697247798e-02	-3.68485892409129323077366e-01
 8.08614721796343083326519e-01	-1.63386625481444537622000e-02	-1.68419874005828612562041e-02	-6.25561680243466589068646e-02	-5.49722910290536992405919e-01	-1.98703485134437057846313e-01
 3.84879266432625988247906e-01	 5.10018610018093787594751e-01	-6.18393027078429358134315e-01	-4.94910856552874880986970e-02	-5.13571185699016122261362e-02	-4.51942596553069508846789e-01
 3.01898431020306799721364e-02	 8.68128553197069607882952e-01	-4.37978050705158494793068e-01	-1.16783138958586441003007e-01	-1.26417817562618755439230e-02	-1.99545732620253157829637e-01
-4.50809985058665707580161e-01	 5.94348207656568150447640e-01	-4.61528015169244354432010e-01	-1.36439516642515440425498e-01	-3.19062760960984459490675e-01	-3.31806674898318887390047e-01
-6.17602758920493100092131e-01	-3.37717624927334980622362e-01	-4.17021317670682289957540e-01	-3.58431862839842629853138e-01	-1.28379218033904091145203e-01	-4.30873803652074838232977e-01
-5.08954640199993701976666e-01	-7.78203725521514066976181e-01	-1.69470621975663482405849e-01	 1.79034111380251964584787e-01	 3.85521549298163124230854e-02	-2.70378184036847657445435e-01
 4.67852996565797790706753e-02	-8.49859344595290111534780e-01	-3.25019481012847721856929e-01	-2.43325409763104821836421e-01	-3.19980583141629304488873e-01	-9.12016363789988071530956e-02
 5.48835386944270475773067e-01	 5.42093511932998095570468e-02	-4.68154914755404660819949e-01	-6.37127913504650034148824e-01	 5.87595813888639392774671e-02	-2.59398098488618444878995e-01
-9.15880738838527191925110e-02	 4.64144545424183208037761e-01	-8.21066671149010218755393e-01	-2.20192697815316612564018e-01	-1.20601747953494667364716e-01	-1.97487674103681509762964e-01
-3.13987739209358018843687e-01	 1.88205849838559952091899e-01	 6.78048472927162415579971e-01	-5.79801235784663804295747e-01	-1.75464608182640591227397e-01	-1.98199960473694369866848e-01
 5.41614418792690566206716e-01	 1.77763397151144142416257e-01	 4.09695588112493402910275e-01	-5.77935339319735508212261e-01	-1.82170154046251725477035e-01	-3.74176829334001037619117e-01
-4.48027914029858753686142e-02	 2.17069727928640821001949e-01	 2.73200582278902814881150e-01	-7.33294985333898030610555e-01	-3.12243530067808860994916e-01	-4.90935155959426383631694e-01
-5.80891514254676444295455e-01	 1.85673332801834595207069e-01	 2.53833576487186185488554e-01	-5.46568129288567794432652e-01	-3.78314143329780583346889e-01	-3.48999522354317581740446e-01
-3.41554151243388393055511e-02	-7.13093782399846332076265e-01	 9.17579160207818156358428e-02	-6.03653189187969063667083e-01	-2.43468058721475505423726e-01	-2.41324017730266654480076e-01
 1.02550137750922212842575e-01	-6.84661010653792173608068e-02	 3.73005329680206165754441e-01	-7.54277930687994979663813e-01	-5.22421602567830989372055e-01	-6.16713769088103394566680e-02
 4.51015099029967614363557e-01	 5.47969920678978761330313e-01	-3.89524162171357768436053e-01	-4.90478954961142410429176e-01	-1.86576911286846780502202e-01	-2.63067908490659807529966e-01
-2.29964062684877484921131e-01	 2.95154555078663838330044e-01	-1.22257172267473263049808e-01	-9.09631818436393624338621e-01	 5.07648830970805313433925e-03	-1.32656271896523514364219e-01
-3.18006952042641996558636e-02	-4.25893012292702877186201e-01	-3.28747795789939623034570e-01	-7.94217862567269117235469e-01	-5.52265988172705307723831e-02	-2.75130431232505023864121e-01
 2.68641725530034014557401e-01	-2.97469490459378982372129e-01	-6.95517284259395740519949e-01	-5.59419216130878860226971e-01	-1.69408383392381539644944e-01	-1.18110850925776666997535e-01
 1.31221796721720601608396e-01	 2.12103717034413219444389e-01	-2.45468104746155324491497e-01	-8.11576230187850189423671e-01	-1.56661245332557735876478e-01	-4.40839584931490946484445e-01
 3.37244544163962309268889e-02	 1.84779995684720227400177e-01	-6.13506312760099370429145e-01	-7.61671725769893170898683e-01	 1.29999553561375748300666e-02	-8.95332446414726229599879e-02
 9.39554835300459995073297e-02	-3.72689816598701539884786e-01	 1.40142014050305824257592e-01	-9.09362113624332280004126e-01	-6.93540110628971945283539e-02	 2.97565298776553376070009e-02
 1.10604040466597303149499e-01	 5.00801449080538918501304e-01	-3.40778139655961570531062e-02	 3.16056578626532358455847e-01	-6.84034947853233266101824e-01	-4.09887529267404071564584e-01
-5.75642011733501712811290e-01	-9.39098909383254965010934e-02	 6.41070185006887505174689e-01	 2.32839489145487965604531e-01	-4.41000675369948413884202e-01	-1.22638176891008213176271e-02
 2.08010933925348112660814e-01	 4.77433895649153949847232e-01	 4.18274379370030868763308e-01	 7.10481247017309969216114e-02	-5.72639719978603967120989e-01	-4.69968919498498449716095e-01
-4.60719343015774274174845e-01	 4.59431536407095275631463e-01	 4.94947236009177393700753e-01	 2.61998678372667159752751e-01	-4.98323704314840187912239e-01	-1.21316784253113291169868e-01
-1.97496495719032355564693e-01	 2.10748720990785939899403e-02	 4.77648560903250529730002e-01	 1.19019183660650257339242e-01	-8.44645387097603395076817e-01	-6.93645456069298116386079e-02
-1.12051307151850521037773e-01	-4.04222341331485157667203e-01	 4.52271261427654946984944e-01	 4.46429564061996186907777e-01	-6.17086888858603410668024e-01	-1.98504219982642338138135e-01
 3.30641334879597403872964e-01	-2.62887506906589324406909e-02	-9.43132346423697191795110e-03	 1.11789189879821962425588e-01	-8.75053155502951818256463e-01	-3.34187688977639507648121e-01
-2.70715994251504166179245e-01	 5.40877934214224698195039e-01	-1.50065253776679508046499e-01	-2.81352869469891853082544e-01	-7.26597816639193427867838e-01	-6.73832771667296909212652e-02
-5.76676631805108863559894e-01	 7.58789695401990496592681e-03	-2.31378858677074666916340e-01	 2.64955987248230329100807e-01	-6.90577722160284457331159e-01	-2.58362234825938119620048e-01
-4.18458153918579711660897e-01	-6.23689691657167255556260e-01	-2.83576830011306402212767e-01	 1.29382550313867639157905e-01	-5.77994671539586057917859e-01	 6.83406084733363117234006e-02
-3.44445739641842125361437e-03	-4.38474947403477588458998e-01	-2.84458153626063414698422e-01	-7.98696900089796713029244e-02	-7.59985492059179201795871e-01	-3.77960711616762423670224e-01
 3.84114798556474346113987e-01	 3.21634188360298223230416e-01	-1.75202925852171870202412e-01	-1.05391963651794748346724e-01	-5.98361452130338089538952e-01	-5.90903809247039557561720e-01
 1.75350730014964456549009e-01	-2.20565753744845632899896e-01	-5.71499662229790872380875e-01	 2.14087098780798457120511e-01	-5.58653521450079071364314e-01	-4.85864140410123934721298e-01
-2.84342094279888435437442e-01	 9.38989453032392923370608e-02	 7.09783044966854292923131e-01	-9.45029052459563645438578e-02	-5.33531595018428062005000e-01	-3.36086043426698510838690e-01
 1.44225708656444268074281e-01	 2.77187169123000953785407e-01	 5.06180176997972797181546e-01	-4.46663389261569010457720e-01	-5.88037846484246951028751e-01	-3.17570707789558759337467e-01
-3.12931885005644006003678e-01	 1.60303694271438340601676e-01	 3.56847458235720893515719e-01	-4.61113112284664505846621e-01	-7.32195784647810765655151e-01	-1.73286792219237949230770e-02
-4.34792916337001622562042e-01	-4.64070885134835686702814e-01	 3.94725462185126718672734e-01	-1.09556314555527140042201e-02	-6.45379352260256777817915e-01	-1.52153241147256368392959e-01
 2.69356660518061785669630e-01	-5.24364598894533573414378e-01	 1.32267804564760421692782e-01	-5.01063438630417468111489e-01	-6.19191364926857001904636e-01	-2.30536071847482620933434e-02
-7.39189769568858179304982e-02	 2.94155699766224243418833e-01	-1.27428881078759936862355e-01	-5.43476022745626119458962e-01	-6.31090016334537429187890e-01	-4.45117392820337631764716e-01
-4.31116578935907768244107e-01	 4.00591376819616151738757e-01	 8.61783273350988920924465e-02	 2.59922586395192334318693e-01	-5.85462056108670081400192e-01	-4.85708523726658736308082e-01
-4.71037277948569643726273e-01	-2.43853278990644045665093e-02	-1.10266936845584501147854e-01	-4.40210069407525383944346e-01	-7.40492700719778240703306e-01	-1.52499495663754369711995e-01
-1.80030552796742071564040e-01	-4.71759932878561161206932e-01	-2.58694314018797888454770e-01	-5.29028524914870290629665e-01	-6.09716421792594776007945e-01	-1.62737587874743488969287e-01
 4.85147111951298448673242e-01	-4.16409772861161264767560e-01	 1.23828321614533644334788e-02	-1.45363716214650467994929e-01	-6.27157906883474836057246e-01	-4.20266815416702521623904e-01
 2.49955445228022155035319e-01	-6.95100094844691013262761e-02	-4.20515410323795468805486e-01	-3.13711640841241756749724e-01	-6.50521939165730533893850e-01	-4.84007889116793044159692e-01
 1.18841526005089487272315e-01	-8.95637232134885441503513e-02	 5.85776719424089542531675e-02	-3.97498717975989512840584e-01	-8.57323704186413459993332e-01	-2.85332302724838116070316e-01
-1.69159640034678510067678e-01	 2.41621893239395896246791e-01	 6.27755410077316389205748e-02	-9.26271284581078879760696e-02	-8.54334239730614619645621e-01	-4.13033086131671056673298e-01
 8.81215039282758905159199e-02	-8.80797224896081726308594e-02	-1.64807363502626563755982e-01	-3.05055134170548358785169e-01	 6.36792122208372002312160e-01	-6.77312523268566168965776e-01
 3.68178133446481870016953e-01	-2.01643032821718637404018e-02	 2.23710941306035332454272e-01	 5.85236899839215007901316e-01	 5.77897869267212538346712e-01	-3.70841612319838254130389e-01
-1.95541042555573640893130e-01	 1.69552802760343235277674e-01	 4.59895243733399794461292e-01	 2.34208065368630702351993e-01	-1.54725052012408936796817e-01	-8.01697357448450720340816e-01
 4.96915366821360227067572e-01	 3.71380731365484828554457e-01	 3.91927203338791663167484e-01	 2.57183294269736462123177e-01	 2.66610012608374025155911e-01	-5.69491345145641925107327e-01
 5.69416838704330565681597e-05	 4.02790593573872368615696e-01	 6.67384880478434694417444e-01	 2.36501138365769358884450e-01	 1.80883466472751552878151e-01	-5.51094854724061167239313e-01
-3.85709988460433417234441e-01	 1.91961094261208581324141e-01	 5.63952882573985792014071e-01	-6.50583941442283986145156e-02	 2.52281199559429736289928e-01	-6.54566643687725213673900e-01
-2.86420772245440102832248e-01	-3.37385154242846041494630e-01	 2.84630417451472828016534e-01	-3.95166942990690453485492e-02	 1.74904001183866703028613e-01	-8.31244215393890706344848e-01
 6.31969047913346071432272e-01	-4.96306469269466532523438e-01	 6.71126498887658629044495e-02	-1.55338546296237584032340e-01	 7.53589569621245652930597e-02	-5.65669397179867972091927e-01
 4.27773033354423459773130e-01	 4.40933654834796739940828e-01	-4.31626209668292515342358e-01	 2.12335215318687875463155e-01	 5.33176702830133519839251e-01	-3.26990701688780305289583e-01
-5.99610528551903776417475e-01	-8.49048818602696903079519e-02	-3.43885156185582629984054e-01	 3.07557651300978285302534e-01	 2.10248418246726215263820e-01	-6.13355743587840951391854e-01
-3.17871918526779040359287e-01	 9.22811412947530385064709e-02	-1.64792392613539867562977e-01	 5.89268270495882234838447e-02	 5.40803202269576344107804e-01	-7.53222827043224518739351e-01
-1.79324478181208724070217e-01	-3.01983355208496007104912e-01	-4.74974554212032273881050e-01	 2.82250156672461838258670e-01	 4.67057350412895699864890e-01	-5.94340170303837123100266e-01
 3.76533823786253274423785e-01	 1.42547831460821894378199e-01	-5.90562352645052773825185e-02	 4.28915430296347321981187e-01	 1.68213929770280809505856e-02	-8.06327074306149582660908e-01
-1.11192332583103292709126e-01	 1.38388876921546194465051e-01	-8.50184995177944435873485e-01	 5.36122217202330414442812e-02	-9.50723588353766663194833e-02	-4.83484471478762500851190e-01
 1.89237566096915971192161e-01	-1.78449614796959810103516e-01	 3.21911260289838740966673e-01	-5.15204494729609163705675e-02	 4.64625432704851362708531e-02	-9.07692070260659567004780e-01
 5.52011273529661450343298e-02	 5.43263665209641866127299e-01	 3.99380854049603828404003e-01	-6.51584813008033447712108e-02	 4.97996636155895844311203e-01	-5.38577832548408852453292e-01
-3.30343861539778349545315e-01	 1.68003037067205568400041e-01	 3.38102631446993651120891e-01	-4.84341471797052725012378e-01	 5.91949052146534746010609e-02	-7.14313534228418811622419e-01
-5.32477877843294145066011e-01	-6.71142944087442516742925e-02	 1.50098848193649880844447e-01	-2.74543180836283706724998e-01	 5.23038534681935285419740e-01	-5.83515252550032004208447e-01
 3.58005341934752641108730e-01	-4.06415301925840632968345e-01	 5.76016101263890911710064e-01	-2.95421126286593782594991e-01	 3.39748880055200597194442e-01	-4.14923228123291687463592e-01
 3.08505496252838018467202e-01	 2.01999411484573065944659e-01	-5.32994195094554056024716e-03	 2.37532273219396933283676e-01	 5.92623487138683402442041e-01	-6.75550153527691987775938e-01
-1.36125327263512951869728e-01	 3.90958978963933445616163e-01	-7.42249235628708176060186e-02	-4.07839539416343155320277e-01	 4.55926291073463829661705e-01	-6.70007283515355767100630e-01
-5.20985771268467567907123e-01	 2.00908693334748561509784e-01	-2.88581876216400246004667e-02	-6.55828543719720880034174e-01	 2.53723695337567889396269e-01	-4.39192367593333077291362e-01
-4.80953848481931900415987e-01	-3.60038801570622457592918e-01	 6.79003100544040005814850e-03	-6.27181400246831777245404e-01	 1.27722429096379985757892e-01	-4.78894377460309716987297e-01
 1.73448096715862726258095e-01	-3.80765537476938920047331e-01	-8.62319049943165438776305e-02	-3.51712841843431267552234e-01	 2.22906923703673764958211e-01	-8.02563394395717444318450e-01
 8.86437667291496145249852e-02	 1.56890054331720624203328e-01	-4.64339538097174486797059e-01	-5.78860686962025527968478e-01	 2.97957549743522454033240e-01	-5.72763642763966740467652e-01
-2.55521191569033856438864e-01	-8.18889195970276678737676e-02	-1.02744844455829847928996e-01	-3.01206614949874273978736e-01	 2.07034943718429509385004e-01	-8.85357402202107790500918e-01
 2.08478514261889097403113e-01	 3.20583978826554372165702e-02	-1.56824389881628722953621e-01	 6.40336919728881404090259e-01	-5.49081387459161907038663e-01	-4.68394425812965253808073e-01
 7.50429221576489908357432e-03	 2.93573519189081200142510e-02	 4.00387944575030130245352e-01	 9.50222514865347173129706e-02	-6.87851877051384064110096e-01	-5.97161529475024099866687e-01
 2.17267355194681072161345e-01	 5.18087058739170269738850e-01	 3.84483399947387616268912e-01	-6.33105139914501985343165e-02	-3.57813222565453725731999e-02	-7.28879061912408365841998e-01
-1.59978907997147562491946e-01	 7.26538678040026919546790e-01	 3.33311097485173402077407e-01	 1.99001685447405957107847e-01	-2.41438659387564924507785e-01	-4.87398926489735540013015e-01
-4.54992739415945757208704e-01	-8.82056878978043495953543e-02	 4.07510530785176683377102e-01	 3.50570679354194392196575e-01	-4.83584844774746780426966e-01	-5.12232786613425195021421e-01
-1.80470395377174630535677e-01	-4.78433133971809587681179e-01	-7.50097143728094273296136e-02	 7.20150865422623798206558e-02	-3.39278499271212063970182e-01	-7.82693837143625947838643e-01
 5.47015084338467016955576e-01	-2.42621564069039702404851e-01	 5.54682730516454780556046e-01	-1.80239005467474372457204e-01	-1.57579052119348472782434e-01	-5.26231019479986739106891e-01
 2.68573961361652846502324e-01	 6.80326829904479901678371e-01	-1.03187346652117983847319e-01	 8.06673793923174536901755e-02	-2.27726812997679661787487e-01	-6.29292520077445405313199e-01
-4.52710971012769414212329e-01	-4.77219891528583017858978e-02	-8.38243189333983257371941e-02	 3.76349883270409468760676e-01	-3.49686163656392934306893e-01	-7.22377480505134172972248e-01
-6.54729421420577772927629e-01	-3.63883883241464645141861e-01	-5.60927291569534233750538e-02	-4.86271575004547929044207e-02	 1.83528624069305076882408e-02	-6.58080604465752783127641e-01
 2.62673687196040783753404e-01	-6.47191868867365682760351e-01	-3.33733152568988666875072e-01	 8.82088311597503393901576e-02	-3.27972561583667110429730e-01	-5.34247697942485610944630e-01
 4.47398057447239871908806e-01	 1.05186471358471630987985e-01	-3.86790674345035168091300e-01	 2.01788913229672461913111e-01	-3.04788779220858452312370e-01	-7.11019544902915523465481e-01
 8.08067071171432588228001e-02	 4.12782880161454368561635e-01	-5.97070073072521689816483e-01	 1.95647634851740304107182e-01	-4.15814351959584660445302e-01	-5.05379387641624155946829e-01
 7.75064405724040644818373e-02	 9.07704423160609480403238e-02	 4.97862818304920795586810e-01	-2.94509990292463386118982e-01	-2.67080720279853578436047e-01	-7.61457711953692273354477e-01
 2.12716198913566689743249e-01	 3.74202603620408524864871e-01	 1.41175555270742131286354e-01	-5.85168666277305904444006e-01	 1.48186560424190844065251e-01	-6.56057976153293753718287e-01
-3.85665457421136670390638e-01	 4.91081726635100683509005e-03	 1.25351759749071811622656e-01	-9.80688845764734057341983e-02	-3.24216289215512820653942e-01	-8.48994267848129924303180e-01
-1.83657418682869832959881e-01	-3.13952358561795041858034e-01	 1.54931371670394946171712e-01	-4.74109908993331441440233e-01	-1.84298666675641681367281e-01	-7.64822812711857369372126e-01
 1.48109894926701318729201e-01	-2.61443703577128427895104e-01	-3.56085051157612048067236e-02	-6.99399400119887326710000e-01	-4.54146090269403668315817e-01	-4.61556595720452822462221e-01
 4.61188902441418135946805e-01	-1.07524152268222317196944e-01	 1.04511958780004438063216e-01	-4.68542783812383401009782e-01	-1.22608262539274912028553e-01	-7.28186430188237809879581e-01
 1.74348609464651943534719e-02	 1.42628796327944729060988e-01	-8.72511994328839385337560e-02	-4.33885914465539090922874e-01	-2.08344316858341011000633e-01	-8.60276664300837823340373e-01
-2.88254799394355554209568e-01	-1.44149869725836876632741e-01	-2.36225926872452030025329e-01	-3.67352551631398460685318e-01	-5.39664489936414581983115e-01	-6.43538373579202516161502e-01
-1.06267310581941845648579e-01	-5.66443565387177994097101e-01	-3.14420897986654068745338e-01	-3.92120254684200086892076e-01	-2.57100843876533480258928e-01	-5.90871650011050575379556e-01
 6.70792828491059145434861e-01	-2.14603132774279642402959e-01	-3.05285725765734927694695e-01	-1.40688533259963777233281e-01	-2.79851828908616317992397e-01	-5.59171523557647209834442e-01
-2.73937037670623662055647e-01	-5.36986783001479270338585e-02	-4.38830908661231866574326e-01	-5.50151862830964955008994e-01	-8.19540702486195038467542e-02	-6.48165752827100205557542e-01
 1.88137236142670694061252e-01	-2.11577639184079013823236e-01	-3.50545026706619133882725e-01	-1.12083883599962214061563e-01	-1.97241670583762268575967e-01	-8.63417855761404284820060e-01
-3.11066654179985441208700e-02	 8.42655379300184803614826e-03	-2.23342362860691312498318e-01	 1.89648507165301682952929e-01	-6.27733477254176275295094e-01	-7.20460743395434977109915e-01
-2.03181372880427563165640e-01	 4.01532845956859951730422e-01	 1.04509886169372234743236e-01	-7.63562203354252316822581e-02	 1.02361204632704816397393e-01	-8.77643605586746033964118e-01
