-1.32287348458619502533651e-01	-6.12107314050556183815388e-02	 2.55262886529055710305158e-01	-2.33498750791628323364435e-01	 6.79872760561586603200723e-02	 9.24364769034775157763306e-01
 1.69098045972229826805489e-01	-2.50054682545812090310733e-01	 5.57735991670846087409075e-01	-4.15644089281326623019908e-01	 5.75147937082951643539275e-01	 3.07007999398951347824749e-01
-3.47638281400737214621444e-01	-1.72588790166919359148068e-01	 2.88670696309172247762120e-01	 2.33591774421231558600542e-02	 7.22908106975153286199998e-01	 4.92836871190322434177489e-01
 1.48518685950034340370607e-01	 2.47972307711808143126930e-01	 6.42885235703654966954446e-01	 7.73859920892447233908840e-02	 3.95628343693452066975880e-01	 5.83643838432952866135395e-01
 2.35197058850945855956738e-01	 4.84360707236841991907284e-01	 6.00352083253026025388976e-01	 3.49344915837813296821679e-01	 4.70685266478724773087094e-01	-7.78969487513190006477970e-02
-1.70400988737837821851429e-01	 3.31212299799615805806496e-01	 1.83804135345104285859108e-01	-4.61457764656723057328236e-01	 5.85212892969076192706268e-01	 5.21594245241874143736993e-01
 6.99851546100607319056408e-02	-5.98861971221987254843100e-01	 5.51997707924309022331499e-01	-9.32308654906326139677475e-02	 7.68254439514707704317331e-02	 5.63179194294460616632136e-01
 5.00805951376511515604761e-01	-7.00483591230091851009831e-01	 4.72795104955794631695909e-01	-1.04127657192302283672980e-01	 1.49795579826631608533205e-01	 4.12267083957205682231972e-02
 4.27817037026269553212643e-01	 2.50768554371369245536982e-01	-4.87799454475234484096546e-01	 3.36983308474566811696604e-01	 5.04712233586166791887706e-01	 3.84509061349948333408122e-01
 3.48629688057825237734733e-01	 2.83104380939856903331986e-01	 3.06363951500864366284116e-02	 2.33101168920714751919832e-01	-1.60236232826007317375794e-03	 8.61993003957884362797870e-01
-9.14972397925747804592334e-01	 2.15432149996371447020493e-01	-9.81541589872984010511914e-02	 4.17447287221598406503631e-02	-1.34707955272234169985524e-01	 2.94773481279662630250016e-01
 4.21270758428766781134023e-02	-7.43584459086020665985473e-01	 5.61843382178282765848643e-02	-1.26901166537532250622178e-01	 5.97269017726166806525612e-01	 2.63280451650966029752965e-01
 3.29734257384280249336683e-01	-4.97067251985458147256480e-01	-5.26064991013501570549238e-01	-1.20556636027349360629213e-02	 3.65431172127750558686898e-01	 4.83497477918202911428835e-01
-9.23388522636713060531832e-02	-9.99498275749575032511629e-02	-4.40173651487581862884468e-01	 2.03434272455203485341357e-01	 2.66229608714599441654514e-01	 8.21868004670303742287274e-01
 1.32809171032162914860564e-01	 3.03960500753449047728338e-01	-3.85551583053552249236162e-01	-2.91003938788166494067156e-01	 3.49737301051883608948856e-01	 7.30972121724952850208012e-01
-1.98542980265876717327345e-01	-4.51001018622401883551021e-01	-1.98228660522922400799573e-01	 7.19729819123709702033409e-01	-6.90845591188559288164939e-02	 4.41701794756930166130360e-01
 1.20039525921730824697953e-01	 9.16171818361946749265101e-02	 2.03505436288207913753112e-01	 7.58384264060254165151775e-01	-3.49946793438372760753907e-01	 4.88029600944464736489437e-01
 6.00121927895545304032510e-01	 4.18553343323869619929667e-01	-2.56678619507637539864930e-01	 4.97196843267713628478077e-01	-2.12414488480151569804733e-01	 3.26279390809984137789002e-01
-5.30861536785937060400897e-01	 1.60005871738672200699227e-01	-5.12341446949244216924058e-01	 6.29493436497836067466949e-01	-1.16202108755994321098726e-01	 1.42567439603792089908296e-01
-5.65040477567933407954115e-01	-2.29752831904443705068886e-01	-4.49024361862470133832659e-01	 1.52003466653398783270390e-01	-3.08183524139256204144033e-01	 5.55191749731702599568450e-01
 4.81128803706743268797652e-01	-2.61379880882937676300770e-01	-2.98557430081462960025362e-01	 5.61588713235868564055409e-01	-5.02367533822759785439027e-03	 5.43738883020765340070568e-01
 2.62624641551038214004610e-02	 4.72998394966027829733335e-02	-4.48728594654024481869214e-01	 5.03218110821384234654374e-01	-5.23404697394994289361136e-01	 5.18203350226658754351661e-01
-1.49042657535579492478206e-01	 7.12650240323257216923380e-02	 7.37947448281425444349679e-01	-4.77267746305809925644326e-01	-5.33389204571350639128013e-02	 4.44422776261498231331615e-01
 5.99995824216828288477643e-01	 5.04031057433413920421117e-01	 1.56391045102262982169350e-01	-4.55442378154817598123749e-02	-5.95497938935647508351678e-01	-6.93359373048948041118322e-02
-5.56041387991493940567977e-01	 1.49057680622994903618661e-01	-4.88573099428488755169298e-01	-4.85986912876285259699216e-01	-2.95457055014954395044668e-01	 3.26217654883199648097047e-01
 1.52219568282925210578327e-01	-8.12221833739812049124396e-01	-2.24327252628762768837944e-01	-4.02061354266074311158974e-01	-2.12229014391129948424730e-02	 3.23571376077001371385222e-01
 4.90823702946166617877566e-01	 1.14926532023431629547794e-01	 3.19772808695909793730294e-01	-4.77306990061328983987465e-01	 1.27793725808790670228632e-01	 6.32041245936142637162902e-01
 5.53407139023561978063981e-01	 4.75657551349887131042493e-01	-2.14620674031231473133374e-01	-2.97238878918305082788009e-01	-2.58276096574162838948041e-01	 5.16111330429558035071125e-01
 1.57951258083241841134736e-01	 6.92639702805225576653925e-01	-7.62343660094355890510798e-02	-6.33594253153763276031896e-01	 1.96496697789251523191822e-01	 2.22345078055247641346526e-01
-4.51749508934315258112946e-01	 2.06836152201603146183473e-01	 1.74245884196029793278271e-01	-2.49320700679431600521596e-01	-4.64309881586913941742267e-01	 6.67109497184867894503668e-01
 2.76978556631438777024812e-01	-3.45576420137725659476047e-02	-1.56584903555115978468493e-01	-1.11644646067753580687132e-01	 8.69387320117444795108952e-01	 3.59542733408507841907920e-01
 6.66926111943971666740083e-01	 5.65630074186807146083104e-05	-2.30175637541993327594980e-01	 6.66229387863954580772941e-01	 1.64293494228435144055567e-01	-1.77129287218945108417500e-01
-5.48892413758784059041318e-01	 1.82324228623469669630097e-01	 4.80015703707020235935232e-01	 3.22240837723594686359263e-01	 5.69364125073163251933295e-01	-8.39360086758608181511931e-02
 6.03479317839015205748865e-01	 2.00900521508509982693269e-01	 3.62362960131844685784941e-02	 1.77787440732964874268163e-01	 7.43013945212543269747130e-01	-1.02276719671315366455566e-01
-1.74961251627531705343799e-01	 8.20892252025794966208139e-01	 2.81296109635240709767601e-01	 6.44421454146020585701526e-03	 4.16450780336437120787707e-01	 2.07181537191761661054201e-01
-8.07279177782028400933712e-01	 9.80409948173566192508588e-02	-1.50158659599985283561452e-01	 3.14623162878712725465391e-01	 4.05018063272020667486828e-01	-2.30463236125650616781257e-01
-6.27259773118241215072999e-01	-6.07648821250296802820579e-02	-1.40619234493581213296665e-01	 4.63073927938759233313704e-01	 3.95089127585175781121052e-01	 4.61027282864882759216840e-01
 1.82959040485296070555066e-01	-2.67523541226159566885912e-01	 5.42148065766893783035130e-01	 3.38211404917947766612940e-01	 6.76935784008245500231737e-01	 1.68533703134717216531868e-01
 6.66333214108049132207157e-01	-1.72461268444776522068551e-01	-6.11337226305146752558528e-01	 6.24830493702414960233149e-02	 3.70014777427811192289653e-01	-1.08207612591854254735502e-01
-6.29846910271191884334030e-01	 3.47523347924299008671056e-01	-3.82135235716101029357361e-01	-2.65810973075947309940403e-01	 1.17579747965502370843360e-01	-5.02008549084880684176824e-01
-1.12876774971734844532634e-01	 6.12353180018214079960437e-02	 2.87360298351311604925229e-01	-9.13793924634208609703023e-01	 2.40720923396697983331904e-01	 8.92593343762579649602884e-02
 3.93422111453875400499669e-01	 1.44527411063840094396227e-01	 5.08596394517774053056769e-02	-6.29969543205714077593882e-01	 6.51098864503846352924654e-01	 3.08676209024850815854091e-02
-3.81702118276055324397333e-01	 4.57609433602546578079284e-01	 4.60960363194303501810367e-02	-4.77126835435153107134454e-01	 6.12628420829302355876678e-01	-1.99521065346489528957719e-01
-8.06841720874159951115701e-01	 5.57655131335194342856454e-02	-2.06278306995098303922020e-01	-4.13420842732645565931193e-01	 3.63599592527039106037989e-01	-1.49815944884322538310784e-02
 1.11541215343063299103576e-01	-6.24662647633166479010924e-01	 1.71730752051826002224644e-01	-6.55775149511864663409710e-01	 3.37268283979925642679376e-01	-1.55153925620196198043033e-01
 2.61307352507615719972023e-01	-3.31051421187576189186785e-01	-5.32716654586250837333239e-01	-5.60422323014638124050180e-01	 4.70589032553130448555123e-01	-5.30016253445631732588161e-02
-2.31189008719257155233251e-01	 2.07441506460409513801224e-01	-4.60195671625798330417467e-01	-6.49399310864287926392535e-01	 4.71250759371701022359957e-01	 2.18958590382535317475643e-01
 4.54469157850407978749274e-01	-1.53638073902589555180809e-02	-1.95304491679155756145292e-01	-8.65191938288657258482317e-01	-3.02538642777552060914026e-02	 7.48699347651797381120176e-02
-3.27521430653735123872394e-01	-3.13121991660663345768967e-01	-3.28798061287278953201962e-01	 6.77613856440313355733451e-01	 4.20981887651035557862400e-01	-2.24030974475794841804799e-01
-3.55723847442201354662750e-02	-5.34258311055531773248184e-02	 8.30679206193891683795982e-01	 9.19121476584164459611159e-02	-5.29834890687478465842730e-01	-1.29149092657987601961977e-01
 7.68006723315786565819963e-01	 5.12270819092977447439807e-01	 2.10403019082384651339268e-01	 2.79112664183378156312898e-01	 7.84244135391474750385044e-02	-1.39357749917520062910015e-01
 2.90914487252013409523954e-01	 7.17774142642713552930900e-01	 3.23916846851240003424266e-01	 3.65609990579312149616698e-01	-1.93396926585257311614896e-01	 3.52383145400483321907359e-01
-4.21513262593957604984496e-01	 7.55872696724626091935306e-01	 2.33434693749324462253014e-01	 1.60671921074627438441595e-01	-2.84252985586752715541081e-01	 2.99793351362240556579053e-01
-7.09295776706532432598351e-01	 3.70664813844012619448165e-01	 8.06995356361006610512732e-02	 4.55143349015079301533859e-01	-3.06319620147771143336968e-01	-2.28051538105404932865738e-01
-7.53765533337731608032328e-02	-4.87975402515828993177394e-01	 5.36294068318502903380818e-01	 5.00012565085205751280739e-01	-3.02737997798005920024877e-01	 3.56264218634978702127114e-01
 2.50792157096513534941806e-01	-8.50017757443718657839327e-01	 6.52577042617263070045652e-02	 2.96232488324715437233436e-01	 9.12391697648357036243283e-03	 3.49968005685765137791066e-01
 7.54747862989281093071270e-01	-5.33553130737775327396832e-01	-2.82471744085151077463536e-01	 3.89824323323682553343872e-02	-1.88474837373702880372051e-01	 1.69835330343640594774612e-01
 3.23525372606803918174023e-01	 1.75408656810711799378666e-01	-8.48994553450400646354979e-01	-1.74648659809896605876745e-01	-1.63189688982716935017336e-01	-2.94343941067888803519992e-01
 1.28069201826974038427309e-01	 4.52705271855697422012099e-01	-7.66526647755706780351659e-01	 4.30426697794463686275179e-01	 2.83651625538472486331987e-02	 7.08617671026273848733368e-02
-5.25756911696633744135454e-01	 2.64841182892373905310990e-01	-6.61914221789585477395690e-01	 5.92668596721918489178549e-02	 2.65550853242390860753375e-01	 3.75870408953549783870329e-01
-5.90269142851386652282031e-01	-3.51769678661755402782063e-01	-6.57512356229419059339136e-01	 5.74295238975320934682323e-02	 1.83975260334725970734482e-01	-2.41604815653589211077445e-01
-2.11955829286898794761029e-01	-4.53886298139337618362532e-01	-6.31336874604651598907878e-01	 4.44591385760351953670977e-01	-3.83664121661464518897589e-01	-7.49402896613629715405480e-02
 5.15411245289492003784915e-01	-1.30951528708485198659872e-01	-5.89165260579228022841392e-01	 4.00451774131193261041517e-01	-4.56779941999294836207923e-01	-3.28283759415101752954236e-02
-3.62973193771981839095275e-01	 2.42174303589976519512916e-01	-7.18851456422616053032471e-01	 1.95777363287086808574244e-01	 3.80333206406123947029840e-01	-3.31470250568514646083429e-01
 1.12866517087628001614341e-01	 2.22997622005405210510176e-01	 7.73219283978835769666205e-01	-4.67353735300172767885840e-01	-2.42460875222071159384996e-01	-2.49916703865952938290462e-01
 7.74851021305733356214773e-01	 4.38208740013425079862230e-01	 1.35731427163130774493638e-01	-4.22827049603263949162368e-01	 9.79125172141747518450572e-02	-2.80428196540749088971900e-02
 2.28566818945707767030129e-01	 8.47850326220514594055544e-01	 4.04492689904496327546468e-01	-1.94068673988846446265555e-01	-1.36507374218218680006487e-01	-9.48461068198894752256933e-02
-3.37749271709722020951006e-01	 5.81116110384664485977169e-01	 4.44292385545170698257778e-01	-5.71034028153768580260419e-01	-1.25246695052106310486195e-01	 9.52217198255638774817555e-02
-8.84327655093508968597860e-01	-7.86401750317179681903923e-02	 1.22417884121524878082710e-01	-5.46952033871194037706331e-02	-1.67680587324454510866900e-01	-4.07045253400618090022789e-01
-3.68036988374885021269023e-01	-8.77926123512812739413391e-01	 3.00158800747756193683102e-01	-4.44871965481447202706011e-03	 5.91055683271911463938508e-02	 1.36356833907131328592621e-02
 4.36167558308878725026325e-02	-6.70673664525312185347161e-01	 4.40879670856084648900008e-01	 4.47190200590131814450956e-02	-5.80368835561356322116922e-01	-1.22848500613256805813478e-01
 2.13323611810914526287775e-01	-3.99317878585140395575337e-01	 2.92903473120711466126664e-01	-7.17169002817655498738247e-01	-1.55723573185593600065602e-01	 4.13115739317536811991971e-01
 5.86143068550827761598043e-01	 3.02068482511342717433678e-01	-5.16791180913570347144059e-01	-3.89568367666015824557491e-01	 3.34466757414710769147348e-01	 1.85704834324787265709134e-01
-4.83116172888491263170962e-02	 5.71084979402150194616183e-01	-7.28975514316107742196493e-01	-3.22278910732874401823267e-01	-7.53640195613305696742401e-02	 1.74869098802902134259796e-01
-7.24917504605548712603991e-01	 3.96456802748622882948126e-02	-5.32918747189147445908475e-01	 4.69289409014315705981346e-02	-3.87016827948152952743044e-01	-1.92187642259269736433325e-01
-3.41630227615419446163258e-01	-2.41728258432653830833914e-02	-7.80781145509027996176599e-01	-4.74067531938865194263144e-01	 7.03540026885440678006134e-02	-2.08315996397039543408525e-01
 1.90746278610518210649971e-01	-4.90177997693757694364081e-01	-8.42386917300102844308185e-01	-8.20270087373960316012855e-02	-5.25640063579253628833765e-03	-8.34841866748296385081218e-02
 4.71051320086758762428758e-01	-2.29543294450839402420783e-01	-2.06764915364174017842203e-01	-3.10555752635958248752956e-01	-1.72309249903483396870740e-01	 7.46011693268969988679373e-01
 1.83816637301551122352095e-01	-7.87342084129077357523840e-02	-6.85257005341952774024605e-01	-5.83936163233703009467490e-01	-1.35420452409672320559508e-01	 3.62098140348143082700716e-01
-2.71827605608090883126948e-01	-3.56139377692482883563940e-01	-2.78601839896370495619493e-01	-8.39079572715392463244655e-01	 4.44734206599525921932425e-02	 1.24992386964558499506950e-01
 2.76474101206068134661820e-01	 2.59840141494555865175897e-01	 7.58504365791653478723333e-02	 4.91949644302943189799748e-01	-7.79727526126659298277843e-01	-1.73901113206231909547039e-02
 1.60048018387533227957498e-02	 4.64330469091396746961209e-01	 4.58031225436088651470357e-01	-7.10662739868575116242155e-02	-7.29235981968562985144899e-01	 1.93682538244807772587208e-01
 8.49550409611688039923649e-01	 2.42360488858827827218789e-01	-3.88647219213886396804725e-01	-2.64807819130138157037724e-02	-2.03568070358832536870253e-01	-1.62288763892308424141575e-01
-8.44146744848353197676616e-02	 7.15278948312181639401786e-01	-1.33161103159180366217740e-01	-3.55440664271980566457643e-01	-5.05882133574610315385200e-01	 2.85067554362755215535685e-01
-4.03921693369147849494993e-01	 3.37064262752169774284283e-01	-2.10667274915031954574118e-01	 1.98339370471674492080183e-01	-7.33911857571959758139712e-01	 3.17630488330680027520003e-01
-6.22960630497232492608362e-01	-6.75700088476016702543347e-02	 2.72554128415930019269098e-01	 4.58197269640285897995824e-01	-2.74360236722802686148981e-01	 4.97845675323039638104916e-01
-3.20228386156786115623873e-01	-7.00211493542489793462380e-01	-5.51319410553134936492370e-02	 1.83599621937307194707856e-01	-5.30828693026456743808694e-01	 2.97708232284885410123820e-01
 4.11455641140577421666080e-01	-1.41887339880405860537138e-01	 2.85049946621060923401814e-01	-6.94287848423532777397682e-02	-8.38341100775463532457366e-01	-1.47250156782556540502327e-01
-1.90546767248076037715165e-01	 4.88912826453059765063891e-02	-9.09042778981020149764447e-01	 5.84641113148911609198599e-02	-3.13292898639721095754851e-01	 1.82680883797813414792799e-01
-1.48639586812773699664447e-01	-1.04343267756224447606606e-01	 4.34347852352733765357584e-01	-5.33590536828508987809983e-01	-6.74817378908977083540321e-01	 1.95610181207754862953152e-01
-5.06212545575562486432908e-03	 3.54041157220369884228717e-01	 1.94035051812392222991832e-01	-4.83169611910915897112773e-01	-6.91581230654279677239060e-01	-3.53895690960855102691340e-01
-6.27164302977153531593046e-01	 4.41269144409554781027794e-01	 1.73367804771638947536339e-02	-3.26669621093447881676752e-01	-5.38938938776412079789679e-01	-1.20323290476720065611538e-01
-5.09995330194257801004198e-01	-1.88780413301433774853066e-01	-2.36126502939885962728539e-01	-5.93623648580000495833531e-01	-3.58024768884359356757585e-01	-4.09805102524405995279011e-01
-2.32177157565457786825291e-01	-7.22049498702387215764986e-01	 1.20505438471967263325269e-01	-5.18240179470788375759582e-01	-3.75596409074185122456413e-01	-2.38994163066285521257459e-02
 5.21287617891732724118015e-01	-5.98759742375356007748621e-01	 1.17182700276486723156566e-01	-4.56962680532512988129668e-01	-3.42518083802872796983507e-01	-1.72860278745061352045909e-01
 5.37461345982855678848900e-02	-1.43713442570425953270785e-01	-1.62011564707522176531640e-01	-7.21633411598505802864167e-01	-6.55318776411120462732640e-01	 3.54582699153576990855341e-03
 3.92168315062557115702191e-01	 4.76181132142542762331061e-01	-3.65653818932599794511162e-01	-5.74428033533201043425720e-01	-3.67555588227011564850244e-01	-1.43833760316282754931905e-01
-1.40403783915832636175480e-01	-1.28382836078465373264024e-01	 2.93418775389870711833851e-01	 2.04961409375995023962602e-01	-8.39007371762447107244043e-01	 3.62997930994312101304899e-01
-1.14304699646579771554755e-01	-8.06344925756287966844837e-02	 1.51285047854386622834255e-01	 3.29116581699944232841659e-01	 7.82483346441859795028506e-01	-4.86772469160658804998576e-01
 2.64900034441308329657971e-01	 3.97034775783137228177821e-01	 1.50121580583103347850127e-01	 4.50754921960999033192508e-01	 3.41581881192024483517855e-01	-6.55588810447760628186131e-01
-4.67061766213643980716341e-01	-8.50895108247871206907931e-02	 7.48155947269710241975815e-01	-5.76099371042108412965810e-02	 8.83557912883860402386560e-02	-4.51386873476183891895630e-01
-2.47506142514972195256551e-02	 2.50539385814609660840802e-01	 3.47298432933153211621402e-01	-3.13423752896456325744978e-02	 9.02612334830626195092407e-01	-1.76025638699687167476604e-02
-1.37876663611054661728872e-01	 4.96422930247460203467824e-01	 5.74654994614655634244116e-01	-7.56197001160545667630686e-02	 3.53630125636264891486604e-01	-5.23023261736299094337710e-01
-2.76771867418966366347632e-01	-4.45321695241769066608839e-01	 5.05220534122376219166028e-01	-8.24034181256624864708726e-02	 6.50149158113880409892715e-01	-2.00882756697870173967502e-01
 1.03179017198496827956156e-01	-2.36653467745410767131276e-01	 4.80873966570950106547144e-01	 1.34539550992860884592872e-01	 3.08036793353940796524881e-01	-7.67542766265962517202581e-01
 5.07267096966529384971523e-01	 4.48702664929178929309472e-01	-4.84386921200800124598373e-01	 1.34228606496734098607604e-01	 3.31308923221391382618606e-01	-4.23004018872208453760919e-01
-2.92220287414148349736109e-01	 5.69867677167781749858477e-01	-1.25815999301686465283723e-01	 1.94555772795292153398705e-01	 5.98235416479564463543284e-01	-4.22245078365936943320946e-01
-4.79889491375396270989029e-01	-1.56359895662399245308549e-01	-1.20338063037926948362077e-01	-1.35370744498166412084217e-01	 6.12672452887385809994214e-01	-5.80589042858331461083310e-01
-5.69925687357425714285597e-02	-6.30227085583598745088807e-01	-2.90293490760239969450396e-01	 2.34177735815434773236632e-01	 9.98232167156539451635666e-02	-6.71186613678219412548742e-01
 5.90905523957166445292444e-01	-3.20598389461846877690476e-01	-4.10521815893839014943723e-01	 1.36505397730469715420962e-04	-2.29808341324346854239735e-01	-5.71583135449805435079895e-01
 3.18026486764409754837146e-03	-1.56556461622292447666283e-01	-6.19446065447262772529768e-01	-1.37797707357555448970388e-01	 3.46572137637093213857753e-01	-6.72804635464294475966085e-01
 3.45700244606734929941894e-01	-3.48654321254251386985601e-01	 7.02835286303891276782352e-02	-3.77453700665325631025127e-01	 1.25970955908311949000833e-01	-7.71784784039203031191789e-01
 4.34836055717434666334498e-01	 4.61266792271703807148953e-01	-2.98292933069911281318554e-01	 5.21554546520308526247334e-01	-2.68722853309120435216784e-01	-4.06128994519507902083433e-01
 3.45543133790375101010994e-01	 4.08736550597275316576429e-01	 6.36172225451319017786034e-01	 2.53281596302643519091902e-01	-2.95099920371894086645881e-01	-3.96968190704709567029340e-01
 6.00391773586396504391871e-01	 8.83821273983647834326938e-03	 1.59580207366265963697671e-01	 2.85584038918255733729978e-01	-2.87404009276215899326701e-01	-6.70691027067888412283025e-01
-8.05874164899496869818307e-02	 2.87091603523958405208560e-01	 1.67195152057902418629709e-01	 5.76067913269433629075422e-01	-4.19990552344781997717860e-01	-6.12277352072063907328925e-01
-4.96583458803099675460402e-01	-5.93008854178213029584299e-01	-9.95173299657919202543255e-02	 5.36207024148451227851808e-02	-4.60215451765634497860447e-01	-4.20913561880066344755846e-01
 5.40647029591780570179083e-01	-6.43574567744407577407628e-01	 1.54989412326768327687887e-01	 3.47555861770219742812316e-01	-1.58117571251175176305637e-01	-3.51702436476598656600601e-01
 7.14071847755949062896974e-02	-2.06615258014062219693585e-01	 6.73957406182280061024414e-02	 7.63895006786778130170035e-01	 1.53690280257475248015808e-01	-5.83534643037869726889255e-01
 6.02522297665840020353123e-03	-2.10254393138827488929365e-01	 2.92952788347689951908848e-01	-8.13481213032776429017190e-01	-2.33092922370344596272318e-01	-3.92239029466464328432806e-01
 3.64179641103549556202523e-01	 6.16247776427924720543672e-01	 2.50049491875427472298288e-02	-8.83617388728938080166841e-02	-1.64155906684694485875298e-01	-6.72481717947292056969388e-01
-3.91817745026490582560541e-01	 2.98115836331686090421300e-01	-1.26566876089019009210546e-01	-3.56530595306338016214909e-02	-4.31416082947404022629456e-01	-7.44443182122118574106651e-01
 7.41152904586393490582452e-02	 1.87633387242985560927622e-01	-3.33536150360154215466224e-01	-5.14378626762455049004075e-01	-2.48811793318140961339680e-01	-7.22192212607326244899753e-01
 7.98270586168133358673238e-03	-7.43532464119549985070989e-01	 3.45286702435425307822214e-01	-1.77144891451112729274797e-01	-8.02326126666778188800677e-03	-5.44452164143119587969011e-01
 2.68440023878606937035585e-01	-3.91152469594851281975423e-01	-4.67623950696033074958535e-01	-6.32341926743897997376109e-01	-1.83744759102289489938187e-01	-3.50212922419479710800516e-01
-2.67048471264156539461965e-01	 3.67813738470585627204912e-01	-2.24795773101141682648318e-01	-8.36715293389692083003695e-01	-1.69230326119951007823872e-01	-1.18884997845670872806956e-01
 8.44469643865219526945864e-02	-3.78415129120944604412813e-01	 4.18096909508341128824949e-03	-2.74734630197282725383445e-01	-6.33695737617318788359455e-01	-6.10412823302157514504529e-01
-2.55525454192766197925035e-02	 3.03153614712903030081748e-01	-3.77578568083794460785718e-02	-1.87487823504445594302581e-01	 3.68662480164327843734640e-01	-8.57295508745372414338703e-01
