-1.85997269259832759269457e-01	-9.66547191554701229376789e-02	-5.84293071170150293824896e-02	 1.34503001052974996420986e-01	 9.66725317693930774609612e-01
-2.20307497205479096979985e-01	-2.11740225350910554746875e-01	 2.42578916581580594780121e-01	 6.35678499258894080803373e-01	 6.66107347545026318158534e-01
 2.48804739170707944762029e-01	 1.17413780128981584671699e-01	 2.80353977756085281924925e-01	 4.97242054509681619123285e-01	 7.73603381834225500846003e-01
 4.24160758950871574768371e-01	 4.82434266819953896932027e-02	-1.53282993106264947558159e-01	 1.21345753044276374876809e-01	 8.82915485531147403719388e-01
 2.16836102442833245085296e-01	 6.16792773672287908404144e-01	 1.18549510386502507386375e-01	 1.29889276825906119228193e-01	 7.35950792088581606797959e-01
-2.88806975809019539358502e-01	 3.45904375163457289410474e-01	 4.03570249620070931051430e-01	 2.82229007519346597465670e-01	 7.44592865197528430698526e-01
-7.50507960046081445959487e-01	 9.80497727353287079621325e-02	 1.08837347703196640757994e-01	 2.49315534130968741166612e-01	 5.94239211227215124999645e-01
-6.30249258098035003428095e-01	-2.01681547312560938145509e-01	 5.96123038836881891100461e-01	 2.65043155536537899941152e-01	 3.69458894075651744781652e-01
-9.49220195522600396209612e-02	-7.89622696923517608524890e-01	 3.59365535522187584671627e-01	 4.23349706561327032705577e-02	 4.86364029144576826002577e-01
 2.31377180017416056445612e-01	-4.68590775304187745486928e-01	 2.48649204337901413852663e-01	 2.09550823567920541101728e-01	 7.88130262958569138831422e-01
 1.59289634268136109929159e-01	 4.47324171644918111567790e-01	-4.41321001596959305857126e-01	-1.56928974459330898560960e-02	 7.61260405115174454415694e-01
-2.15950186870349725154483e-01	 3.09199970090610731787706e-01	-1.94173351982839581530982e-01	 5.02302226051269617990158e-01	 7.53491923228321036631883e-01
-6.69382640847310028675565e-01	 2.85364242517490873662922e-01	-4.23579245788470670763814e-01	 1.33469739293056055551290e-01	 5.22743321769885360694730e-01
-4.94686029449360020748827e-01	-1.72426070990733953935958e-01	-3.00183588677089163709866e-01	 5.71181287449899155461708e-01	 5.56054612665289771378241e-01
-9.31172914364284121102600e-02	-5.84697933822364901423896e-01	-2.92495699422457677840725e-01	 1.41014051270722917674760e-01	 7.37576300719448130216449e-01
 1.53488031807079261525928e-01	-1.87651566328056573773608e-01	-3.36127852576955821195526e-01	 5.91010696643446964415602e-01	 6.92064113302841121821984e-01
-1.50603976158219965419960e-01	-9.43724888765259777023697e-03	-6.28064441536639539442888e-01	 1.05511029410994022770254e-01	 7.56063397241705126283762e-01
-1.41404699206169770508978e-01	-2.32550960988656296724031e-01	 6.35143038207599430755579e-01	 9.07170893310875192661058e-02	 7.17139102479693590908028e-01
 6.42545034523002267512481e-01	 2.41096605484956261200580e-01	 2.54918923590173096549449e-01	-2.40933549310024558431920e-01	 6.37162202775688024658507e-01
 2.24793568172072105726400e-01	 5.15023486065860680582773e-01	 3.06851501266719554894546e-02	-5.12490019786744355201336e-01	 6.48560761756153514312473e-01
-5.01188690785001167427026e-01	 1.95470490445984190763795e-02	 3.86145435463058461778019e-01	-2.61993585517762139769360e-01	 7.28477091555703282210743e-01
-5.28186343521565793146522e-01	-4.59129808541165918001070e-01	 1.56946520731748917487636e-01	 1.46531115073725071162869e-01	 6.81260175976638571171407e-01
 1.31504227035920767674426e-01	-5.91438501740844668752572e-01	 3.05032176784892583576436e-01	-6.46091952895909704679411e-01	 3.49896693981594397726553e-01
 4.66225061332380230627592e-01	-3.34676613515044796276499e-01	 1.40553042930747513344913e-02	-3.30098572456905492433776e-01	 7.49308439452580854478470e-01
 6.90592068370707967694955e-01	 5.44797555960551238563028e-01	-1.84720919540817457571436e-01	 2.47824589946007978191744e-02	 4.37655377818042201631954e-01
-3.31501255186275267661244e-01	 4.94522693695792603385541e-01	-6.66021312496797163182904e-02	-1.01797924696333988436869e-01	 7.94201209940089025707266e-01
-4.96773027421680390958159e-01	-2.02682903657263706331815e-02	-2.70267267219941376144021e-01	-3.07386296745885523318265e-01	 7.65032695036143128852757e-01
-1.82278514030724370087455e-01	-4.28293324256235730107534e-01	 1.16447256798278844791561e-01	-4.02625890585279477829062e-01	 7.79533065581480166805761e-01
 3.29950781115292635092828e-01	-2.45277367255917255750575e-01	-5.99609090606752492824683e-01	-1.36500382555752863833476e-01	 6.72910156839151007979183e-01
 5.59172423050478983874712e-01	 2.54666312676700312689348e-01	-3.85145661473796419027593e-01	-4.71070576235221805116993e-01	 5.02221666339512928800559e-01
 7.78938691599516119801194e-02	 1.08750938223888520689497e-02	-2.87007036727298159295430e-01	-4.86670243059459828316449e-01	 8.21336297061750708614625e-01
 9.99620049107069474914056e-02	 9.73440265054778680609004e-02	 2.66057682320205768355947e-01	-1.93802300149350098523726e-01	 9.33908837206905650951683e-01
 1.23255204003802548706759e-01	 3.03145768258035047670873e-02	 2.15315817432375072870698e-02	 9.21224144118063636987870e-01	 3.67112582731004777336636e-01
-3.49470905692342509799020e-03	-5.58254092322906046025333e-03	 7.54146695545928613668707e-01	 5.21306449265269922221933e-01	 3.99323139571251262136542e-01
 6.33601477696413173390511e-01	 4.15046282691905410455746e-01	 3.08963834297552086827210e-01	 4.01707716608696752125240e-01	 4.11652778683363695932940e-01
-4.09896936779049897436877e-02	 5.66638596447795239718914e-01	 2.13266076381219055191352e-01	 6.89176998676659269271738e-01	 3.95971199947491747650474e-01
-4.71518108435149241319806e-01	 2.02817929119867096376950e-01	 4.07925188353366274807144e-01	 6.84626946790048096502801e-01	 3.18462785080257992920139e-01
-5.73982091728794774354583e-01	-3.23380032818368079450266e-01	 1.45334540823437635692628e-01	 7.18408384636803565292951e-01	 1.69520432031680962081666e-01
 9.01413302221449296014466e-03	-6.54805217406533301982563e-01	-2.93455485137346649970880e-02	 6.04457031577469994232388e-01	 4.52680249648713839416558e-01
 3.93204301890471563662999e-01	-3.26880437106178645123578e-01	 3.92949683036490360343862e-01	 6.55018491634612454177500e-01	 3.93803096775964256437419e-01
 3.60655878545613262087244e-01	 4.56316911055035023814241e-01	-2.45122853139628837926267e-01	 5.93338826470516833566649e-01	 4.99565849340165568648331e-01
-3.37500548732624416903292e-01	 3.04107574094462207447975e-01	-2.46955137590077561382529e-01	 8.22280614712775914654230e-01	 2.37654610031036161998941e-01
-7.99446076238088165766271e-01	 1.10241783699669290697010e-01	-1.78870940573818942853634e-01	 5.59236247344326087294064e-01	 6.31880256750706054136302e-02
-1.78939078301605325460599e-01	-2.74013587051762153024015e-01	-3.33932555496311733733705e-01	 8.75752154540556437822829e-01	 1.20185575527492469194435e-01
 4.18192477598889500445267e-01	-4.74828919788209791175149e-01	-1.36178466626770883207698e-01	 7.53044138510574168066114e-01	 1.18458850638156670820322e-01
 3.35652243494444280091926e-01	 9.39993294489547548398178e-02	-4.76257207552977013254036e-01	 8.03800358787058022436156e-01	 7.47378951264381641284018e-02
-9.97062952761435146442626e-03	 2.02841665590831610188616e-01	-7.02873495529713121499071e-01	 5.49082102165731500420520e-01	 4.04021706855292650484301e-01
 1.68765949955089929190866e-02	 2.60089857647262598372428e-02	 9.30406157690117918690476e-01	-2.28220483160177400883128e-01	 2.85128928731012198927175e-01
 3.24444648340429686594888e-01	 2.30169997768333078891345e-01	 6.96192510714433554497305e-01	 9.83765489603736498214204e-02	 5.89402650935980321200702e-01
 5.96196333067062975152872e-02	 6.43797248198461513624125e-01	 6.20026666390063874167993e-01	 3.33507045067893304057804e-01	 2.93786634127165713348262e-01
-4.13587979877344025236852e-01	 3.11871315546484950687045e-01	 7.81455486798441456564035e-01	 9.77133075709524789864702e-02	 3.33857300528890899027346e-01
-4.85734667206658310423251e-01	-2.54098340486236029533984e-01	 6.09273770916627155358469e-01	 5.25798991244952995671724e-01	-2.27632948657704226036458e-01
-1.98246328131897242563753e-01	-5.86534244479847144404516e-01	 5.41938803447160166726349e-01	 5.13670827867980683834048e-01	 2.43147254457785122472302e-01
 3.26512619800847614381922e-01	-3.86929958599758594406381e-01	 7.81706688688179163193581e-01	 1.30515625190374073838484e-01	 3.39963293151046341833421e-01
 9.63195392010229078927352e-01	 1.85646113424387498858081e-01	 1.14301639617457539976897e-01	 1.42924970129799849827279e-01	 6.55571923959332031328628e-02
 3.28583368064562841848186e-01	 8.62284953461424752418907e-01	 3.57957144512350486365015e-02	 3.44077252646473430441887e-01	 1.69785571541157059849425e-01
-2.02164207104961607397442e-01	 8.81319986969512414454186e-01	 2.25453767545162941932091e-01	 5.43758113876909587869335e-02	 3.58634331554164964561693e-01
-4.66634884271250716114565e-01	 6.80831860567236657466594e-01	 5.02980108914233614569866e-01	 2.35835023795692155790249e-01	-1.00561990859481725779645e-01
-8.16484765210930274470513e-01	 1.83672725081993004625502e-01	 4.24754871499013308966397e-01	 3.38998022958188538478197e-01	-6.54262776543412666319099e-02
-9.21691352093537807910195e-01	-3.07001247040647018415882e-01	 9.03527090306989327794795e-02	 1.81680205070418765433971e-01	 1.22735393623265479079443e-01
-4.91098693295010102488618e-01	-7.32583691541293990923123e-01	-1.04940123480748867534906e-01	 3.70359274218691858493457e-01	 2.71964679353244420667579e-01
 3.03872352407194235013321e-01	-7.64083835676424016902786e-01	 4.04816409002151766927113e-01	 3.90723302674582273485981e-01	 8.54193259759805645359165e-02
 6.96156864955812415551861e-01	-2.01530774256346689732311e-01	 3.76667699569680880511413e-01	 1.29905822832079742568112e-01	 5.62136004626760388269702e-01
 7.03530524522262501463388e-01	 4.61781384809722639239737e-01	-2.99220731965908925964470e-01	 4.46432607404707526566057e-01	-5.44759976160633652142451e-02
 5.66688561320050188108155e-01	 7.94287895579754099628644e-01	-1.07532279134761557526367e-01	-1.56578589968592835068861e-01	-1.09044795896130849999217e-01
-1.46912329934381857832193e-01	 7.59258596553283426899839e-01	-3.20198729629438683108589e-01	 3.20255212949019096857484e-01	 4.43680654295250886942625e-01
-6.06644504460948530422115e-01	 6.06625032656627483085288e-01	 5.83236867057820296267323e-02	 4.10058917430188296648907e-01	 3.04037081236324890909373e-01
-8.60932720570990350772433e-01	-4.49630503032950670783130e-02	-5.04476326830966548264712e-01	 3.15875938032840336555651e-02	-3.57635896200472896966360e-02
-6.04569170996974603049523e-01	-4.16812374664539797564089e-01	-4.04859379101528860100956e-01	 5.24878892540843522418470e-01	-1.46132108467510485327878e-01
-1.40795614033504754014636e-02	-7.27815706520894667441723e-01	-4.68337499150214220389188e-01	 4.98256253534977933128403e-01	-4.98673840820937006035329e-02
 2.74102842316999550931200e-01	-9.15185738674367144085409e-01	-1.39581042753583406401674e-01	 1.73782102643713604051001e-01	 1.93957750206964624206663e-01
 5.33015927391285337932914e-01	-5.34883216651197090918401e-01	-2.27815888620278822473963e-01	 2.35511874742151960937520e-01	 5.67827476826955113153872e-01
 6.95334120750779494102289e-01	-3.52287088258641106763847e-02	-8.33888823061930961610955e-02	 5.26387564546770270190734e-01	 4.80865703489494755729083e-01
 3.45313882328429577750484e-01	 6.85706865408950427820400e-01	-5.94757367691835514555976e-01	 1.86776974515203669779950e-01	 1.48129851041324422933343e-01
-2.58482759274902662571805e-01	 4.79996313743839053689300e-01	-7.62982409088188262558106e-01	 6.49795570231209707046105e-02	 3.41212107846457279869412e-01
-5.05565305589495750382412e-01	 3.93917899840610166717347e-02	-7.35599211603186864394388e-01	 4.25685997993933085137286e-01	 1.43308198183951851500950e-01
-2.13097095028817018480538e-01	-4.66555017015419182246916e-01	-6.80339326212959671913438e-01	 3.60417062328950932315053e-01	 3.79676160139515050939707e-01
 3.76126406692931958275494e-01	-3.76440606604425409553727e-01	-6.56113206010972893622579e-01	 4.61624416952791105650533e-01	 2.70628443550477548740218e-01
 5.41082794215100415513575e-01	 1.41425935830228499678896e-01	-6.20230603487888165759045e-01	 2.59272247524229615400770e-01	 4.85097943347225557531033e-01
 4.50147989710504181637418e-01	 1.39864541206453862898229e-01	-8.23498508660398309544348e-01	 2.99968418469678976823189e-01	-9.83557401863222879878634e-02
 4.99777708934153117037447e-02	 1.97160688062102323891978e-01	 7.87496456426281632445807e-01	-5.30835515067493046714731e-01	-2.38102651305025947436889e-01
 2.90608544774831056844988e-01	 3.14571284896719038925994e-01	 5.64036527441787449710375e-01	-6.32070187439626840486540e-01	 3.14549923356733651669259e-01
-7.50996752420400454086646e-02	 4.85328002534175906301783e-01	 5.36665227713678305576650e-01	-2.80571283866345444479862e-01	 6.26168473150272686389428e-01
-3.71671027730578529268968e-01	 2.06399894366015163038597e-01	 6.55645641078884011676564e-01	-5.50681866411860232446429e-01	 2.93492770082676213139194e-01
-3.69835545716245217562346e-01	-4.29277268676789780510461e-01	 6.33059423912566088255005e-01	-3.47600825067720220484802e-01	 3.96676351614124178546206e-01
 5.02881031677467893459266e-02	-6.86256189802144200839962e-01	 6.88575013737223962095868e-01	-2.25375550870156760030483e-01	 3.99231782901733819879375e-02
 2.56391359497331328132219e-01	-2.41246901791776158230363e-01	 5.90044423293564657129195e-01	-3.67926947478345589548354e-01	 6.26530719925536216940998e-01
 8.24179812843159109725377e-01	 3.52854057794677489212631e-01	 7.80807788985766054734583e-02	-4.26351567864457881018581e-01	 9.13749557907199971840129e-02
 4.58323784394689903720632e-01	 7.27297720170412609341781e-01	 3.76410484143864076944652e-01	-1.54648959840757493910957e-01	 3.08830344266562695221268e-01
-1.44923816512168651682302e-01	 7.95303333136800683078604e-01	 2.25247111895853002749845e-01	-5.00522895897048125668505e-01	 2.12674081576604695476007e-01
-6.78391577247993149413219e-01	 5.20041804837322096943808e-01	 3.49966403822525196076754e-01	-1.40831091114800993624456e-01	 3.56414799231828505199360e-01
-8.04013234814794919280700e-01	-4.10440737731007226907209e-02	 5.25229057807314769767970e-01	-2.33018525685236232991571e-01	 1.47359783431834340250433e-01
-6.27860277028454261127877e-01	-5.86906577005247287459611e-01	 1.59124976682022238605452e-02	-3.08201370527084461681255e-01	 4.07542451802168304020313e-01
-2.12397734532786430783347e-01	-8.97844408463238985440569e-01	 1.62963094040481815127919e-01	-3.40098781319517651233753e-01	 8.08608031271544069884527e-02
 5.04380968851644961858938e-01	-7.13132697919743208103682e-01	 3.24536575525585180290733e-01	-1.60122002761877768595156e-01	 3.25697019936682319318777e-01
 8.71514897191498438822066e-01	-2.63502937778149204373079e-01	 2.49901972510852193876119e-01	-2.90248831497421255765090e-01	 1.55989120470446995803115e-01
 7.71754828886167865142909e-01	 3.34744660831875595619067e-01	-5.12666046088952054304855e-01	-1.68791853063059188455597e-01	-3.19895555219721905437780e-02
 3.62973430084990000832335e-01	 6.40574979722066562004557e-01	 8.94730703474638788819107e-02	-6.69391513831022244573887e-01	 4.27031064446305105852808e-02
 1.79475289156246775590375e-01	 8.36381587883647692471811e-01	-2.66664416190575181975220e-01	-2.82471203552021488114576e-01	 3.42570530450478583084362e-01
-5.15491067544832093361151e-01	 7.30945128908358388031274e-01	-2.52219357218514295126965e-01	-2.01428956085549254462208e-01	 3.09515668910635477484306e-01
-8.62426510922705169548408e-01	-1.10137124888069950351399e-02	-3.66694821440762958042470e-02	-3.09229325049670267233637e-01	 3.98913254985985066269905e-01
-6.92177953458924855034695e-01	-3.64906954391525539804775e-01	-4.38122226558758764980439e-01	 6.43729755823652938229174e-02	 4.37764354409976408355476e-01
-3.21459435660219339236932e-01	-8.31590678816865658262714e-01	-4.01924550066141583748447e-01	-9.95970236070407022310746e-02	 1.83460794374890961977442e-01
 1.39578375212795369186836e-01	-7.77729977383332826690321e-01	-1.30453233941269314266620e-01	-2.85584699480055936859912e-01	 5.26381318655427921093803e-01
 6.90126053034192943336222e-01	-5.83678496637969779214927e-01	 2.98863037972245081108635e-02	-1.47416542934962369049146e-01	-4.00525423912552913652263e-01
 8.54518232808597955063590e-01	-7.35730887312637665820247e-02	-2.40261734912680990916556e-01	-1.01413308448676270367983e-01	 4.43142448901541252670455e-01
 2.76122248735239994577029e-01	 3.52712611747732440736769e-01	-8.13409366682060541720034e-01	-1.98964516287861881149723e-01	 3.13254913320947236954339e-01
-1.60796065231017942798175e-01	 4.47791654804864436290046e-01	-5.29392158781511579235257e-01	-4.85339541389783635239041e-01	 5.07756566749804627569631e-01
-4.12650673286103386594448e-01	-4.15217906990002147415986e-02	-8.00586116941744752040222e-01	-2.45048808836866471860816e-01	 3.56382257388672574194288e-01
-2.10549670218513063080223e-01	-4.47805561603626445243975e-01	-5.21862039827809542913428e-01	-3.83039990110793093780472e-01	 5.79723548538799149376644e-01
 2.05192530923549082411128e-01	-6.53715609164955413490361e-01	-6.79657889691332783854705e-01	-8.11395342401071972826543e-02	 2.49065165269859417618292e-01
 6.07776159941881832793342e-01	-1.97124439264318968012546e-01	-7.27290890056576877498173e-01	-2.12518497402346323577049e-01	 1.32792862585265264430134e-01
 3.95520363815147213415457e-02	-1.15840314359797066923186e-01	-9.65751773306949501396446e-01	 6.35295493501086688814539e-02	 2.19782089126829005554242e-01
 2.01783761641686652452132e-03	-1.23489507828274027584348e-02	 2.48782675978351824896961e-01	-7.56492072825378558675880e-01	 6.04706834450653096801886e-01
 5.67492976111454994203598e-01	-4.47534075358663949173454e-02	 1.24194274392098055748157e-01	-7.12636852944742105187004e-01	 3.90734376029709618016739e-01
-1.49132921721152666982846e-01	 3.35152686238342545355096e-01	 2.83074358998819108901301e-01	-8.86007537198490568997045e-01	 1.70762955879984780482861e-02
-6.96155989162225541377893e-01	 3.71363415516435757535163e-01	 7.35663540400150195441853e-02	-6.09638045970548825280844e-01	 1.96340731383152569677897e-02
-5.08256686039929572729079e-01	-1.86224244238149261310156e-01	 2.03923183294670018472772e-01	-7.44211469495178135069580e-01	 3.34006430986642233182948e-01
-8.41101852783333603369442e-02	-2.53884679200859220138398e-01	 6.33382422621250995575792e-01	-7.24034701740675856740381e-01	 5.53940772036780465503725e-02
 5.23974546526004725244263e-01	-5.18995216805509307356203e-01	 9.26355144140737218894088e-02	-6.65888513588792863018284e-01	-6.40764267544483706595670e-02
 1.50336667456978351209429e-01	 2.81354320040193672802786e-01	-2.33803051102374870318101e-01	-8.76154282632050418477831e-01	 2.75551155565328387275770e-01
-3.93389603302877532975401e-01	 3.94324967193180608848735e-01	 4.82395702476550933268662e-02	-6.24191654828116448960884e-01	 5.45719856855658713712387e-01
-3.24695163884185622471534e-01	-2.47707550165179694878770e-02	-3.39936086483268451452489e-01	-8.02128507514497601782466e-01	 3.67413629013865039585340e-01
 3.28522689886567853534416e-01	-3.68849311350109509977102e-01	-3.46629195785869204105012e-01	-6.91658419805352142617494e-01	 3.96837320179754426963115e-01
 6.90013219292549107031221e-01	-5.70298006820874836542146e-01	-2.56712240695854854166669e-01	-2.91041748476257244870880e-01	 2.19169949442131972716652e-01
 6.12981170130187824618417e-01	 1.79371981101483814191599e-02	-3.43399126422716416406899e-01	-7.09781345783442318975176e-01	-4.71149990952327152315959e-02
 1.29815475463000373768097e-01	-2.78277542632373170450322e-02	-7.40812211292782185623196e-01	-6.02574404831948129412922e-01	 2.65471114556559639741096e-01
 1.04860936843999330569943e-01	-1.59384147005984216916019e-01	 9.18200599329406647042262e-02	-9.76430826015911801363245e-01	 4.18664090550993142625380e-02
 8.14423886827780330044391e-02	-3.91438613739026677884603e-02	-7.79415435679569890137230e-02	 9.30030228793900071160294e-01	-3.47568388606033062959710e-01
-7.15099692468474518181054e-02	-1.51184833459028195035145e-01	 3.90819277559061817317598e-01	 9.05077616064213663626958e-01	 1.11477180630652917409096e-02
 2.45105049310175820975743e-01	 5.04894195031908354920347e-01	 4.07075197118606044860423e-03	 8.22418249097411679926495e-01	-9.28279007393498917233288e-02
 1.33323618967206208862919e-01	 1.83102988835348340357356e-01	 5.23461982426655425548745e-01	 6.66527696337384178981722e-01	-4.80027594075783547999947e-01
-3.21004189373530424145287e-01	 3.85252443906526353956110e-01	 2.45301970276615710631063e-01	 8.13153901252592015147513e-01	-1.64756004821650009484202e-01
-9.41577986941325162373317e-02	-2.99388087906602040622062e-01	 3.36066759013660842914106e-01	 6.27261259298623419233820e-01	-6.28572611425174176957853e-01
-8.95988895583338662564898e-02	-6.17200849843815180229001e-01	 9.26328822176133714894064e-02	 7.55791179467943385894557e-01	-1.76731412353601236020495e-01
 4.45467864008900926720003e-01	-3.38356039801831598445858e-01	 3.31601380751302243776735e-01	 6.93976332795245953732888e-01	-3.09048452946881380132282e-01
-1.07873382826645616730347e-04	 6.10487867331749423094323e-01	-4.91683009060303211068543e-01	 6.19409761326952024163006e-01	-4.34041285865749415506798e-02
-3.18948417597785416344180e-01	 2.21093999853667511068522e-01	-4.22718434527352804330746e-01	 7.51152352917984988955880e-01	-3.26295292575750184305150e-01
-5.31688312764520665254508e-01	-7.72645916021216239144564e-02	 5.42185887431211877007797e-02	 7.45970006375638594597888e-01	-3.89777904936655650303123e-01
-1.38124500308748454635577e-01	-4.41483488479754881961270e-01	-3.83385688898220444720266e-01	 5.79470137161201659381504e-01	-5.50675699028584153538191e-01
 4.43554166973445351818128e-01	-2.99406167401598977129140e-01	-4.21149212313726983847317e-01	 6.32748092030803288565721e-01	-3.68617472295174886109947e-01
 6.65108888489340577265807e-01	 5.87026103990461733950212e-02	 5.34654139035973668958590e-02	 7.41085480258599993419466e-01	-4.60209783773525837879959e-02
-7.20627373291176931413560e-02	-1.52188491930711933264320e-01	-7.69512142850275693284345e-01	 5.87252957955823440272525e-01	-1.86093122362442769945901e-01
 3.11051323362375675696256e-01	 2.83877780910590571394891e-01	 8.81157467582034947817249e-01	 2.12355225818800646964135e-01	-3.35746203501246717748607e-02
 3.34968651930420913132025e-01	 2.66176772309137554817227e-01	 5.15746284719550085462458e-01	 7.35260503199773762794678e-01	 1.01703934729205691667175e-01
 1.71356738923614118977334e-03	 4.77818317625155697392358e-01	 7.29334212443746521259413e-01	 3.35171203115829929863878e-02	-4.88502741275570695478336e-01
-2.34810378198321928477910e-01	 2.46915759815335561500049e-01	 7.97915750564733738947609e-01	 4.85129483123361238128268e-01	-1.08979509314158590216337e-01
-2.63841509807687280009247e-01	-3.08923348447534551475258e-01	 9.08574573059807266695032e-01	 8.22577082390606173500913e-02	 5.17681090132684693094767e-02
 1.78859174904854589804870e-01	-2.84346304871251231993767e-01	 7.90178079532781518778961e-01	 4.89295681520625747040754e-01	-1.52855857361017005713322e-01
 2.82397320669348472765847e-01	-1.41083639324372983603340e-01	 9.05846146862034906632744e-01	-1.13602128381451811245384e-01	-2.58620329123934622472802e-01
 6.56664288739890467105909e-01	 5.76449572245258390346123e-01	 3.84184140368307780466495e-01	 2.65066078560227902372048e-01	-1.36529933853935692145143e-01
 1.15283688781316354110551e-01	 7.10997078898909284916385e-01	 4.55694928692975786965746e-01	 4.42708223175010295857845e-01	-2.78467926330699888648468e-01
-2.61677043919005647421017e-01	 8.37681052318043128934733e-01	-7.91901788635256294324183e-03	 4.59381435299550666684354e-01	-1.36826771251050277600214e-01
-7.04781588780966777862957e-02	 4.69986470981292481230440e-01	 3.30026471918221445123187e-02	 5.92847881280631816558468e-01	-6.49297898622121394396345e-01
-4.59839115098848394413977e-01	 2.77120677595073749976962e-01	 4.65239792797810691737936e-01	 3.80715325827119088764050e-01	-5.91912066232946565413897e-01
-5.72660938962772370075527e-01	-5.90520658917137342136527e-01	 1.24540544772852215804626e-01	 4.05583925365448461075601e-01	-3.78597586589219714525711e-01
-7.77037547939087441806194e-02	-6.78771227513544239684506e-01	 5.93076042872140551942550e-01	 2.20970620401306105939909e-01	-3.64231436700992838861879e-01
 7.98360429207792376971042e-01	-5.09087377801396012699797e-01	 8.85445356101383501679081e-02	 2.89439591202763635280348e-01	 1.08789958619399135253403e-01
 7.24385998158238120225860e-01	-5.41867286350062593580645e-02	 5.69865030885489787237930e-01	 3.82604855081058736754329e-01	 3.45846144175583902757865e-02
 7.95565923163132904250006e-01	 3.65610885565797738561145e-01	-7.91056123597666388524985e-02	 4.82724161989536298955628e-02	-4.74147253693287418219171e-01
 2.94680904820659173015684e-01	 7.82731366477668499825882e-01	-1.72891433017884177392176e-01	 3.13366986436262373594275e-01	-4.15216156317354145866005e-01
-8.99084914833228610042681e-02	 9.23936919520826460683338e-01	-3.61048209822293131310289e-01	-1.76742832016803970429653e-02	-8.71139587149118432840567e-02
-5.72158724043832944694543e-01	 5.69989201512755006007183e-01	-5.05818326702511367187753e-01	 3.01141037514295328847425e-01	-3.47649328500768337035787e-02
-6.62067683284075614302822e-01	 4.74560276528140423391022e-01	-5.32764742515073191908570e-02	 3.98227613916348088807240e-01	-4.18372216451107781232110e-01
-8.50272111982689704490213e-01	-8.69156360123364973846449e-02	-6.77301763276399598767696e-02	 2.06920792536375575121355e-01	-4.71253028246835292680572e-01
-1.92225085452626620607930e-01	-9.41341451440181553600439e-01	 7.11607847490604294993233e-02	 2.36459221587371593020777e-01	-1.26289221881421970250514e-01
 3.80548934544066408403040e-01	-7.35950521291850900951204e-01	-3.98703998212688627555966e-03	 4.04066993607239410835064e-01	-3.87651011629038533268243e-01
 5.93701387765309562816185e-01	-6.37861201312004411079215e-01	-4.43237619374841518293806e-01	 1.56074472184600465674009e-01	-1.40829407190308175668036e-01
 8.19446175969801959837469e-01	-2.01397042215271715459579e-01	 5.37246825717480128159487e-02	 3.15617288326381195684434e-01	-4.30635091309888085042701e-01
 3.68835895147057835075088e-01	 5.50843454665619902677065e-01	-6.09246611053405606739375e-01	-4.67183389484032984828588e-02	-4.32628633621210956228254e-01
-7.28957851860365657614693e-02	 3.83637460256310069972585e-01	-8.57379808379950536512126e-01	 2.43450687965841544579959e-01	-2.30521431328016307427120e-01
-5.55314484481577164132204e-01	 5.93133773952251863725849e-02	-5.97894168210463039514480e-01	 2.71927229141084914054716e-01	-5.06641779029821215374341e-01
-4.30313670988076601986450e-01	-4.87496085323863737048811e-01	-7.40728531661162259425168e-01	 7.71350511406913574852240e-02	-1.50163702749017191617753e-01
-4.94319146989856544882613e-02	-8.23473617249315448241020e-01	-4.17196212619044437541760e-01	 1.61351737056241971435266e-02	-3.80965436554728253959468e-01
 8.43719226079052808664471e-01	-1.30505888767610989109613e-01	-4.10318057644618539026027e-01	 3.20465646017244032428550e-01	 6.85141117132266434797128e-03
 1.91982272143110754836215e-01	-4.04506374840181870400357e-01	-8.35689048859409755465322e-01	 1.34136139494110906422719e-01	-2.88355179586728460616740e-01
 3.43186353520776366021749e-01	 1.16641835014818243121404e-01	 5.47474420991807875225277e-01	-3.35116747488084454342783e-01	-6.75711723291953170189572e-01
 6.77155259916134122377684e-01	 1.79573864746211647736018e-01	 6.73365422395019397328042e-01	-1.61088239977620728549113e-01	 1.72752910052802827189922e-01
 3.05311154174369783764753e-02	 6.20033320375593888229560e-01	 7.53941062389555272105213e-01	-2.04679478682856436089210e-01	 6.56179705904284538142690e-02
-4.50559573673905922053251e-01	 1.51128506911697935155559e-01	 8.47872881435064007504820e-01	-9.40646910223144894214187e-02	-2.15452212333286180490077e-01
-5.37471301740729656692963e-01	 2.52829600170010500292950e-02	 4.84188197625013860836418e-01	-6.30527387117029158858372e-01	-2.80147059798808328867636e-01
-2.59637408200596164764562e-01	-3.83028104171314554005079e-01	 7.23179982928396358765610e-01	-3.44580732086208985087694e-01	-3.79674490905594519407629e-01
 4.84766895553035037647049e-01	-2.54187126080442360454015e-01	 6.59038659483347499801198e-01	-5.06639318899191226641676e-01	 9.68225581287461417590023e-02
 8.13084818837829126358940e-01	-3.24004883383225252349580e-03	 3.90781668927741132613107e-01	-2.30715091600726118770126e-01	-3.64613237824309932566536e-01
 5.27044448198395576454800e-01	 5.28131349949079509364935e-01	 5.46856565152293083720281e-01	-2.98175012399253647199515e-01	-2.35246649189212592157006e-01
 8.63516628436817729186359e-02	 9.35964940093730990433585e-01	 2.68930881600920268503785e-01	-9.94419796530016941726871e-02	-1.85203927721616479207256e-01
-4.47141142374406275195042e-01	 5.98092915523865897853284e-01	 5.28559857017474876705876e-01	-3.64112704450952617829529e-01	-1.74344713723567051877339e-01
-7.27010394376765178847677e-01	-2.79497377107580546873322e-01	 5.09829599902902330654797e-01	-5.94458387533265252694603e-03	-3.65206165944003680046137e-01
-5.68721828450995281478697e-01	-6.79332668737941625103360e-01	 4.56119033483009639340366e-01	 5.68825333066065447207293e-02	 6.15013148468461084972247e-02
-6.09316877725588734726614e-01	-5.11545816752723148113091e-01	 2.99249465083588794822589e-01	-5.19056214171434771031954e-01	-8.99123131652893731180498e-02
 2.65318270767050279346222e-01	-8.86493871681331868650489e-01	 2.35083916733497017004240e-01	-1.56437879431424314846666e-01	-2.52977415278246076102420e-01
 6.27853934021370130302842e-01	-4.89872990876812020033526e-01	 5.75648001584663004948084e-01	 5.31538996713083813916434e-02	-1.77842434656671322112942e-01
 5.77971932561564871733140e-01	 4.19996537555694549048724e-01	-3.89477606213708207882895e-02	-4.92387160555113001514371e-01	-4.95569681957372887293189e-01
 3.72653656228930985072623e-01	 5.98287171349495605632285e-01	 2.59147110778730038749273e-01	-3.54392693084608877140962e-03	-6.60311993420363729789813e-01
 5.39523350593351172510559e-02	 7.58816877043347326470268e-01	-2.08054562173679818970484e-01	-3.65228655379553179827212e-01	-4.94578023272555789002780e-01
-5.04240224763957467501996e-01	 8.17242748067787294630193e-01	 1.68854898418867339915383e-02	-1.58687936753266950473673e-01	-2.28886665016543672246385e-01
-9.20836404996405621936617e-01	 3.85238893663326642524680e-01	-4.94286570080165327256694e-02	 5.45153262143429576808140e-03	 3.43278123511140675905295e-02
-9.01375858613531644181194e-01	-1.12553198451612143649037e-01	-1.16239519130094635934736e-02	-3.61876189320983532304865e-01	-2.09198103173710958646581e-01
-7.27481421059255062289139e-01	-6.34539973807561996643756e-01	-1.75238820796915412136840e-01	-6.40206197877341010027408e-02	-1.82544568754062636051216e-01
 2.10483601542069659329215e-01	-8.25117874844071286233316e-01	-2.83518409521496705938404e-01	-4.33894348812363328526942e-01	-7.89313095405040077157111e-02
 1.70049601518864001992171e-01	-6.20439140153197121740902e-01	-1.04672723761382369112027e-01	-3.80543140511679589543803e-01	-6.56025110418129275835497e-01
 8.93692124623559402962769e-01	-1.27874187273221751048879e-01	-2.21288582478225720473475e-01	-2.72521400142617886697138e-01	-2.48447234527023719241612e-01
 2.46337012117509024378137e-01	 8.11389508377039492259541e-02	-8.69640879503770669600726e-01	-3.27119456425379540043252e-01	-2.63537756387671018298846e-01
-1.72378072243665747542707e-01	 5.77209189166013714178405e-01	-7.24540839596375274567208e-01	-3.18308743188483844743786e-01	-1.04093553684262388192572e-01
-6.70739209152315662976207e-01	 2.81709915970089097569939e-01	-4.94615682481817586779727e-01	-4.53776134252069474062097e-01	 1.42094979419208594650925e-01
-6.51176267170606171141856e-01	-3.48585548539585343696956e-01	-4.56627223603126963791254e-01	-4.90398050418168973685340e-01	 7.38844722094614964058579e-02
-1.11762352137893233861021e-01	-4.61904397988662895890855e-01	-7.59098291678512504532250e-01	-4.44380853864492442184542e-01	-2.11882999026641663520287e-02
 6.46848549156845531449278e-01	 8.31929936817666000094251e-04	-5.35394187843800994919263e-01	 1.27887705940048973518586e-01	-5.27810629524200214390817e-01
-3.69485217345778216291308e-01	 4.64418280711570222174522e-02	-8.93064988955108995938303e-01	-1.36899121243425708760455e-01	-2.12173011652616178013275e-01
-3.00028229409600305510608e-02	-1.95183246254547748677055e-02	 3.32028778378299638252003e-01	-7.84201038427818963860716e-01	-5.22976564749064953829816e-01
 4.93445260892152570697533e-01	 1.17238626691679989622052e-01	 3.47773446983571488111409e-01	-7.66680144516599715309724e-01	-1.84450710195692146875501e-01
 2.58348100786860851441062e-02	 6.06952169485325931930220e-01	 3.39844376237017187225575e-01	-5.78475404389382386050045e-01	-4.25221863268891275833283e-01
-3.16757717668937621713354e-01	 2.11984904813386637600914e-01	 4.98114600270654850344698e-01	-2.86624287719532799822986e-01	-7.24192868726902805320833e-01
-4.53453098888363326235407e-01	-8.57160467701387623895570e-02	-1.07500039816322404129245e-01	-8.57218887666161499794271e-01	-2.01624816187188249383411e-01
-7.42700369790504771883022e-02	-5.70409838658442636116774e-01	 2.08772957572117723312743e-01	-7.30046269041782269759722e-01	-3.04241474512506937522005e-01
 4.92307154292350501734177e-01	-1.88333818210646680713083e-01	 1.48273860645307346134425e-02	-6.38572648400765774390209e-01	-5.60507948282352730373645e-01
 3.47928019331276816572540e-01	 5.35733770481850557487746e-01	-5.20854247689283234024060e-01	-5.61839033908153262508733e-01	-7.05915941929235873919524e-02
-2.43360345589048621128825e-01	 6.38687378555409690505940e-01	-2.55633107538057680052646e-01	-6.82273853528054474715248e-01	-4.48138125047686242119482e-02
-4.44376763463501966988645e-01	 3.96328640095173712065701e-01	-3.98196658882176771077077e-02	-6.00362465235638409488672e-01	-5.32383513718025169758619e-01
-2.07646002282293073992747e-01	-5.68650352849467632943004e-01	-1.81436395786973625465777e-01	-7.44033554653334761042061e-01	 2.16829005841270017196365e-01
 1.34074666237579770422528e-01	-3.06356874416619906487114e-01	-4.14196380083566739749301e-01	-8.19746110089227375539167e-01	-2.11251326836569219835837e-01
 4.12017063049288367881928e-01	 8.63779814621283975606403e-02	-4.76388877423380652231799e-01	-4.18703132179387427225237e-01	-6.48476760296950449635744e-01
-2.34302631438487646287072e-01	 1.21570920001484200634323e-01	-6.20977098859692877574901e-01	-7.13680533508395886777009e-01	-1.88070005832837811032832e-01
 1.26222018863999418947230e-01	 2.87508678374839399261020e-01	-2.03520863057963796727279e-01	-8.48473485917923930799134e-01	-3.74270976442840630493691e-01
 3.14693858654271185759654e-01	-1.46728359975544286886162e-01	-5.64056297442668205799343e-02	 4.96369767748381263139379e-01	-7.93646030861834272940314e-01
-1.02173882720606332141777e-01	-1.25090454920752214285073e-01	 7.68763422064871471128811e-01	 1.55698044237728372429785e-01	-5.98893810030768358743103e-01
 5.45522144406813902506315e-01	 3.04520776495614597934036e-01	 9.74624451082283654868021e-02	 5.54427059942679156812062e-01	-5.41095549456047208991549e-01
 7.02804121097224260283909e-02	 1.55316997139388596194109e-01	 3.19356139083094237030025e-01	 2.03634612173992174399828e-01	-9.09660318595891026483002e-01
-2.72805901903933833985150e-01	 2.37994210824273126625439e-02	-1.90164664073510375486009e-01	 4.69939642659334244623182e-01	-8.17315520614620760753155e-01
-7.78205983483374108544695e-01	 3.19970094776200475461536e-01	 2.87284975527775487957882e-01	-1.30235847031171941834415e-01	-4.38771640724035738578834e-01
-4.59086599898797242946813e-01	-2.10157716006171918499135e-01	 2.72364674498521641687887e-01	 1.60033652234319395679663e-01	-8.03293185850776580991806e-01
-4.49737664199244338569805e-02	-6.36959587857688469547668e-01	 4.06330137483501621642468e-02	 2.17865166213282557272635e-01	-7.36982748315559321738988e-01
 3.72623259781143245650270e-01	-4.21132587764811383568286e-01	 4.39711526720255541089699e-01	 1.60776056628853247776334e-01	-6.81618722363761087024159e-01
 2.89308604040735273255081e-01	 2.81438927055947474276110e-01	-4.78176130267950361130147e-01	 5.90923512409707862857999e-01	-5.09165643861543726345076e-01
-2.28397686730911653185672e-01	 6.08623956912999308777046e-01	-4.34799096384682892679763e-01	 2.06471685790995451714736e-01	-5.87988575158752357907588e-01
-6.54900538376956831143616e-01	 4.73876370538349522831822e-01	-4.24436040053940866201287e-01	-1.94356115842741150601114e-01	-3.58644975451804903787689e-01
-4.76192936989551729443093e-01	-4.54348018441396883648764e-01	-3.54701128842907664751039e-01	 6.58552742867112850255751e-02	-6.60801299140543307863993e-01
-5.81521007642345072463641e-02	-1.61025258349283051373391e-01	-2.10516872552135303475751e-01	-8.74431441388130170633275e-02	-9.58501717402864050754374e-01
 3.64187712076388114823544e-01	-4.50741809043748775653881e-01	-3.90684205411080620606867e-01	 8.87904970796488390849532e-02	-7.09705031138427200332330e-01
 1.11501744458687331029711e-02	-2.47262567217733115337852e-03	-6.93009588299788870102702e-01	 2.07637233421898909080383e-01	-6.90285484095942036830706e-01
-9.01387461033778536467764e-03	-3.20771618603135855174457e-01	 3.54523259312688632238775e-01	-2.74322447322985274453799e-01	-8.34316949524741224841762e-01
 5.52713562849614148397848e-01	 1.20101411536393351542351e-01	 5.88389248505143402923068e-01	 2.43942757292499923238438e-01	-5.23806635884977001005325e-01
 6.47232296925133593346047e-02	 2.97996426251216084413187e-01	 3.79712366805023474047864e-02	-4.04699987116985238078115e-01	-8.61269492721145391023185e-01
-2.35664428825214655738307e-01	 6.79437218427203282189453e-01	 1.86567683325563588025986e-01	 2.94303327635320327582136e-02	-6.68695519840196261895926e-01
-5.49239920583855734115275e-01	-2.39328712742185478745682e-01	 1.00232011166095105747509e-01	-4.13444066347199601363371e-01	-6.78288157669069691202424e-01
-3.45882593208777899818074e-01	-7.30290296473833144830223e-01	 2.36401711633513256227701e-01	-1.91235435417215909881250e-01	-5.04563725974098264970280e-01
 3.38238536863851302349815e-01	-4.64584978845526797019971e-01	 5.27389557555822063861228e-01	-4.52992611740163253486458e-01	-4.31756225086798839374325e-01
 2.44348186109410614452742e-01	 3.51383500229586642760182e-01	-2.61026842379564527618641e-01	 1.04765316395732291376852e-01	-8.58902099048140077464097e-01
-1.42154767879512006212295e-01	 3.25678854230225467425441e-01	-5.66219246399577880168863e-01	-3.32902382580978706272390e-01	-6.65054189186874755712608e-01
-6.23807219968683934752107e-01	-7.86685403975757036043603e-02	-4.64659670167544280872107e-01	-3.77058674336139432181625e-01	-4.96582279279395244486750e-01
-3.63082485008792699154867e-01	-6.33357606587836130529467e-01	-2.93610693189008453707345e-01	-5.05982074002795934042354e-01	-3.53276312381776702586933e-01
 4.79210421305200806596503e-01	-4.32078725934182783507964e-01	-5.60817157161160650957754e-01	-3.96719454920540726128309e-01	-3.34309941564423784843285e-01
 5.43821303760733898435831e-01	-8.43592505705912792945966e-02	 4.24769228219802758017565e-02	-1.01472293501717492070213e-01	-8.27672031119948248267804e-01
-9.23739441118639065253504e-02	-3.21604772975900732312482e-01	-6.74513530851829634649164e-01	-2.89529870562108937459556e-01	-5.90966475528370338565765e-01
-1.14254351833155937123720e-01	-1.51653931307365846814506e-01	-2.25206782322762116832493e-01	-6.58122134888065146718361e-01	-6.92895510861782026879041e-01
-4.83834753840624631759937e-01	 2.51584449445157287694741e-01	-1.23723885517520726384788e-01	-6.12712232507136161929751e-02	-8.26769274421327304835927e-01
