-1.40489348296646775725305e-03	 5.60318122598084736307733e-03	 9.99983315178033516090750e-01
 9.81006397934810620009571e-02	 7.34881876260033567449526e-02	 9.92459445393893857634282e-01
-8.26570673289805761541071e-03	 1.25309598933142557486420e-01	 9.92083253818660359968362e-01
-1.05545653980494757995245e-01	 6.05387467178538155043732e-02	 9.92569984974188690429742e-01
-1.96937017416659115864874e-01	-6.65136198247452421067338e-03	 9.80393579413292859392470e-01
-9.43165675385548574194416e-02	-6.34886244194780846594739e-02	 9.93515767190973009270749e-01
 9.86605617340822159400116e-03	-1.17536376249335508537008e-01	 9.93019567377077194691992e-01
 1.02636311906965163598393e-01	-4.52675037527839746465119e-02	 9.93688402157400618719407e-01
 2.02648899341940968987785e-01	 2.78220372325963839765794e-02	 9.78856147674278087578159e-01
 2.00480162905023490127476e-01	 1.43599104327384402557399e-01	 9.69116608834018733453775e-01
 9.34253744283153192418112e-02	 1.88451170320621974596520e-01	 9.77628690156808421996004e-01
-1.62883523383769920900299e-02	 2.40414926437541837112022e-01	 9.70533540236571123926979e-01
-1.15422734642321389575415e-01	 1.80233499692882409570771e-01	 9.76828274527382744985005e-01
-2.09830638859728885181610e-01	 1.16783119984438021887740e-01	 9.70738278776735130648490e-01
-2.98834078074445508299561e-01	 5.08143522859059865171005e-02	 9.52951255512662687152670e-01
-2.84553657897590517311670e-01	-7.42614300933780446811738e-02	 9.55779501651708107701211e-01
-1.84278719341174401780137e-01	-1.32030729373220356848151e-01	 9.73965728400723484980972e-01
-8.11715143635076546990703e-02	-1.87125262020871208079598e-01	 9.78976670595145037623297e-01
 2.36684349345061169345161e-02	-2.39421102331221408165973e-01	 9.70627292500192195845443e-01
 1.14220714317260385595176e-01	-1.67827476584215512511733e-01	 9.79176984270070271954012e-01
 2.04655762198732882328756e-01	-9.11241599733452617426721e-02	 9.74583196278289931591132e-01
 3.03952745907331900454551e-01	-1.59171803583369290968630e-02	 9.52554130548407762546503e-01
 3.04043033647889981985202e-01	 1.00049578928569027347351e-01	 9.47390054542691428807188e-01
 3.00518076361972918952858e-01	 2.14074063853613300034695e-01	 9.29441327338578537897718e-01
 1.95309790776803826606312e-01	 2.56432777202526052118259e-01	 9.46623640314840697485010e-01
 8.58785711556388359211311e-02	 2.99056797344344149625073e-01	 9.50363037464320714597932e-01
-2.74872094528981966710113e-02	 3.49690150369980023992156e-01	 9.36462093226796410405655e-01
-1.27968853005045346549196e-01	 2.93132398440621499968728e-01	 9.47468928063090465307994e-01
-2.24946583166533292663658e-01	 2.32595473112939432613899e-01	 9.46202082331818572491500e-01
-3.17399024690000475246165e-01	 1.68021805004821250806302e-01	 9.33288022085764223945148e-01
-4.05249769002293980246776e-01	 1.00736780513547757864856e-01	 9.08638941370747521553142e-01
-3.83458005967853010620416e-01	-1.57188180731246095189757e-02	 9.23424537478586660022017e-01
-3.68919093278026299920214e-01	-1.41463580489006923723849e-01	 9.18633092159295783218909e-01
-2.72051046316886702136628e-01	-1.99768972825732610276717e-01	 9.41318535722121429998310e-01
-1.71314889554558813511420e-01	-2.54935726298328391159487e-01	 9.51661170834269931617655e-01
-6.74883405899206617606367e-02	-3.07271322135214741688714e-01	 9.49225820591547031490620e-01
 3.77892179895341698281364e-02	-3.57421412249721903720001e-01	 9.33178390807006152840586e-01
 1.28177262898032301441376e-01	-2.88569474248263735383091e-01	 9.48840475426743878983871e-01
 2.16513333147322073468644e-01	-2.14476016153361426219703e-01	 9.52429532860263328153394e-01
 3.02914143325570706100081e-01	-1.34692789768567244834685e-01	 9.43451574887495758581224e-01
 4.01433651840576444236319e-01	-5.97255212054890946560270e-02	 9.13938666042022562763236e-01
 4.03945990224990392203352e-01	 5.51099576190847706413933e-02	 9.13121311520202372236099e-01
 4.01744673825700782110459e-01	 1.68961821952370250254916e-01	 9.00029510502414975547936e-01
 3.95733197205624054326734e-01	 2.81217061545294966240505e-01	 8.74249507249071355907688e-01
 2.93532016901457637469974e-01	 3.25166903039471266723126e-01	 8.98946850609913084007019e-01
 1.86995050328495643343629e-01	 3.65270330228116446580344e-01	 9.11926771735365848670085e-01
 7.55497148836664633719806e-02	 4.04017248261404393616658e-01	 9.11626186377003655536555e-01
-3.92745243720607900561603e-02	 4.53573040282209571927297e-01	 8.90353305640239400808866e-01
-1.40218893463711413716055e-01	 4.00756325090888598783323e-01	 9.05391092189148039004465e-01
-2.38183212376699537937697e-01	 3.43298623739539066068716e-01	 9.08523424178185101673932e-01
-3.32280641018387945528900e-01	 2.81048041204228660205899e-01	 9.00334145825690379538742e-01
-4.21874829019808439412031e-01	 2.14484659572312330588773e-01	 8.80918815469199034673409e-01
-5.07250063386734950654500e-01	 1.44709218594122557277615e-01	 8.49562602312526227166245e-01
-4.88921844415307838005447e-01	 3.20223243799297105360857e-02	 8.71739640486102862482198e-01
-4.63835994959300668138980e-01	-8.18040012304299818390874e-02	 8.82136199893648664804857e-01
-4.51382130524210778421690e-01	-2.06978382694388451934486e-01	 8.67994309509365180588247e-01
-3.58926448806362596855024e-01	-2.65468584465838763897239e-01	 8.94817431104779958950246e-01
-2.61548989297208767101921e-01	-3.20446843710453732612109e-01	 9.10442720083815437703834e-01
-1.60008999016286956873500e-01	-3.72176605009640004695370e-01	 9.14265658830793359612699e-01
-5.53581800565364143262848e-02	-4.21268505233113210728391e-01	 9.05244894158197865863258e-01
 5.08474770255533947693749e-02	-4.68906703017412884726411e-01	 8.81782874604330135781538e-01
 1.42548129269772588800791e-01	-4.04708642723166034382842e-01	 9.03266818468862364710503e-01
 2.30605576561794756162982e-01	-3.34506840847913877734499e-01	 9.13742984369538380207132e-01
 3.15439606200984601347415e-01	-2.58841555126469780034881e-01	 9.12961611558491870077603e-01
 3.96694471255275404875107e-01	-1.76977225846313757084971e-01	 9.00728903725888097042684e-01
 4.95109298766626737542396e-01	-1.05002330924320416705164e-01	 8.62462342815776938920180e-01
 5.00160406828309533899812e-01	 6.99124741603650463883657e-03	 8.65904550109830251081178e-01
 4.99372425138427611379655e-01	 1.19070248343735446416858e-01	 8.58166334093062976862143e-01
 4.93719250636075246418955e-01	 2.30787719008170522094758e-01	 8.38438030093076158699716e-01
 4.84754363627517115276078e-01	 3.41239666306957456498594e-01	 8.05337629248005115734088e-01
 3.86474460593680180231502e-01	 3.90196875665055953330551e-01	 8.35693657706011783226074e-01
 2.83666514885177412086392e-01	 4.31952345596594788901257e-01	 8.56125270895852774621915e-01
 1.76453205054051487365996e-01	 4.68846026393643866558847e-01	 8.65475401129947363720873e-01
 6.43797596206462929835368e-02	 5.02939478681824647665621e-01	 8.61920603846109689705202e-01
-5.06811945874121178023941e-02	 5.51984433820276287896434e-01	 8.32312802578034305334143e-01
-1.51135960003525748884812e-01	 5.03369518302047125324350e-01	 8.50750874015523850246723e-01
-2.49049245553122300389504e-01	 4.49355980852448488871431e-01	 8.57935706076833226596534e-01
-3.43667639994714779749785e-01	 3.90004108849698105654369e-01	 8.54277091054662429669975e-01
-4.34140883946038724783278e-01	 3.25493840879544082955732e-01	 8.39985388227696638807629e-01
-5.20020036985044287192181e-01	 2.55993888947638692510367e-01	 8.14890354560377283554828e-01
-6.01917975106074587543503e-01	 1.81627243343943284292763e-01	 7.77628636123621097553382e-01
-5.88179209301511130014717e-01	 7.12225755086443451657985e-02	 8.05588333135084933012138e-01
-5.69043979044826064850326e-01	-3.84787428446793297598383e-02	 8.21406316180929074732830e-01
-5.41686478238533442031155e-01	-1.46453704379486904230134e-01	 8.27724031164409845828800e-01
-4.54782165057593834589511e-01	-3.17876758903842537851148e-01	 8.31942034335515390175431e-01
-5.41055414867690820379664e-01	-3.63053449257750404655098e-01	 7.58585018982316228175478e-01
-3.57831950768439543963950e-01	-3.76830824591726676331405e-01	 8.54373937246901471453953e-01
-2.56959796073008617245392e-01	-4.30648459515614090431512e-01	 8.65166785954561534666141e-01
-1.52669199098946439807634e-01	-4.80083055405980563268287e-01	 8.63835849891948281964460e-01
-4.55339030303633859886325e-02	-5.26283990362438336418904e-01	 8.49088820538234423374035e-01
 6.38787801500062951687298e-02	-5.70894450958223331760166e-01	 8.18534683023056541806284e-01
 1.57622906619627828339603e-01	-5.12736584936227535180819e-01	 8.43952731956426061010745e-01
 2.46659138050014742349347e-01	-4.47626045160412378010051e-01	 8.59529053209065363461150e-01
 3.31322364907103483755435e-01	-3.76669122581906490321302e-01	 8.65069859956836495484822e-01
 4.11792751754836261479653e-01	-3.00949119484740623686747e-01	 8.60149031902925020887096e-01
 4.86654340426913856187952e-01	-2.19334006244701201771008e-01	 8.45612290975181424279583e-01
 5.88158296147171744117088e-01	-5.95362860423122586261968e-02	 8.06551454848073223757865e-01
 5.91093758101016497619185e-01	 5.53982844532921112068458e-02	 8.04698203809135481634485e-01
 5.87253331891724683622158e-01	 1.68825249344450728505862e-01	 7.91600631231337392712533e-01
 5.77912759387680941003396e-01	 2.80925557426218552858899e-01	 7.66222992164607874521209e-01
 5.65376382300109669998278e-01	 3.91540059247605765069267e-01	 7.25979289196063470868125e-01
 4.72257098346046955139599e-01	 4.48324212528731225191336e-01	 7.58932561906698999187881e-01
 3.73941825875939715118079e-01	 4.94594751147752031972260e-01	 7.84565830888435788992297e-01
 2.71225015831728033521841e-01	 5.33432928989220789262049e-01	 8.01178070753973958773031e-01
 1.64476184835746719326011e-01	 5.66643360988367650321607e-01	 8.07380261134543530943120e-01
 5.28606047692983110897202e-02	 5.95398887333120074849546e-01	 8.01689417059940123699846e-01
-6.07966865515749549375712e-02	 6.45569072428484269643434e-01	 7.61278093490267093734758e-01
-1.58640753301084763693396e-01	 6.01826725447496602150466e-01	 7.82711762994020454620170e-01
-2.55027806891635289154863e-01	 5.51739812630709813845442e-01	 7.94068005192421710880524e-01
-3.49230984913777964262493e-01	 4.95714600351304879310987e-01	 7.95175926556317747007085e-01
-4.40147177532730138338479e-01	 4.33932314323395629251934e-01	 7.86112720095479056148235e-01
-5.26729982161600940315793e-01	 3.66331915214575087880178e-01	 7.67043971221507692170860e-01
-6.08398716873375433600302e-01	 2.92156368124621867998769e-01	 7.37899490358314924520755e-01
-6.84620271900384103069825e-01	 2.08715201712697973057686e-01	 6.98378871299148107354426e-01
-6.74762199086751390808558e-01	 9.40669911523391716334785e-02	 7.32015966942769047420825e-01
-6.57273273903810961726890e-01	-2.25628131263030107245271e-02	 7.53314517897799129642067e-01
-6.29629564473187519624275e-01	-1.42179872327229783746105e-01	 7.63774505627359157067247e-01
-5.48126601204302565939486e-01	-2.50925433078618809190630e-01	 7.97868194682885722990306e-01
-6.24510281513842802070258e-01	-2.82374375920683706731040e-01	 7.28183781820843090137885e-01
-4.48566168346114957365955e-01	-4.26447747164398649477590e-01	 7.85449369185369006274300e-01
-3.50935370790609268976112e-01	-4.82980511760631447959469e-01	 8.02230759063435550082488e-01
-2.48941688476822964304347e-01	-5.34047473714930109878196e-01	 8.07973595829102220200468e-01
-1.43156449267761637367258e-01	-5.80114556388717450552406e-01	 8.01856179435544658140600e-01
-3.35304439143038965354116e-02	-6.22071585665809223542055e-01	 7.82242067162164045335260e-01
 8.08895529425759790553840e-02	-6.61047352074713989722454e-01	 7.45971365763967830808667e-01
 1.77027991934500167348077e-01	-6.07024029550752186601414e-01	 7.74714733059599258702121e-01
 2.69560076759524980261062e-01	-5.44716718454861914544551e-01	 7.94116529013951133464388e-01
 3.58080465407506209896127e-01	-4.74333550068152143275313e-01	 8.04230106109742437503485e-01
 4.43052410203650659514807e-01	-3.95942218194222816940453e-01	 8.04322274753207611119876e-01
 5.25119097520356681307874e-01	-3.07393953845051748352546e-01	 7.93573494113123834026169e-01
 5.75850574382826940755820e-01	-1.77816153843348090379806e-01	 7.97983415501429704796976e-01
 6.65208644067823984258325e-01	-1.21151073631010769426908e-01	 7.36763107935990979591168e-01
 6.73755031493605938130997e-01	-8.21099727124178536963317e-03	 7.38909153455864275983345e-01
 6.73694629777752962418447e-01	 1.04057669526541954341248e-01	 7.31647146663828129575791e-01
 6.66324042460664456299924e-01	 2.15487657509093016861002e-01	 7.13846860257942417149479e-01
 6.52572881008865124385920e-01	 3.26213288517552379985887e-01	 6.83910465899121633448488e-01
 6.34800793539365915130190e-01	 4.36938523124207334191738e-01	 6.37269707056461132133052e-01
 5.47222593018602987413601e-01	 4.98694899223271204125041e-01	 6.72198505784331157286715e-01
 4.53833855294689114678874e-01	 5.51316008361303122597974e-01	 7.00061062131667632968401e-01
 3.55751662374301946822897e-01	 5.94273420698357313085580e-01	 7.21304274331847961043707e-01
 2.54058497078489264886514e-01	 6.29860131382745880301854e-01	 7.33982625786693265723670e-01
 1.49383898318006747008013e-01	 6.59121095352084629404033e-01	 7.37050766626820341720361e-01
 4.02854883071345620804138e-02	 6.82086061185417813490517e-01	 7.30161409941951111690628e-01
-3.37433200276225225833215e-02	 7.41345346077481037738721e-01	 6.70274918375119765912018e-01
-1.38862851551787652715220e-01	 7.02703499518970153836506e-01	 6.97800043151832083410113e-01
-2.39349417564752892095825e-01	 6.55704843603925113804110e-01	 7.16074726816807616280869e-01
-3.37146933699904505221667e-01	 6.02030581009248444424031e-01	 7.23803236125964533087540e-01
-4.31643726445815112402471e-01	 5.42166142635562287033224e-01	 7.20929654820528176273342e-01
-5.21746434633985844975257e-01	 4.76194518280211087635223e-01	 7.07827266150860889837304e-01
-6.06287136357827383115193e-01	 4.03529391442233265063777e-01	 6.85259030242788003128851e-01
-6.83975115783748699449518e-01	 3.21916342426100787754706e-01	 6.54635707449272241653659e-01
-7.56433384911182504772853e-01	 2.37542478915508392667277e-01	 6.09411277301697196229213e-01
-7.52331874992308358152115e-01	 1.25447371017361947176383e-01	 6.46730010881967576352736e-01
-7.40106752533339351529662e-01	 1.39542912296609020184057e-02	 6.72344608523659070797862e-01
-7.19511706779981108361710e-01	-9.60548888890996321876514e-02	 6.87805468229979566352483e-01
-6.89863819578122261511055e-01	-2.03582883495132899165370e-01	 6.94724348202141905872509e-01
-7.09262130598700690775615e-01	-3.04022903147651013533448e-01	 6.36016748568986711731554e-01
-6.28619485466304639409429e-01	-3.85912913260631873502149e-01	 6.75210164223533082505924e-01
-5.40081229716562472020769e-01	-4.62582404429388693856140e-01	 7.03085901167255222787844e-01
-4.44557040402670244905181e-01	-5.25115883062001853609502e-01	 7.25687499674916858261042e-01
-3.44327278345104126344722e-01	-5.80017392835787570781747e-01	 7.38253716140615745544551e-01
-2.39963874990153036570462e-01	-6.28553217305173661522133e-01	 7.39823081361365209041026e-01
-1.31663875977801381189636e-01	-6.70825652884122325403382e-01	 7.29833931244014966210898e-01
-1.84585668341631786715240e-02	-7.06936567619935618544957e-01	 7.07036046232561443680709e-01
 9.70425268520974798613921e-02	-7.41976407445777974558609e-01	 6.63365479035513905259336e-01
 1.92794448395300299647914e-01	-6.93461376073163937583388e-01	 6.94220152806489743113616e-01
 2.84882827669720506413853e-01	-6.36756562110166290935354e-01	 7.16507400595797316888991e-01
 3.72523920382748452428956e-01	-5.72189472212471628154162e-01	 7.30633380452796576953745e-01
 4.55215969164113498646174e-01	-5.00516226470008596116656e-01	 7.36384361904976914026122e-01
 5.32210061556597002763169e-01	-4.21916808226007467030882e-01	 7.33988186086330540724987e-01
 6.03035623561087641419931e-01	-3.36638275858036128962425e-01	 7.23203089003095267450760e-01
 6.38857618951136685403469e-01	-2.35175084154996383301039e-01	 7.32498206482974811848408e-01
 7.25215914164540564890160e-01	-1.97730375268187680282139e-01	 6.59518442910273394730325e-01
 7.45172594625970297066431e-01	-8.30606934576097466482736e-02	 6.61678717672512406444696e-01
 7.50808028431896312682170e-01	 3.06342905630873699185379e-02	 6.59809703387200352509012e-01
 7.47538546049069552168476e-01	 1.43275826284051277514919e-01	 6.48581652356482574184326e-01
 7.36005057250400884782948e-01	 2.54715866480700492413547e-01	 6.27229131231019976233654e-01
 7.16201703059185512678653e-01	 3.65771034981409448594292e-01	 5.94362406704656121014807e-01
 6.89586277996000585055469e-01	 4.79021966329834403275356e-01	 5.43147052807176233812925e-01
 6.05343159951140297181382e-01	 5.45913948088964096072573e-01	 5.79256091881896528761331e-01
 5.14216265347634760018991e-01	 6.03737279135907356497626e-01	 6.09165765808865944386241e-01
 4.16851049884141677814853e-01	 6.52220354533696644594443e-01	 6.33122272031578225970350e-01
 3.14410108576497870913613e-01	 6.91933720717973210767582e-01	 6.49903077203283330298689e-01
 2.07552111515108356210035e-01	 7.24186993753339391943769e-01	 6.57628557077717390555449e-01
 9.50743012543347337794941e-02	 7.48429318179732572247076e-01	 6.56364557947807347737523e-01
 2.12860926504553210625303e-02	 8.07930474971876977363650e-01	 5.88893241488976149078383e-01
-1.04218792211278429848953e-01	 7.90976396536602677223016e-01	 6.02905285656042067010674e-01
-2.11457342152227445453150e-01	 7.50423625414707085035104e-01	 6.26218951221825581576752e-01
-3.13404335693865887524368e-01	 7.00760657991629010155066e-01	 6.40868334823484486761913e-01
-4.11838645157847516031779e-01	 6.43917484456671407322403e-01	 6.44793923331742679927459e-01
-5.06025886126007073961830e-01	 5.80495734934670326587991e-01	 6.37936128693967430258738e-01
-5.94606092621152826360742e-01	 5.10551923564799503552081e-01	 6.21112170193185209043918e-01
-6.75895533068525122821768e-01	 4.32935469544349305071052e-01	 5.96432819006824876950645e-01
-7.49146239157187254775749e-01	 3.48060030113006513285967e-01	 5.63590390083414383148863e-01
-8.17972469454383177556167e-01	 2.58074133114937709354564e-01	 5.14119422927855951321874e-01
-8.18622465632046658612353e-01	 1.45432798414538710929378e-01	 5.55613678654354847807895e-01
-8.11011429801446248610830e-01	 3.09981885596403647364916e-02	 5.84208501339577024324967e-01
-7.93807469947117594344377e-01	-8.29773235318878449318092e-02	 6.02481920422215266874844e-01
-7.66488786215609452234787e-01	-1.97176889984942788069944e-01	 6.11241535451892858965550e-01
-7.82456783378382869642564e-01	-2.96071553358752737050708e-01	 5.47816591056614177190909e-01
-7.06899658221486149045631e-01	-3.99996899251508108985576e-01	 5.83348398296871017976173e-01
-6.22690134023250685402218e-01	-4.83355196916780360805177e-01	 6.15324914661877220289909e-01
-5.31074504413190262575029e-01	-5.56657074580877320180150e-01	 6.38821392942772403600316e-01
-4.33746053737084968915383e-01	-6.17234930709691487216162e-01	 6.56418617331431364370076e-01
-3.31900102089281279216237e-01	-6.69551126509804639397316e-01	 6.64487480109727912669371e-01
-2.26050817008840887467613e-01	-7.14621495757655766922767e-01	 6.61979717159617009336614e-01
-1.16064455381858958049612e-01	-7.51806624198782746937297e-01	 6.49088470093054814569200e-01
-1.94691715755684674124537e-03	-7.82046875904169769277985e-01	 6.23216570224275789868784e-01
 1.85441881081270937281502e-02	-8.45936737613133260538234e-01	 5.32960738745228090884609e-01
 1.18498723645128117842873e-01	-8.10601460805169482526367e-01	 5.73483499531591389697383e-01
 2.14993811344842800092891e-01	-7.66058992411559169788404e-01	 6.05748529695949944340327e-01
 3.08249903271272551741333e-01	-7.12858603668625190330488e-01	 6.29932225170985238271726e-01
 3.97440309788136658664115e-01	-6.51153831028726814977858e-01	 6.46560042449363048255861e-01
 4.82102107020157766292812e-01	-5.81482764256489370602310e-01	 6.55328431612238415659988e-01
 5.61547395574775065618667e-01	-5.03954181676596002503743e-01	 6.56273346475277463696330e-01
 6.35414579460463646576329e-01	-4.18134805193416281277052e-01	 6.49162226947121445697064e-01
 6.93667804999901882467839e-01	-3.10435102605632229355592e-01	 6.49965401676772858152731e-01
 7.99272706206374694559713e-01	-1.61745519355213335233046e-01	 5.78793165199841364021438e-01
 8.14725377028356789743668e-01	-4.62052793601527220235248e-02	 5.78003142020224625063918e-01
 8.17357439586823941723992e-01	 6.80923230956429897942073e-02	 5.72092869635262846195189e-01
 8.10535145050850891479399e-01	 1.80831826506418907873908e-01	 5.57075066000757734840931e-01
 7.94061601745939982244238e-01	 2.92036599992475776055301e-01	 5.33086106457021813298525e-01
 8.39752140441814010074495e-01	 3.27729238614465068213377e-01	 4.32908637914023286530352e-01
 7.66411264825623828045309e-01	 4.03356710955708241961304e-01	 4.99917130007945242908818e-01
 7.33231638495938753408154e-01	 5.15753306143719503218392e-01	 4.43136425393336252920307e-01
 6.52846263526098979923518e-01	 5.85981954832227258656019e-01	 4.80017608855146715729489e-01
 5.64748047335508318589348e-01	 6.47697252016212865477485e-01	 5.11417552261727914597600e-01
 4.69637315834699586858392e-01	 7.00235791918248806631198e-01	 5.37690084799972711770977e-01
 3.68299674343830429901203e-01	 7.43613180535920292868468e-01	 5.58027586783558127159210e-01
 2.61251162353973276353258e-01	 7.78567343615789386745973e-01	 5.70596811788982360980071e-01
 1.47709027880029514223637e-01	 8.04511566150877488468041e-01	 5.75276614344959358327003e-01
 7.58646466021442589244828e-02	 8.61793874071311916118532e-01	 5.01553460768731529384468e-01
-5.02148077846581025740491e-02	 8.55434157625217683751373e-01	 5.15471507502775927456184e-01
-1.73239442547824806784007e-01	 8.31124800333711277744442e-01	 5.28412397485115037376602e-01
-2.81546079125171377910419e-01	 7.88027138778557234566335e-01	 5.47489756870138455369101e-01
-3.84065078708153262443403e-01	 7.35522292638260077879409e-01	 5.58122721584651149129286e-01
-4.82167427116934055320030e-01	 6.75567035746586053157614e-01	 5.57784682866074299489867e-01
-5.74778440625253961293595e-01	 6.09054074163706604672086e-01	 5.46518873358452061950175e-01
-6.60125651243045785676600e-01	 5.35963088601446147052343e-01	 5.26286701549396163102301e-01
-7.36869765423316502861439e-01	 4.55478594900818989366087e-01	 4.99562006553903314998166e-01
-8.05118281350508779858899e-01	 3.66216120659428323591555e-01	 4.66551504128281890881880e-01
-8.73656184143274949782665e-01	 1.66567055868297564380498e-01	 4.57143618360334735850614e-01
-8.70387049711927152095825e-01	 5.30676824224410037533772e-02	 4.89499953806002197076452e-01
-8.57215208938159389795430e-01	-6.17156536730910504351399e-02	 5.11246773737312421026502e-01
-8.31418173409906868798203e-01	-1.78009814358703832848363e-01	 5.26361403330177224368924e-01
-8.62461575166239780010358e-01	-2.44310413287597366638337e-01	 4.43252132900691209194122e-01
-8.21395439581300235154515e-01	-3.42220057561059498585365e-01	 4.56283863442427162215864e-01
-7.61197567908797889657535e-01	-4.23195519233382111412567e-01	 4.91410027482670708209866e-01
-6.88202715760269256861648e-01	-5.05732611934060938274627e-01	 5.20203371044962503688680e-01
-6.05099289817129792901085e-01	-5.79881567302203193570165e-01	 5.45520134702602521592496e-01
-5.13700009434840398903077e-01	-6.46318786293084812655252e-01	 5.64255550961865637304982e-01
-4.16155723770730734401013e-01	-7.02675802714552211192256e-01	 5.77114485914466457394667e-01
-3.13790912773925179113377e-01	-7.51097068500785725042590e-01	 5.80851492853407980199165e-01
-2.07266749883729534120747e-01	-7.91577950859706391817383e-01	 5.74843319614469994149886e-01
-9.70310853267398465415994e-02	-8.23203082017515352930559e-01	 5.59394006257824316641347e-01
 3.87042565809950778188409e-02	-8.99884809946782326939285e-01	 4.34406847724061295767939e-01
 1.37516513014361990707712e-01	-8.69442492333836525197910e-01	 4.74509179229124444798771e-01
 2.33729441272520960248826e-01	-8.28889287426694876259603e-01	 5.08245115541409830939301e-01
 3.27497944224162007564871e-01	-7.79219910548902383595760e-01	 5.34379478959576048602287e-01
 4.17707570700547536901581e-01	-7.20515221641364833615739e-01	 5.53514408812039615526146e-01
 5.03636403472014104742982e-01	-6.53167034427179160616106e-01	 5.65440711512160798513094e-01
 5.84633147322045410021474e-01	-5.77211780217748993138116e-01	 5.70114588333061944602775e-01
 6.60017267765617754449181e-01	-4.92161737696921897100566e-01	 5.67586143416446420317811e-01
 7.23493013253796557471276e-01	-3.89774462708801450183671e-01	 5.69766380188412635554585e-01
 7.71419793457562508187664e-01	-2.76193548071345773564644e-01	 5.73261394361815335152244e-01
 8.38638169045330394979487e-01	-2.40012956547788258720999e-01	 4.88957873553013955270075e-01
 8.62446733190012748693221e-01	-1.23983253330023593385967e-01	 4.90727811830120708158631e-01
 8.73619735438344924283172e-01	-7.87590612806121810607340e-03	 4.86545504506308401637682e-01
 8.72866391884441927828675e-01	 1.06201105417397898000864e-01	 4.76262099191987420265804e-01
 8.61982983959353132874526e-01	 2.17812787001747831805432e-01	 4.57758588322557669059165e-01
 9.01200196331152114659346e-01	 2.54248731142648509706561e-01	 3.50992576623845364824916e-01
 8.74082586762092716980987e-01	 3.60410523832919826858756e-01	 3.25705213083501310400436e-01
 8.05544940451532354153130e-01	 4.36604259193927757287668e-01	 4.00592148907912060096237e-01
 7.68359618527546861521671e-01	 5.45026943097332017273970e-01	 3.35513230609733592579857e-01
 6.92689547905762648127848e-01	 6.17219201383286786288807e-01	 3.73124171913168378722503e-01
 6.08595515087785421393107e-01	 6.81749966992978850832685e-01	 4.05990740682722062171450e-01
 5.16819241985122634908123e-01	 7.37721785433808174836656e-01	 4.34355198438187650733511e-01
 4.18137959306958462146753e-01	 7.84551245390736951001998e-01	 4.57864598262909816561717e-01
 3.12877865941261434912235e-01	 8.22204497279318546887339e-01	 4.75486283353899863435288e-01
 1.99911308867576298364810e-01	 8.50580502214775546754311e-01	 4.86362290724633161698165e-01
 1.31032391772935435936276e-01	 9.03563041480971773644626e-01	 4.07926883615090274393111e-01
 5.10280442515690865756817e-03	 9.05801197406962077529613e-01	 4.23672222553134081302062e-01
-1.20513587609464262184744e-01	 8.91689450887234391629477e-01	 4.36309979690951421638090e-01
-2.41605759969585637270129e-01	 8.60869303588235990076782e-01	 4.47806541811332503577603e-01
-3.50232683049550741483102e-01	 8.14571512822068632964090e-01	 4.62396278339996302797488e-01
-4.52395917465139962843068e-01	 7.59004134178735467841648e-01	 4.68242093537587167340064e-01
-5.48770999131845016449915e-01	 6.96367991530939089983576e-01	 4.62517038478587105831963e-01
-6.37791243944887620287432e-01	 6.27835523482839552578127e-01	 4.46144466064818279171789e-01
-7.18358580117702261169654e-01	 5.52347473261917576436986e-01	 4.22934060052455262912474e-01
-7.89914964558333543287461e-01	 4.68414378913499518386487e-01	 3.95755376961434590654676e-01
-8.69706504242439337737380e-01	 2.75115209030798835154741e-01	 4.09783135619727179044247e-01
-9.18726173060614437204663e-01	 1.89079218471710747140335e-01	 3.46686123280879221475459e-01
-9.19686343225778912824353e-01	 8.04658925557089760305374e-02	 3.84320530572083374210024e-01
-9.12263753089310402977219e-01	-2.92497719314044196670110e-02	 4.08557579346371546602512e-01
-8.94038526321234483518197e-01	-1.38070355318406362554740e-01	 4.26182696077168854387196e-01
-9.15466330299876340781395e-01	-2.21046839613485840425611e-01	 3.36243502218507517298463e-01
-8.77607868745842845115135e-01	-3.27791688606674347372660e-01	 3.49795708372421965126620e-01
-8.21757407887282242953120e-01	-4.28596997311526284324401e-01	 3.75525467149590785886915e-01
-7.53721217282253275193682e-01	-5.11718538313703286135592e-01	 4.12369329805994500048882e-01
-6.75772009067401646653650e-01	-5.90936856837498858396884e-01	 4.40597120952946230687530e-01
-5.89139842907937083538172e-01	-6.62016753388547152248123e-01	 4.63301266705907655030217e-01
-4.95199720261019160627569e-01	-7.24689692353848391448423e-01	 4.79168119608862408398409e-01
-3.95618844098646615936588e-01	-7.77844126385843437354595e-01	 4.88307531419590712395973e-01
-2.91720574498030127408299e-01	-8.22548318727770566560764e-01	 4.88173503759326610218494e-01
-1.84893669241274788417329e-01	-8.58387465748448263980208e-01	 4.78524074337388471978016e-01
-7.54183617866993755152194e-02	-8.83805138745829332869164e-01	 4.61736448021894896331929e-01
-2.89978138215581451864189e-02	-9.33722335958936500155403e-01	 3.56821700748366998912076e-01
 1.14560253690411215088396e-01	-9.26011878484589212590095e-01	 3.59691463868453242813672e-01
 2.23166950075590064805908e-01	-8.89584233047127970195334e-01	 3.98542851783734775050760e-01
 3.24390222889278767581800e-01	-8.43159738618292520229147e-01	 4.28780408212615038454629e-01
 4.19990551887751861759313e-01	-7.87188783280578951995210e-01	 4.51599109611902582717136e-01
 5.10158696220071150584374e-01	-7.22022386511338654102587e-01	 4.67356157600933130868981e-01
 5.94640904874907283428342e-01	-6.47641716054165872407111e-01	 4.76405711422487554429495e-01
 6.73263994659823228339235e-01	-5.63422029470171836784687e-01	 4.78822733589802040921057e-01
 7.42405942363142723472436e-01	-4.64598162207187304062472e-01	 4.82682053133942523537314e-01
 7.97949986257351362439749e-01	-3.55235942043051422523092e-01	 4.86911947802350142389116e-01
 8.61143533286986784247574e-01	-3.16012773594961937639880e-01	 3.98205652901642670471460e-01
 9.13198134081263712680254e-01	-2.70536396663327183276238e-01	 3.04760932520756588903765e-01
 8.95410975008607668002014e-01	-1.99179628440107864273401e-01	 3.98204296120213963039447e-01
 9.14637462722346583632316e-01	-8.21153619945805823832075e-02	 3.95847671597708006263616e-01
 9.21442775758620435944124e-01	 3.33144543414298083261471e-02	 3.87083141113355122531203e-01
 9.16899119295815578922770e-01	 1.45061859451868002679475e-01	 3.71823966369738467818706e-01
 9.22533522150369100778278e-01	 3.04840913433863824888448e-01	 2.36651469477038634003918e-01
 8.84664524784054440154080e-01	 4.15977338731894075163353e-01	 2.10550545594483246025774e-01
 8.35272786406268785697193e-01	 4.64391144761338747759538e-01	 2.94381108355072307336542e-01
 8.15453042676838601998668e-01	 5.37217739291311002780560e-01	 2.15484189164353190371060e-01
 7.38811789956742903662246e-01	 6.23366667793361250993200e-01	 2.56068616790725012144492e-01
 6.55405559663210235399333e-01	 6.96568004064382462203753e-01	 2.91953023749226880934060e-01
 5.64874849787650457066945e-01	 7.59266137172559751888912e-01	 3.23158377611410807528358e-01
 4.67606849022673798366156e-01	 8.11751726723734190471760e-01	 3.49861356694509129106052e-01
 3.63885664562692501267094e-01	 8.53964777835918176229768e-01	 3.71929269272288698378048e-01
 2.52818519361925786448353e-01	 8.85566727580450296919423e-01	 3.89684958999056085815482e-01
 1.85300425111714406334329e-01	 9.33232110700360717459034e-01	 3.07801202095066395170164e-01
 6.12313694665555102725207e-02	 9.43025696894083553800670e-01	 3.27037084121477306108972e-01
-6.54657343990659584820335e-02	 9.37600975491549970541882e-01	 3.41494726719000107895141e-01
-1.90552996775551986008423e-01	 9.16231381647058085171409e-01	 3.52433838762652440479428e-01
-3.09877995720480414743037e-01	 8.79239953015434116956328e-01	 3.61818646271409138925890e-01
-4.17912857101986057184462e-01	 8.29273723795452832874275e-01	 3.71017432058492024893326e-01
-5.18018368832930953260529e-01	 7.71127599888732029320693e-01	 3.70161038254315455375831e-01
-6.09716180715050182215009e-01	 7.07646527685432014109779e-01	 3.57047014871996193363657e-01
-6.92771773396998913341349e-01	 6.37911306374040809608061e-01	 3.36357600158732616968393e-01
-7.66938982955053916157340e-01	 5.60788368714615681476232e-01	 3.11963141954731071336937e-01
-8.31935912352132600489085e-01	 4.75776268073612618181301e-01	 2.85516340122191070172164e-01
-8.52932453148569691414593e-01	 3.75041200513335948318883e-01	 3.63112005149208272314354e-01
-9.15762204164741411283046e-01	 2.77902220979417469148842e-01	 2.90086092389900074284270e-01
-9.54955968321307913093676e-01	 1.18649197646281040485761e-01	 2.71995342727420763573321e-01
-9.54020463038499744179433e-01	 2.39489842342730137325635e-03	 2.99731914492514628367559e-01
-9.41160234041180654429581e-01	-1.10634527391153231201670e-01	 3.19339028633342292273767e-01
-9.52260341347176963999743e-01	-2.03247067546082321731760e-01	 2.27795680010127482573168e-01
-9.19160725553960111788854e-01	-3.10330532435524497625323e-01	 2.42566529507682232535970e-01
-8.70829540438095683896336e-01	-4.13940127351875963856997e-01	 2.65159352971543416099820e-01
-8.08735053587326668811386e-01	-5.09230099209263542547887e-01	 2.94333686754383261341417e-01
-7.36833792703500134457784e-01	-5.90529751314971762532480e-01	 3.29166484840198392269883e-01
-6.54685496745546435803931e-01	-6.67166780019130101209157e-01	 3.55352484147702207817332e-01
-5.64035140945798207923190e-01	-7.35593778320793645342235e-01	 3.75188156894633806359707e-01
-4.66241679149649146385315e-01	-7.95027171359622308877135e-01	 3.88008367723729985510062e-01
-3.62949135856800220167884e-01	-8.44925695194483905581251e-01	 3.92897562197731475830409e-01
-2.55774586795298575214730e-01	-8.85670241822148596178010e-01	 3.87514623595537510691855e-01
-1.45841472021155937888182e-01	-9.16033763247692700559810e-01	 3.73647440281574150233723e-01
-1.01613349025877194864442e-01	-9.58379587867391635747083e-01	 2.66801973116530366514354e-01
 1.84021048161741584969775e-02	-9.64129478771116432689325e-01	 2.64793713488197968164428e-01
 1.26843633225056318103441e-01	-9.58336807452569439114143e-01	 2.55932132003553303167820e-01
 2.27917668375922838341907e-01	-9.29085395363541621804870e-01	 2.91296866725775871476145e-01
 3.26346653766704908328222e-01	-8.89325194946928965222810e-01	 3.20310098510617480283003e-01
 4.21133024211267414926851e-01	-8.39058649258806688031598e-01	 3.44423516941946006308939e-01
 5.11821724116571785678786e-01	-7.78754432821802455855220e-01	 3.62739653308998988290313e-01
 5.97568535477983497905541e-01	-7.08523267166566106389780e-01	 3.75375312574379227381627e-01
 6.77641142815077923700073e-01	-6.27797027444909838678200e-01	 3.82979599842615869853546e-01
 7.50579958296067495382431e-01	-5.33606961510630917189246e-01	 3.89734957158920314324035e-01
 8.12530584364581365264257e-01	-4.28402667999479402904939e-01	 3.95303938157818279819367e-01
 8.70921686252005167183654e-01	-3.86337804817803442958279e-01	 3.03707946857708854793145e-01
 9.53497785081597659662123e-01	-2.18780047999060589525300e-01	 2.07309585986793859513355e-01
 9.41215955777741752896759e-01	-1.51499266475077415394779e-01	 3.01927966321282714723395e-01
 9.55234958281516721712023e-01	-3.34196071506185216071216e-02	 2.93954595702818066715878e-01
 9.56969837338413675809079e-01	 8.07685182857392353072967e-02	 2.78720607200859726848563e-01
 9.46001834194691304524838e-01	 1.93329406122761143782540e-01	 2.60200442790746333532326e-01
 9.60475649480742821317847e-01	 2.36797484163676075219485e-01	 1.46333448836207191678938e-01
 9.30996802232447739910981e-01	 3.43774415104131036979851e-01	 1.22735918755550968417545e-01
 8.86154684247329682555971e-01	 4.50377611676990585731772e-01	 1.09040737738908863341258e-01
 8.32109688005879588601488e-01	 5.43730141682622236665168e-01	 1.09320630040964289486638e-01
 7.64344368202676927026573e-01	 6.28737166334298214209753e-01	 1.43063840528513563921109e-01
 6.87693677268446768025001e-01	 7.04106625037510092113280e-01	 1.76949899189822956735441e-01
 6.02488461676312314629911e-01	 7.70376131113104212211340e-01	 2.08634297655289291384406e-01
 5.09365060482738885028198e-01	 8.27253104737550537528534e-01	 2.37064412895523685120835e-01
 4.08982572404664013188125e-01	 8.74108986915935415318302e-01	 2.62043382786249556826164e-01
 3.01377505527159306186746e-01	 9.10129691024938569654523e-01	 2.84315924065249359120600e-01
 2.34980133823344566890157e-01	 9.51545362464558897030997e-01	 1.98357656470715487673218e-01
 1.17089928244266061607703e-01	 9.67405752060022661176220e-01	 2.24535207896076699496390e-01
-8.75000326381714273182855e-03	 9.69926831674302047936465e-01	 2.43239344352703307228225e-01
-1.36331335654371499366277e-01	 9.57004699577043038694057e-01	 2.56038614091993743659970e-01
-2.61181502958143407777669e-01	 9.28222025342095191646763e-01	 2.64930357230620694419798e-01
-3.79169308577106511926047e-01	 8.84737603878556932990307e-01	 2.71053514488169722262967e-01
-4.85890366269123796794105e-01	 8.30498074594383739466252e-01	 2.72366481164401652570461e-01
-5.81827516394792021436899e-01	 7.70444511833679013257381e-01	 2.60560924451906872345575e-01
-6.68590298656224657491975e-01	 7.03570805449887148874666e-01	 2.40780261361634995154191e-01
-7.46689047049128085120628e-01	 6.28792396625380334285182e-01	 2.16969096792550830699042e-01
-8.16201074506637924699248e-01	 5.44930999706291441242456e-01	 1.92005238296540758913267e-01
-8.77348573792818942074234e-01	 4.49565887280940046366595e-01	 1.67779596664813818174267e-01
-8.88133604489117156610689e-01	 3.80326738013812504224376e-01	 2.58012156552634430717319e-01
-9.53786573744027421639657e-01	 2.26258539600287522652877e-01	 1.97732761583846061714809e-01
-9.78218239459305083371987e-01	 1.25851000584802752424451e-01	 1.65077562500000385448118e-01
-9.81496940943837326010168e-01	 1.53913973388755884186274e-02	 1.90858219120493804998873e-01
-9.73046336651593901656554e-01	-9.42614216881450112106577e-02	 2.10465225417983847755465e-01
-9.78054549443266751929116e-01	-1.73738938912429446981278e-01	 1.14995997403872840525452e-01
-9.49866689389106233498694e-01	-2.83716636718748804746326e-01	 1.31370249440202285784451e-01
-9.08136248005620427825590e-01	-3.90159659107440326408778e-01	 1.51868349116727391345805e-01
-8.53400125210708515588465e-01	-4.89826769236465342505227e-01	 1.78263744013508362851184e-01
-7.86876847193495376764361e-01	-5.80871059330907435480640e-01	 2.08359400514144643690173e-01
-7.11076351519640548204393e-01	-6.60205249483689859957281e-01	 2.41866597246696429790447e-01
-6.24335253006297219435794e-01	-7.34476938565412740267391e-01	 2.65987064665072991953565e-01
-5.29129602316206093526318e-01	-8.00015288239608546305703e-01	 2.82838120725600938865085e-01
-4.27348259753663417548353e-01	-8.55687401743290387834406e-01	 2.91843340481382329532067e-01
-3.21444888074346679651683e-01	-9.01121359781692610191328e-01	 2.90952709002793685755250e-01
-2.13907404068394785268126e-01	-9.35947224033901070683328e-01	 2.79725608959843163869863e-01
-1.57712505728795165937939e-01	-9.72918623394806392212786e-01	 1.68985554969351636778185e-01
-4.03510057777762137787292e-02	-9.85693496188488449405440e-01	 1.63646350110341398664815e-01
 7.61841008694715271509779e-02	-9.85097474184339017000411e-01	 1.54204244851903315982611e-01
 1.99509660682006317866666e-01	-9.65407272898758717083467e-01	 1.67882973313950051297283e-01
 3.04068848808895786373085e-01	-9.31227126589282416802007e-01	 2.00893439137024371055062e-01
 4.03641235717909718783147e-01	-8.85981995294849222766231e-01	 2.28275396925460338781733e-01
 4.98352692638329097807315e-01	-8.30002063745397644645152e-01	 2.50481871436852965295827e-01
 5.87830652633192118905470e-01	-7.63594706232740061402353e-01	 2.67167079630277193302845e-01
 6.71282883689705567320516e-01	-6.86572599248052695131150e-01	 2.79280067364296558096726e-01
 7.47437524080155957229010e-01	-5.97370308667338867358865e-01	 2.90664517820140411163976e-01
 8.15125203658380592663946e-01	-4.96144320718335252173858e-01	 2.99017918158469897527141e-01
 8.68157166599458074429663e-01	-4.51501248060160564889998e-01	 2.06033388270246142770503e-01
 9.17845668495860689262145e-01	-3.37451753815210642173383e-01	 2.09011106571935445508359e-01
 9.81457759790595130056090e-01	-1.60839901138447566308898e-01	 1.04265008265481504134975e-01
 9.74860349200256548485299e-01	-9.95893577703895749309027e-02	 1.99321999227469098814325e-01
 9.83028129861775012976466e-01	 1.41406442853568743711623e-02	 1.82909097859172059541422e-01
 9.78031704677544744264139e-01	 1.26226508230045247893614e-01	 1.65894102564215717432461e-01
 9.82494083012782737363011e-01	 1.79681303997675262396072e-01	 4.91935548478262194005417e-02
 9.57092741234292554430851e-01	 2.88664288281606229435994e-01	 2.54246602239042822357629e-02
 9.17735393698056012290465e-01	 3.97090243179492319303137e-01	 9.00477237501638716477004e-03
 8.63874368194580855018216e-01	 5.03706639520162591239227e-01	 8.35032764973425082992431e-04
 7.95608649355897035171381e-01	 6.05489298137785181275206e-01	 1.97379560922008728818255e-02
 7.22109160013528206256694e-01	 6.89674412145409587715505e-01	 5.39218532363300376286652e-02
 6.40230897014933519884039e-01	 7.63180468507090203900134e-01	 8.75212602557324664820371e-02
 5.50022342879071368670907e-01	 8.26683170537505063180106e-01	 1.18618539376758883041596e-01
 4.52080306392002306825617e-01	 8.79846328103833119627097e-01	 1.46607760690610960940816e-01
 3.46976372800520460604190e-01	 9.21931662807708773854642e-01	 1.72190028256015953411762e-01
 2.79648857160429420432024e-01	 9.56427194324267704317322e-01	 8.39257924947704597729015e-02
 1.66055661141486593512795e-01	 9.79734470331033890921901e-01	 1.12008415076870107562890e-01
 4.79758908147518842168822e-02	 9.88999469227716199171141e-01	 1.39922706405452595967986e-01
-7.93400456970064227313344e-02	 9.84318487017991294862895e-01	 1.57550859291244266247034e-01
-2.07540260817917487923268e-01	 9.63627548400972866460279e-01	 1.68371577477795880684042e-01
-3.31594233544162730886740e-01	 9.27183181621913599101958e-01	 1.74288875140454296852610e-01
-4.46664541304993056858308e-01	 8.77640324467880206249504e-01	 1.73891484577922417198437e-01
-5.47114287017201994522964e-01	 8.21346069671992640159885e-01	 1.61420540130521122934582e-01
-6.37240824005187334044820e-01	 7.57437917662449944344871e-01	 1.42168678366092954279409e-01
-7.18516296953860211793597e-01	 6.85255804321923234212477e-01	 1.18990813321138533265042e-01
-7.91508039276192065791804e-01	 6.03649248182800524098468e-01	 9.55123496177210096202970e-02
-8.56624657791414279017772e-01	 5.10480764928969543703374e-01	 7.48570925248673163521218e-02
-9.13978779882063441242224e-01	 3.99879324547285475155434e-01	 6.88426882457498917622374e-02
-9.28872443274935233326062e-01	 3.31161485491730189778536e-01	 1.65915805911801217398249e-01
-9.81579346073478187229000e-01	 1.78108460195910839329869e-01	 6.91329427162238052684273e-02
-9.95865927862974009698860e-01	 5.30655148735547990690442e-02	 7.37231636110530080818748e-02
-9.93482485578744189957945e-01	-6.11997284215932066397947e-02	 9.61620719899671516639472e-02
-9.90887184697528566879043e-01	-1.34676085466709838378563e-01	 2.22243235430273069694329e-03
-9.68441328424731184831842e-01	-2.48507952652473274035572e-01	 1.91099677503198395189798e-02
-9.32967081169411294183647e-01	-3.58003319977306111443482e-01	 3.74973110963411834783976e-02
-8.85081211050568805731587e-01	-4.61427678947541775045238e-01	 6.09569269758798715219683e-02
-8.25519928994602025795757e-01	-5.57258130054094302785472e-01	 8.93320956955637318630536e-02
-7.54825614076804929375442e-01	-6.44858326330437603424173e-01	 1.19983462593314688104940e-01
-6.75115415369623272923150e-01	-7.21741923748509650593519e-01	 1.52668829281229628813676e-01
-5.83100020665029195043871e-01	-7.93456073034121800446883e-01	 1.74418537047279248453080e-01
-4.82475659614218177484446e-01	-8.55618067601016329959407e-01	 1.87443218801128463901762e-01
-3.76625601116898911513431e-01	-9.06687791022579903099654e-01	 1.89922105595764861840635e-01
-2.69752756049359665446730e-01	-9.45991834892938365797477e-01	 1.79813511504743200886125e-01
-2.08913976857021704836015e-01	-9.75506917551957952738917e-01	 6.88564018959835488775667e-02
-9.32768914499182977273506e-02	-9.93713794339094680374558e-01	 6.19057062122693388395156e-02
 2.38858631673548073293123e-02	-9.98201398214731083768925e-01	 5.49857630928794124947068e-02
 1.48487534847400043380716e-01	-9.86943608528550231362431e-01	 6.24000447082038098289836e-02
 2.68503203588999816986416e-01	-9.59988798773679485876187e-01	 7.95458100185810063065261e-02
 3.73880522823717253988463e-01	-9.21047632701308183200695e-01	 1.09016571897945807601005e-01
 4.73297990199996521099024e-01	-8.70636257506780086856679e-01	 1.34095188531250381069881e-01
 5.67000207903512576379512e-01	-8.09125097542391147342755e-01	 1.54361072697716122936740e-01
 6.54479828071624081253788e-01	-7.36691043046264093518971e-01	 1.70124841639146762162227e-01
 7.34627953434481839600778e-01	-6.52954689284185985087561e-01	 1.84314795321637275860027e-01
 8.05763116537584478393796e-01	-5.58066585306693174750592e-01	 1.98261157042337210487659e-01
 8.53114351224345202062693e-01	-5.11033437619615948932505e-01	 1.05074875064131517676813e-01
 9.09982207843880397390990e-01	-3.99412197685859060580782e-01	 1.11365514174403504310540e-01
 9.53101737312475161267855e-01	-2.81302436329864180564186e-01	 1.11651321742396905656314e-01
 9.75560859936967950112319e-01	-2.19497393197062601322145e-01	 1.00946985461454787069702e-02
 9.94210721761779270266857e-01	-1.06658978457470896006321e-01	-1.29962705546891391095166e-02
 9.95302418435731417467593e-01	-4.68709840003614097714291e-02	 8.47124944433944593313868e-02
 9.95522459058066133685827e-01	 6.64657989465097520653813e-02	 6.72110934398743309348134e-02
 9.91338467102499731886667e-01	 1.22324688978618534296317e-01	-4.77986831319702071274591e-02
 9.69841510778056692387850e-01	 2.32925180129371217629952e-01	-7.17865198587915032124585e-02
 9.35145576741764572581417e-01	 3.42768413606731325860011e-01	-8.95129316570361932559052e-02
 8.86838081048485493695921e-01	 4.51532309227711814436645e-01	-9.81671621558338758362083e-02
 8.23379282376409782351345e-01	 5.60335824154411632491701e-01	-8.98349682612767097555917e-02
 7.50355265739596877239137e-01	 6.57548577849849880117006e-01	-6.78000217145900557769167e-02
 6.72060835677367296447926e-01	 7.39683013930912180988742e-01	-3.46882119850680861739001e-02
 5.85535392562799850146860e-01	 8.10644559702283773461318e-01	-1.92402739545071452091640e-03
 4.90760082983985379545544e-01	 8.70828915499466060801126e-01	 2.84875565743267326890287e-02
 3.88450492200392849539980e-01	 9.19737543790856704184478e-01	 5.64718128877992470160407e-02
 3.18995820457010303972112e-01	 9.47198835090208079989793e-01	-3.24966665169190913053932e-02
 2.08667637374987502418833e-01	 9.77976325116132638726185e-01	-4.48604778004876251357169e-03
 9.53119894122982369566444e-02	 9.95142895093522716898349e-01	 2.46220027445374668728650e-02
-2.17026724486918225209831e-02	 9.98274041379665577622404e-01	 5.45704344502986049558757e-02
-1.50156884602101581283051e-01	 9.86133204015355868676806e-01	 7.06697526881154280964381e-02
-2.78063821921666010084095e-01	 9.57342376143507589603132e-01	 7.85880765652085394590287e-02
-3.99103882666794695932566e-01	 9.13568942094355906924363e-01	 7.81529198487726645128149e-02
-5.03689798544243338973558e-01	 8.61656844632908924808135e-01	 6.20005559629822552980549e-02
-5.97100159982487888044034e-01	 8.01053091573774689315712e-01	 4.22533244725788736939620e-02
-6.81339807670618524682027e-01	 7.31711685100978614926248e-01	 1.93410540056881338766281e-02
-7.57479399703383071695839e-01	 6.52851022885203136070231e-01	-3.24051581485470781632263e-03
-8.26351071646419521599114e-01	 5.62739185770707250888734e-01	-2.16452116398848370959485e-02
-8.88289410325485473407525e-01	 4.58424576698499008919896e-01	-2.80861350563478551212171e-02
-9.38136010119243413107881e-01	 3.44971362022297944882609e-01	-2.99263412736608391817583e-02
-9.56207758468397006623718e-01	 2.83604888902138141393294e-01	 7.23532282323988973349316e-02
-9.72626388636964378520133e-01	 2.29663262870561796225033e-01	-3.53934148488691674439011e-02
-9.93717157109632265310495e-01	 1.08373584248303858612594e-01	-2.79531376257853535205466e-02
-9.99700118109145940969995e-01	-1.71429277725228083884002e-02	-1.74869631424609088543587e-02
-9.90198884302989856820432e-01	-8.87024597313832152689628e-02	-1.07879762526231368080509e-01
-9.74079016473647474327890e-01	-2.06731834310637407892131e-01	-9.18260221739504861604431e-02
-9.44713563297782554784021e-01	-3.18929800502744165147107e-01	-7.61581622184139966913463e-02
-9.03307488709782835378803e-01	-4.25333312492155668493865e-01	-5.59209632005369244867055e-02
-8.50565054240404516683327e-01	-5.24988483862206423147256e-01	-3.04332107586362567153149e-02
-7.86986032758739240122736e-01	-6.16970717318532813067122e-01	-3.43822796657262648792330e-04
-7.12437397838230346280852e-01	-7.01077742429839556592697e-01	 3.03801453415033888283414e-02
-6.29232731349757656857946e-01	-7.74675716104417655394343e-01	 6.27989225722204447155406e-02
-5.31342044948761027534090e-01	-8.43227614581211426525442e-01	 8.15035046936567891817660e-02
-4.26009302624274388548997e-01	-9.00484594514277425503224e-01	 8.74275077995300547994972e-02
-3.20477397932158680760040e-01	-9.44074895411995407279449e-01	 7.75682233099529577780018e-02
-2.57038278132711239809538e-01	-9.65861350919527739122827e-01	-3.22982100816164782730588e-02
-1.43178933930422386255898e-01	-9.88852080964085056180579e-01	-4.08822070288131153570355e-02
-2.71365011097302183395996e-02	-9.98554005731399851875096e-01	-4.64059042073009797579886e-02
 9.49494999122051236417619e-02	-9.94652075261749146761758e-01	-4.06428547707720494441830e-02
 2.16987082305430900586174e-01	-9.75745041539978097411279e-01	-2.89520296822667680403107e-02
 3.33464276890280908460795e-01	-9.42701812525686522192814e-01	-1.07176815975949316084304e-02
 4.38278246282236327857618e-01	-8.98701648795731444785417e-01	 1.57329363947625797126584e-02
 5.36433726244610498135046e-01	-8.43060291206921275097841e-01	 3.85772308159012880524052e-02
 6.28019587543219626191160e-01	-7.76083606650412760608049e-01	 5.73204426930885926894099e-02
 7.12263966927112690541435e-01	-6.98046831057200445336264e-01	 7.35572094920227403935797e-02
 7.87663287615844365241458e-01	-6.09605695374369149774907e-01	 8.92605260422072444015384e-02
 8.29967358038432245770366e-01	-5.57773558743695385686578e-01	-6.54536149485100433170759e-03
 8.89350057397020887783867e-01	-4.57078987527460622874997e-01	 1.16307595963007145978274e-02
 9.40169618217393643355706e-01	-3.40354980334288792498398e-01	 1.54782538616686990429194e-02
 9.57684213356705060782303e-01	-2.75473439977623191232681e-01	-8.33986292108196275441045e-02
 9.79937727741378994394950e-01	-1.66203716720556810004794e-01	-1.09992610194211706819978e-01
 9.90069667111894702316022e-01	-5.43151585601812161852031e-02	-1.29660779789127433847540e-01
 9.99478879525117158699743e-01	 6.80616920609885753257196e-03	-3.15538499070113290234652e-02
 9.87619678290067803949626e-01	 6.33036602043308693765766e-02	-1.43527062461954069139125e-01
 9.70159498257437746815413e-01	 1.74966305573415747964816e-01	-1.67861073077908540263081e-01
 9.39925986169878879827877e-01	 2.85578433950630372617496e-01	-1.87040366191060375422595e-01
 8.97118821053933257481106e-01	 3.95509176695866604411833e-01	-1.96850989482294930210671e-01
 8.41424285087777557023969e-01	 5.04906124912339215882184e-01	-1.92548636688312235776266e-01
 7.73582950971202665257920e-01	 6.07990113991996983244803e-01	-1.78654524864847730203365e-01
 6.96632187105184597086804e-01	 7.00539786842062639493633e-01	-1.54750130663351720405885e-01
 6.14046187940868071208911e-01	 7.79695116288452005903764e-01	-1.22567551624504292306916e-01
 5.23346695338576917144735e-01	 8.47284595554250063997870e-01	-9.06479487614659656946614e-02
 4.24588303441020831208164e-01	 9.03342597676507375048516e-01	-6.08023338707943256098432e-02
 3.52295820681170157584461e-01	 9.23950104571196417779788e-01	-1.49009593628920133934201e-01
 2.45155834221824187046934e-01	 9.61826245845899929776124e-01	-1.21609579182661020624323e-01
 1.35285638888033521443077e-01	 9.86341700644337349146440e-01	-9.39566148852382237999237e-02
 2.35294625936345487560164e-02	 9.97706431281382477571640e-01	-6.34684281341753864236210e-02
-9.11688948702272655699730e-02	 9.95356280466482723490174e-01	-3.08886313078156511668926e-02
-2.20238488734740112118260e-01	 9.75290896210327828974584e-01	-1.73975817024443514535736e-02
-3.45790619973822266342012e-01	 9.38178764055241920516437e-01	-1.57941069357590557764581e-02
-4.52164347530129351326877e-01	 8.91210995258690741316343e-01	-3.59216474102534155665722e-02
-5.47999881470492056223520e-01	 8.34498354572652978333736e-01	-5.75206582356434723002359e-02
-6.34758189752473334088734e-01	 7.68497983103462734000288e-01	-8.05784742227893951982409e-02
-7.13571274903605279327223e-01	 6.92979895999530470795946e-01	-1.02931527594430943794990e-01
-7.85668086521022712709339e-01	 6.06889381201132005472232e-01	-1.20045561382759707891310e-01
-8.51543209577247162123115e-01	 5.08626212728147120145650e-01	-1.27175225373113542914894e-01
-9.06930554141465172790504e-01	 4.01226961434592965805024e-01	-1.28428561397450069492265e-01
-9.49010357662945502887908e-01	 2.86076607751311273730721e-01	-1.32436836061387230856212e-01
-9.78267351407489660353178e-01	 1.61665709589108030908022e-01	-1.29835232172262449168443e-01
-9.92090594792698343695747e-01	 3.67842797108021840601921e-02	-1.20013201315637044186424e-01
-9.77103226865008056556405e-01	-3.56905697121017925765862e-02	-2.09750964917003401843942e-01
-9.66921293658891567446290e-01	-1.59184191994880208653740e-01	-1.99307814417681194996135e-01
-9.43284342273214448937324e-01	-2.73921694487715361443492e-01	-1.87567467624767447720302e-01
-9.07932289948615189878467e-01	-3.82648303501241793256327e-01	-1.70994832367195315203645e-01
-8.61601006059588225838297e-01	-4.85249006769839563713020e-01	-1.48919803202898048954950e-01
-8.04848419387250713086246e-01	-5.80911941015442190305862e-01	-1.21492133883291400509030e-01
-7.37899554175300287361949e-01	-6.68895204008266408557404e-01	-8.99080308016627638423302e-02
-6.59640704615875539396086e-01	-7.49206865020075940542199e-01	-5.96926647140260599466721e-02
-5.73726131487840018685631e-01	-8.18607193813963407436063e-01	-2.68437755173485011195300e-02
-4.70818954783537801933591e-01	-8.82097194837328069105808e-01	-1.52987148693507178653928e-02
-3.67538562836988269566518e-01	-9.29640611727665655550368e-01	-2.61483814859121942164588e-02
-3.03941321697187294414988e-01	-9.43281010348217541228166e-01	-1.33568740659678747428885e-01
-1.92158580564804892798492e-01	-9.70855332363412926177659e-01	-1.43230595673014132751533e-01
-7.72604034360782759849329e-02	-9.85734685730676019055352e-01	-1.49525781751307623723690e-01
 4.13911243893158586892866e-02	-9.88596572328100275939278e-01	-1.44788093443208809585343e-01
 1.61863837202067234466440e-01	-9.77609053357958446284215e-01	-1.34464259187262513695060e-01
 2.80782376595874572089429e-01	-9.52141917729916187340677e-01	-1.20776758918137772091939e-01
 3.93860649646067040308139e-01	-9.13484439426385463889346e-01	-1.02078242472333130530515e-01
 4.96933589433348921193812e-01	-8.64246845398514929037503e-01	-7.83223972539354718058746e-02
 5.92654031504267098107164e-01	-8.03398549457442601173796e-01	-5.75497147813621295897590e-02
 6.80812284126264377626114e-01	-7.31380552192094079977380e-01	-3.97129910478458761358134e-02
 7.60253372082243195073659e-01	-6.49206948121005988916465e-01	-2.33484206957952321326299e-02
 7.97637492144333659638278e-01	-5.90876676481289053732837e-01	-1.20992496941439292568177e-01
 8.61003947360464261251423e-01	-4.98048653669002749921901e-01	-1.03052128596126196802274e-01
 9.14178498304280662267729e-01	-3.97065116056797284826985e-01	-8.13447407576697173459124e-02
 9.27149548386177579928358e-01	-3.31320162227108527819297e-01	-1.74987613930556784591630e-01
 9.66379657277409376270327e-01	-1.20821372293393333730016e-01	-2.26963772434144867018446e-01
 9.43991250461519326719895e-01	-7.21916352560726670706259e-02	-3.21976531522332187762458e-01
 9.71644352234793062805807e-01	 5.71457470696446270808089e-04	-2.36446455263318561224040e-01
 9.58558928104799146119319e-01	 1.13142483317482500648765e-01	-2.61464261074685899721715e-01
 9.32768340240673010654859e-01	 2.24137469643113568240622e-01	-2.82321834342727451261368e-01
 8.95250069334180942348667e-01	 3.34632135519828399772280e-01	-2.94191514552312460839545e-01
 8.46445763510297211063005e-01	 4.44204210092136397847185e-01	-2.93619122626390671726426e-01
 7.86297145762166693749862e-01	 5.48832728495029620319201e-01	-2.83759466272001215081389e-01
 7.15175326259052224209256e-01	 6.46403674321961441151529e-01	-2.65869408795606942952361e-01
 6.34885703136765400245167e-01	 7.34211082858911678883373e-01	-2.40529062193489795440371e-01
 5.48484740585438501625504e-01	 8.09573943110689309143879e-01	-2.09175811175993375812254e-01
 4.54157748418419271452251e-01	 8.72933820358226975066884e-01	-1.78121545092957411782209e-01
 3.78227908674714008441242e-01	 8.87231090205469974385721e-01	-2.64129971173976185738752e-01
 2.74620600186526842012569e-01	 9.31803038419226958843922e-01	-2.37332306157186534445458e-01
 1.68202157054455458951026e-01	 9.62639239823472103729785e-01	-2.12211517864408755196237e-01
 6.03035333156777958452111e-02	 9.81079445417111783989128e-01	-1.83974470103047349489600e-01
-4.85616293971225382319901e-02	 9.87205553540876246110258e-01	-1.51878119583924220403759e-01
-1.59436716191360433603208e-01	 9.80352651048111645160077e-01	-1.16140488689582460635208e-01
-2.88442526816168220982206e-01	 9.51309491360993741970731e-01	-1.08679162539980195267830e-01
-3.94423605140959421255786e-01	 9.09286415457276953056009e-01	-1.32771361266144027890590e-01
-4.91062898120903479348698e-01	 8.56970960986645713397536e-01	-1.56390543559142669582940e-01
-5.79456455785268720326542e-01	 7.94865822539464805807086e-01	-1.80051492655393607922321e-01
-6.60282116008180874899836e-01	 7.23197274286945246402070e-01	-2.02517233201750718185608e-01
-7.34865939445692339937466e-01	 6.41651296662629211375872e-01	-2.19671719922630515053896e-01
-8.03811273753047950130224e-01	 5.49810428643653481550757e-01	-2.27147372298657279632295e-01
-8.63958924274462747305847e-01	 4.48440033138757798703011e-01	-2.29077528022770177118517e-01
-9.12556380678717027343794e-01	 3.39289394369999830480822e-01	-2.28305845195866857766376e-01
-9.49505883620208712692090e-01	 2.17739763612690845340225e-01	-2.25893719063846865058309e-01
-9.71222606019069178984182e-01	 9.07209525856361720386190e-02	-2.20218887290538206658042e-01
-9.51309536521598886338325e-01	 1.82743573735579568906306e-02	-3.07695000911038962776445e-01
-9.47976851025215450086137e-01	-1.06864953824112873803642e-01	-2.99866256128438923855839e-01
-9.28928630589522685845338e-01	-2.23886378014663878222024e-01	-2.94900812156476010983397e-01
-8.98958659885342292739097e-01	-3.34584068157716574276606e-01	-2.82713333877590844434025e-01
-8.58413985121755040985647e-01	-4.39546694001415827468549e-01	-2.64431718861056819225297e-01
-8.07784589050748791372314e-01	-5.38255484406269246733245e-01	-2.40343693902472177459373e-01
-7.47469984012789412375355e-01	-6.29895512534409673932601e-01	-2.10998261341021675630003e-01
-6.77257319500519594512866e-01	-7.13854233090236101055837e-01	-1.78142238343750924922659e-01
-5.94200688498735973830378e-01	-7.90186689520837037825629e-01	-1.50101757124054352443565e-01
-5.10258032294133578865569e-01	-8.51476015621043580416938e-01	-1.20935252517334002053673e-01
-4.13978208047448392736811e-01	-9.00795756500425870427762e-01	-1.31107010997311618227812e-01
-3.62889148867938438058900e-01	-9.03479317245353463761148e-01	-2.28115297478650419504831e-01
-2.47954025970391123134817e-01	-9.38072534501229404746425e-01	-2.41947765064102676690894e-01
-1.32740350520729355476846e-01	-9.59194828785938091719743e-01	-2.49650314988683286188120e-01
-1.35568009044712937949395e-02	-9.68266771122975766772356e-01	-2.49550942872038356012965e-01
 1.04509290477935126717490e-01	-9.65179588143933342436753e-01	-2.39804442899012648648949e-01
 2.23273102797730244040153e-01	-9.47928318254708024426236e-01	-2.27114563641073685662519e-01
 3.39556409072445775088056e-01	-9.16349354309475838675780e-01	-2.12144540147590515699605e-01
 4.49134837582121859700379e-01	-8.72191604743738024829725e-01	-1.93803256640914189912195e-01
 5.49321092319542625403983e-01	-8.17594230945695721324284e-01	-1.72586242375169146567870e-01
 6.41279426666565122161501e-01	-7.51734429023099171018885e-01	-1.53805218232400536804150e-01
 7.24198165970671214886067e-01	-6.75757797609811472483443e-01	-1.37435131513938685321463e-01
 7.58184386454627823326291e-01	-6.07954703158490428194227e-01	-2.35685203277361560170178e-01
 8.24401709829231554849116e-01	-5.21744341610842488066169e-01	-2.19418920851662063720156e-01
 8.80704495368452300319007e-01	-4.29299540095635256964357e-01	-2.00153682732733068094788e-01
 9.04417033000395775843572e-01	-3.19049968265459560345931e-01	-2.83261271917941814812991e-01
 9.51614018837116049098768e-01	-2.25865128036063345096096e-01	-2.08364351773343586815557e-01
 9.06674437471686633926993e-01	-1.39546819969682017736901e-01	-3.98080581631093444183733e-01
 9.00739321854156282931569e-01	-2.69399862270696711930018e-02	-4.33523830034520885057248e-01
 9.35925632002916341178889e-01	 4.33562612284292617226278e-02	-3.49518877848155329335356e-01
 9.14725679888338749634613e-01	 1.55442388542346793256499e-01	-3.72980689040420032576151e-01
 8.82207911973601155430913e-01	 2.66860703279513888919183e-01	-3.87936289996620775610836e-01
 8.39238618632135557895424e-01	 3.76996799535024962324314e-01	-3.91857058296482707593356e-01
 7.86109770390784001747875e-01	 4.82787438604037222322773e-01	-3.85937453510671157896894e-01
 7.22475650342633279876736e-01	 5.82714968191135884723053e-01	-3.72118530186273388515872e-01
 6.48861441194340193838741e-01	 6.75173766699358468557080e-01	-3.50883477656335596162052e-01
 5.65533414538032852547644e-01	 7.58209887089697054385340e-01	-3.24483781043648444875060e-01
 4.75640349220032898625021e-01	 8.29070003596911853094298e-01	-2.93954396683672181112001e-01
 3.94308452616403459778383e-01	 8.38508781116922841114558e-01	-3.76063649114175779786251e-01
 2.94467965559814359721713e-01	 8.89389392685108637337521e-01	-3.49678603060406989477826e-01
 1.91409591914155879921466e-01	 9.25142044360621307319548e-01	-3.27833137250502060222601e-01
 8.72282423503769610562131e-02	 9.49055504221634982364719e-01	-3.02795118261642293155944e-01
-1.73936747950035504317601e-02	 9.61607483692421105558878e-01	-2.73876810598954689712770e-01
-1.21676433732428743161869e-01	 9.62970170336480468797902e-01	-2.40589477152031133710963e-01
-2.26666155442427158517305e-01	 9.52753760172840857833876e-01	-2.02194773556247986423529e-01
-3.29634445051695701423000e-01	 9.15857575037197113587695e-01	-2.29229219085276603173895e-01
-4.25319992302430727182383e-01	 8.68631448974660269612968e-01	-2.54130497973073576911673e-01
-5.14344978771954619567452e-01	 8.11213713204775088705389e-01	-2.78175402076816125074288e-01
-5.96650966355413925334972e-01	 7.43999073068120075902243e-01	-3.00787306282909727705999e-01
-6.73259631406824432531266e-01	 6.67244613859384605447644e-01	-3.18600210284908036406648e-01
-7.44716106591774895662184e-01	 5.81335829735976861165625e-01	-3.27790441666580001367493e-01
-8.09045907482159876167316e-01	 4.86901207190055695939179e-01	-3.29198927737067326138032e-01
-8.63460669491409649189961e-01	 3.82965520713664298035894e-01	-3.28288108505256137625850e-01
-9.07606738944194191276438e-01	 2.71046450790289050747361e-01	-3.20599171766042856379642e-01
-9.37704628182567834215888e-01	 1.46744069554785805387098e-01	-3.14922543390422138287477e-01
-9.13602721492295155591989e-01	 7.40129930861664619978768e-02	-3.99815137452671776063795e-01
-9.17103182122596560787997e-01	-5.34713939748300629006827e-02	-3.95047545704306557468044e-01
-9.02315970366900255150711e-01	-1.70612023704677845392652e-01	-3.95875519561684541258728e-01
-8.76668160303322618887023e-01	-2.82983181283671947348068e-01	-3.89067418092237715665505e-01
-8.40993339064477041233658e-01	-3.90372089417491408003258e-01	-3.74619587652599506100159e-01
-7.95299492690358933444372e-01	-4.92489199945723432616518e-01	-3.53487064633600300833649e-01
-7.39691124949339195993048e-01	-5.88686574412174201675896e-01	-3.26044715917986172026843e-01
-6.73966210703531909409492e-01	-6.78339238202312899694846e-01	-2.92618223535425492354278e-01
-5.95395165795919001361369e-01	-7.61899407382070736893809e-01	-2.54978213927581298658964e-01
-4.88624987243270303416409e-01	-8.42369807295202388530697e-01	-2.27285568391303566260220e-01
-4.10376962235477982243737e-01	-8.57209435509048711665514e-01	-3.11099232626246169353124e-01
-2.98479938196151262097544e-01	-8.93686730595040113023231e-01	-3.35013065495616213507191e-01
-1.85666797248200760028780e-01	-9.19213241874959230415243e-01	-3.47238903870697279696600e-01
-7.00303395298982195305015e-02	-9.34723550678601022845271e-01	-3.48407283724258942658736e-01
 4.88972343578128326724297e-02	-9.37135505031964410882495e-01	-3.45522945230330780219674e-01
 1.63550696282868029962643e-01	-9.28953630875653413312421e-01	-3.32108899953508007740766e-01
 2.80527860734645806406462e-01	-9.05850169301871899207868e-01	-3.17395006462629913901452e-01
 3.93829110329812104307479e-01	-8.68044121896908604796295e-01	-3.02321078155416811394929e-01
 4.99596592180691412288240e-01	-8.18056951241743712799348e-01	-2.84931692878316267236727e-01
 5.95859007034868604080202e-01	-7.57632775729386698237988e-01	-2.66354314543627179734386e-01
 6.81927613303182744708408e-01	-6.87037504093705897467714e-01	-2.50906751968367369709512e-01
 7.19842054351203186612906e-01	-6.02585563889751818500429e-01	-3.44554864976695796041639e-01
 7.90861583290546454882985e-01	-5.15960295556916914705425e-01	-3.29124489341022563593242e-01
 8.52258529216448179610666e-01	-4.22152899961797001271435e-01	-3.08937418309374656200106e-01
 8.66942908436332593247187e-01	-3.18836663191279789941746e-01	-3.83083771148039153864318e-01
 9.23861980830713025447665e-01	-2.11235593262426579741486e-01	-3.19152885800241425950929e-01
 8.56684509216562695144148e-01	-1.15582044351393728454092e-01	-5.02725016974418958959347e-01
 8.44329801147105318825936e-01	-1.81956784587984708549679e-03	-5.35820749941380958247805e-01
 8.84513258456610440561008e-01	 8.34934573307888894255768e-02	-4.58982721022721251724619e-01
 8.57344310249704477655541e-01	 1.93895842187001871126384e-01	-4.76828203932036343015710e-01
 8.20059665402161908076550e-01	 3.03614374041341728016619e-01	-4.85098399354170817243670e-01
 7.73004874392577479014221e-01	 4.10054967739502562729115e-01	-4.84064445706840817962302e-01
 7.16671234572038073906697e-01	 5.11526872214930872218019e-01	-4.74049154138049988471693e-01
 6.50291596160553209138300e-01	 6.06928320410478394641984e-01	-4.56901361178401077545175e-01
 5.74680357816191089703750e-01	 6.94713927640320583201117e-01	-4.32567965853707436796327e-01
 4.87961650154673187707033e-01	 7.73026669510412767216678e-01	-4.05367976293104781415622e-01
 3.99630282598187280829194e-01	 7.80465746384585656869604e-01	-4.80800224574453149983810e-01
 3.00500136013355845232553e-01	 8.38200505185762723137088e-01	-4.55103923694673062616545e-01
 1.97506407029809843978185e-01	 8.77992997650481776794607e-01	-4.36026966206100707879045e-01
 9.29185673108201826142505e-02	 9.06021185242746329713270e-01	-4.12906468513431768041499e-01
-1.29792559809970790146716e-02	 9.22794015485296825751504e-01	-3.85074984774006812138225e-01
-1.19622128518535930652433e-01	 9.28423021518440694244134e-01	-3.51740301192888737968900e-01
-2.27397898179707846910702e-01	 9.22932748928553814415920e-01	-3.10620889282473000569951e-01
-3.31300000066624467098819e-01	 8.79675877046005472159607e-01	-3.41190066237567701801225e-01
-4.26545683456529156618586e-01	 8.26273025557849760680540e-01	-3.67874526381046562661936e-01
-5.14073174689114398283607e-01	 7.62816296739179833252820e-01	-3.92224512867539676364004e-01
-5.95253150410858355989774e-01	 6.89713715613767375245402e-01	-4.12272576604604201744309e-01
-6.70816262557311415726247e-01	 6.07869529120850793368902e-01	-4.24853124567815099155155e-01
-7.39861780655953982233086e-01	 5.18351848765884914982394e-01	-4.28854178486802517511478e-01
-8.00827536129310124657366e-01	 4.21112411373707751227613e-01	-4.25839869392333869591027e-01
-8.51277125585712557409579e-01	 3.13490826801642585852647e-01	-4.20773997492418339039233e-01
-8.90819425623129657054733e-01	 2.01079081511928853265303e-01	-4.07440736685467541633443e-01
-8.62926606389595285406813e-01	 1.29004409603693526165102e-01	-4.88585237484452594713957e-01
-8.75230336581506729309865e-01	 1.63087470320922201146019e-03	-4.83703626382028462060703e-01
-8.63599035120501956619421e-01	-1.14175507941899054276114e-01	-4.91081113386727108327534e-01
-8.42388806358462916001884e-01	-2.26049346611952944874346e-01	-4.89165403333343906666641e-01
-8.11514256497059438544284e-01	-3.34165469998723763112025e-01	-4.79351697777901653019228e-01
-7.71419923389059736251738e-01	-4.37675690657455096488349e-01	-4.61899655342950632430643e-01
-7.22002293612262757704912e-01	-5.35866609285712613974795e-01	-4.37675296391360824088679e-01
-6.63517997900415212875203e-01	-6.27778514501415418891384e-01	-4.06986490184404581249566e-01
-5.96035230067172849821588e-01	-7.12604235075114278430419e-01	-3.70050278572768787110903e-01
-5.18868263738337609503048e-01	-7.90604756537917729986020e-01	-3.25145880836253009515957e-01
-4.38675156342284544574994e-01	-8.02625195672309055261451e-01	-4.04174346637759862588268e-01
-3.36474847820613265358958e-01	-8.39312384051696169784407e-01	-4.27012176362165596366083e-01
-2.30453303622889765778226e-01	-8.66512927597775206578490e-01	-4.42771522520620908203171e-01
-1.20911874814778358411260e-01	-8.85919338654886479034190e-01	-4.47802684143433771257747e-01
-8.64315182970321060906826e-03	-8.96623524481537814700971e-01	-4.42709330455948235627517e-01
 1.07572929908822528810575e-01	-8.91587651985225160267134e-01	-4.39885807429956587899511e-01
 2.18075318173424820278328e-01	-8.80811951630517508959883e-01	-4.20254043964360390894797e-01
 3.33398695477613860038701e-01	-8.51480319915481898007670e-01	-4.04754956301283719266593e-01
 4.44202153966188506561963e-01	-8.06732051605787869874575e-01	-3.89702249574871040227464e-01
 5.47111763533424499961200e-01	-7.49270142806578776095705e-01	-3.73179542984278855843883e-01
 6.38502286333456403610853e-01	-6.80762640399672047664126e-01	-3.58994509405110184818710e-01
 6.68200625514294599405218e-01	-5.94074463251181739131823e-01	-4.47865444274422597192853e-01
 7.43026076785670119839722e-01	-5.09993432422876868947981e-01	-4.33380834950079174561210e-01
 8.08653703563635306572621e-01	-4.18258410329369834101954e-01	-4.13689605745134358905091e-01
 8.10794301066654399257061e-01	-3.20833068064829807219951e-01	-4.89569958018201745186815e-01
 8.66037872033001421279153e-01	-2.28646273638234420744197e-01	-4.44633878326764930832837e-01
 7.95933741815829431942575e-01	-9.46046529736796759646467e-02	-5.97946016187734463720460e-01
 7.77419436419022669149115e-01	 2.03413843076069023041441e-02	-6.28653519804334925957789e-01
 8.22293466376828319219783e-01	 1.10536565419002502652646e-01	-5.58224975130413358925807e-01
 7.90285670271123397156998e-01	 2.21439014356401092653570e-01	-5.71325933495922200222594e-01
 7.48608537592127309956425e-01	 3.29468088227608313367512e-01	-5.75357311836585005870859e-01
 6.97816703055713194459031e-01	 4.33017872043065854548161e-01	-5.70567587081275862104235e-01
 6.38655999564157417225374e-01	 5.31145520670190940393240e-01	-5.56779085538150253498202e-01
 5.69446617269792065840761e-01	 6.22942431235358751173692e-01	-5.36351822451057946850028e-01
 4.91607240623513241928322e-01	 7.06834612757958669071456e-01	-5.08632628892250582275381e-01
 3.99922700997746627393781e-01	 7.11625896770187171824773e-01	-5.77624805797581686306330e-01
 3.02044626325700948932251e-01	 7.76592861607972917425968e-01	-5.52876632719549565564421e-01
 1.99373339911320029971264e-01	 8.19584964513655811479964e-01	-5.37150590873504474309641e-01
 9.51682344867375712427204e-02	 8.51296069671984456661562e-01	-5.15982566474594062100323e-01
-1.07697558419224403980508e-02	 8.72089450338070393264900e-01	-4.89227966257191226873147e-01
-1.17907163525641317525228e-01	 8.82098043748296700705680e-01	-4.56071202779528728221692e-01
-2.26129075819183289475234e-01	 8.81945515265930235493386e-01	-4.13567103589580431499684e-01
-3.27488659092840528330726e-01	 8.32251556508947443191460e-01	-4.47334913520069099579501e-01
-4.19707144971304457747863e-01	 7.73278690336167584540306e-01	-4.75274635902251274544028e-01
-5.05282445975396621307141e-01	 7.04652235006523297577985e-01	-4.98151460390744704742616e-01
-5.84697735133881679736589e-01	 6.27091116957930738706750e-01	-5.14670078362599370258579e-01
-6.58002609830725782025240e-01	 5.41885191578047153981856e-01	-5.22869969116965704891697e-01
-7.24193558973217466068206e-01	 4.49804406929267763803892e-01	-5.22704203779455478517946e-01
-7.82296295879251424310041e-01	 3.50537061592011145449987e-01	-5.14913850953769958174178e-01
-8.27615396266005998171522e-01	 2.40103349752033012887154e-01	-5.07349127624473927866688e-01
-8.20886738657746639624690e-01	 5.64340986533748908970942e-02	-5.68295833879705170055274e-01
-8.12259456830785597780675e-01	-5.47992137240503399131519e-02	-5.80716472096481250986244e-01
-7.95353836478826514699847e-01	-1.64321041001749851284686e-01	-5.83447401470358339992117e-01
-7.69555135122175104633868e-01	-2.71394700051147519381800e-01	-5.78039627353729490444323e-01
-7.34842261982164846045862e-01	-3.75092810996977221726922e-01	-5.65077192198837119363475e-01
-6.91590984234083050452568e-01	-4.74128542189585944210961e-01	-5.44889012558805840846787e-01
-6.39737756692481340792256e-01	-5.67433506096879036739722e-01	-5.18415681495723146277044e-01
-5.79937030675956477487887e-01	-6.53796442531183630286762e-01	-4.86028036417986086803467e-01
-5.13362729544278861837370e-01	-7.32435593147011454462358e-01	-4.47210028740672893565744e-01
-4.02897447946445386168790e-01	-7.62547015995848620484310e-01	-5.06157776621152466489661e-01
-2.94243891148722680473071e-01	-7.95974708045632306507855e-01	-5.29003588525946866205629e-01
-1.84297122844856969825500e-01	-8.20587018565735126784944e-01	-5.40991234191928516139569e-01
-7.29518188736288375473293e-02	-8.37192660444520120321954e-01	-5.42020738921358713469090e-01
 3.94991486089354484900760e-02	-8.45377379571162879123847e-01	-5.32707145970995221695432e-01
 1.56293370647475865498066e-01	-8.33229761919555111937541e-01	-5.30377739109714529952555e-01
 2.63942764695033138533375e-01	-8.22635814415167976321186e-01	-5.03591633972046648359822e-01
 3.78969886325424498707548e-01	-7.86360511424905817001729e-01	-4.87871880036199190300295e-01
 4.87543809267909633575755e-01	-7.33954099632475376324692e-01	-4.72876742584384834877653e-01
 5.82882623964990465026403e-01	-6.68861456558202061017937e-01	-4.61380752319088149882020e-01
 6.05626633903367683764429e-01	-5.78581506596902550576544e-01	-5.46314763237215617053266e-01
 6.82803960273652643664377e-01	-4.99050616547388692367804e-01	-5.33598382642121338292895e-01
 7.50667570670151218514832e-01	-4.12489672030292131577056e-01	-5.16091531428791383540045e-01
 7.51309833506596747021433e-01	-3.01399503794629375352798e-01	-5.87104652671600946156616e-01
 8.09510231653620127012516e-01	-2.10130973935439224753452e-01	-5.48213606763865213267195e-01
 7.24518178088765618660716e-01	-7.26700554271103443815250e-02	-6.85414088462702020265738e-01
 6.99893658245744232360153e-01	 4.13938314112579364145716e-02	-7.13046574824173440276809e-01
 7.49980519121074884481004e-01	 1.32897950835402400837637e-01	-6.47971724385126179868166e-01
 7.13403697383659496367159e-01	 2.42681426623871515646513e-01	-6.57389450577909983941538e-01
 6.67430610032771931550144e-01	 3.48617390414526551190022e-01	-6.58029099578314569107818e-01
 6.13081792165898309399097e-01	 4.49362992923493631547416e-01	-6.49771972853162127492510e-01
 5.51468929343028491096845e-01	 5.44274716730071772552435e-01	-6.32176441112490272722368e-01
 4.79385431949403306717272e-01	 6.32275303057472704004738e-01	-6.08619379233248825045166e-01
 3.78373594022508308309938e-01	 6.34442274273081530111540e-01	-6.74029987435047384103370e-01
 3.01153911722122247240918e-01	 7.02997901413946690851731e-01	-6.44282757849417575535256e-01
 2.01512911365834490595716e-01	 7.48144190816124488030425e-01	-6.32196817692838308744285e-01
 9.92744047138539864594264e-02	 7.83662026329192684670488e-01	-6.13203409203123772641675e-01
-5.67467242271073313286678e-03	 8.08928219834105788343948e-01	-5.87880033041537686244737e-01
-1.12470523651567705369914e-01	 8.23885433765271568695709e-01	-5.55484629255348916210266e-01
-2.20726288337745657486266e-01	 8.29560588483318483987716e-01	-5.12941649383097719727687e-01
-3.16362462815852951703022e-01	 7.73901032566319257988141e-01	-5.48627363438858095534556e-01
-4.06099664889641998044567e-01	 7.09889799885691119563091e-01	-5.75447247099830749839100e-01
-4.89038791466955058417909e-01	 6.36872172733217500883995e-01	-5.96015852170570181733922e-01
-5.65924802449865205211665e-01	 5.55978902436034538858678e-01	-6.08782866068110717350237e-01
-6.36311183093597465543212e-01	 4.68294480001919311007441e-01	-6.13032102152699764907595e-01
-6.99367949844248770752131e-01	 3.74555467050317003607773e-01	-6.08763232162859435625535e-01
-7.54195487874837144914864e-01	 2.74399335100791730290837e-01	-5.96568664082752331268011e-01
-7.92507415499481449039365e-01	 1.59646064317352898154212e-01	-5.88595897476623663990836e-01
-7.55929804709727926059770e-01	 3.90437602538588890421778e-02	-6.53487348872762496831967e-01
-7.41363677248298214017552e-01	-8.13986934040375476051565e-02	-6.66148745228118510652848e-01
-7.18717418357903925496544e-01	-1.95159920264150382740453e-01	-6.67351390252121978718947e-01
-6.87892587930110210869827e-01	-3.04189487242650713483272e-01	-6.58993583672761507052940e-01
-6.48109582575039033791597e-01	-4.08496165648430609174113e-01	-6.42716774034207793953044e-01
-5.99825809051469649446631e-01	-5.07155133644688893568286e-01	-6.18872094389129379088388e-01
-5.42406806991946432994212e-01	-5.99682730700645150179184e-01	-5.88366788855573474847915e-01
-4.76855265711986497922936e-01	-6.85009378381307931782374e-01	-5.50791437018046670104354e-01
-3.63791932525355354854923e-01	-7.13129499873157213230002e-01	-5.99250987683898728164422e-01
-2.53184099667982775994091e-01	-7.41674027719981143746963e-01	-6.21142051612135981386587e-01
-1.42040999350001112544462e-01	-7.63263976555560774706066e-01	-6.30279665383744913675912e-01
-3.01185296072502377284774e-02	-7.77226442801321137920922e-01	-6.28499746049830942951075e-01
 8.23364694071980068867944e-02	-7.83631529137220894654092e-01	-6.15745346996319664611974e-01
 2.00272660189435736111108e-01	-7.62993767605166461898136e-01	-6.14598545537100804381225e-01
 3.04071794988017785055234e-01	-7.55370519333527168370779e-01	-5.80478873013103080502617e-01
 4.19511136464293110659440e-01	-7.10299399768661188225849e-01	-5.65230191223643818609901e-01
 5.17383850369853681705479e-01	-6.48874790979836357784905e-01	-5.57920654759562095748038e-01
 5.35962758897430280313756e-01	-5.53438303054279989723341e-01	-6.37534285970138059340684e-01
 6.16750472297657448272901e-01	-4.76014473033765372900206e-01	-6.26920311030838561805467e-01
 6.87916202902431939136818e-01	-3.91304131815533196014911e-01	-6.11271113507248720075893e-01
 6.80979689616862282619536e-01	-2.79945579694385437985460e-01	-6.76680969688742250944813e-01
 7.43132865029600186979053e-01	-1.88483671525516371936249e-01	-6.42049414360887915620424e-01
 6.42333728173133944316930e-01	-5.10055675882963369116574e-02	-7.64725972964301781154006e-01
 6.12028401363338470098086e-01	 6.21211353636323126981011e-02	-7.88392161595845353261325e-01
 6.67276725127391667768961e-01	 1.52749341585776327034907e-01	-7.28978333524649579899801e-01
 6.26208837025341469306738e-01	 2.60782546910812595974960e-01	-7.34748226032617801628533e-01
 5.75612894921704199013845e-01	 3.64501722906234226773137e-01	-7.31989268499369627463125e-01
 5.17516271104275227266101e-01	 4.61850163573578109676987e-01	-7.20327241987546385004748e-01
 4.53940357869261290613139e-01	 5.52485746932264487618625e-01	-6.99069131727488524141734e-01
 3.37354095349144567084210e-01	 5.69269356752484467776299e-01	-7.49749700776047744987807e-01
 2.37131826689909008809565e-01	 6.54383847021516418251963e-01	-7.18018298881043626202825e-01
 1.25127951302296647195789e-01	 6.99485880684836858200981e-01	-7.03606778339612271011561e-01
 1.45633243723943383435282e-02	 7.32379354281099792522980e-01	-6.80741060173414180844986e-01
-9.57493191142462923837186e-02	 7.53868849754146808095356e-01	-6.50010634728015901373510e-01
-2.06493914081887247613523e-01	 7.66228217319534832263628e-01	-6.08485482514143471988177e-01
-3.00466411119724108313989e-01	 7.05050024379623274661810e-01	-6.42358466053905008408265e-01
-3.87041033835614500802080e-01	 6.35703001280679913520544e-01	-6.67892904805998499639941e-01
-4.67539570296599316101549e-01	 5.58476008308770310861746e-01	-6.85208945030910565598958e-01
-5.41908819625682047771420e-01	 4.74022199468662752686043e-01	-6.94001286470559253238832e-01
-6.09428361795236850362301e-01	 3.83409121254721207971983e-01	-6.93970112885459067264549e-01
-6.69872040535986812415103e-01	 2.87147419588325070183288e-01	-6.84702715586786303525457e-01
-7.22914653005886753689424e-01	 1.83065897810301858594784e-01	-6.66244160596013323960563e-01
-6.89092442152763773322022e-01	 9.42692734514053304328840e-02	-7.18515768964665180185136e-01
-6.75942820270735045262711e-01	-1.65598315148263279528162e-02	-7.36767993132604548378595e-01
-6.55821906578108237972913e-01	-1.26344010539464479681016e-01	-7.44267974491082728860647e-01
-6.28974785196305674617179e-01	-2.34436163508652095632812e-01	-7.41235728244804659148315e-01
-5.94239372696361289882816e-01	-3.39865669566291772607514e-01	-7.28951915140972350748427e-01
-5.50073403263219073977552e-01	-4.41502906670574735148449e-01	-7.08868418272286748837985e-01
-4.97681255106416364775157e-01	-5.38042102226749974214215e-01	-6.80311740709449663810915e-01
-4.35124605140284004267670e-01	-6.29072255403578028953859e-01	-6.44154232682645155882994e-01
-3.22912489860802398577988e-01	-6.52628179352567339144287e-01	-6.85422485337948694805732e-01
-2.11827827015470621097037e-01	-6.76951690313543297250476e-01	-7.04886785720615027805991e-01
-1.00368759587737513272465e-01	-6.95765055938320609030256e-01	-7.11222257127801293918878e-01
 1.15205493256490317660612e-02	-7.07350644640432291154752e-01	-7.06768945603865827997936e-01
 1.23665632913648626534098e-01	-7.12491674410385300575399e-01	-6.90697057422392846071091e-01
 2.42658192054024196560036e-01	-6.80310129896934623339178e-01	-6.91588843886805637595216e-01
 3.42314819258164426685198e-01	-6.79095890966110449227244e-01	-6.49345312903076954391679e-01
 4.43105165927048738616634e-01	-6.20784882226122713966276e-01	-6.46748747140851620862634e-01
 4.50365195382144811730996e-01	-5.29956368638540675775062e-01	-7.18552321078885558591764e-01
 5.37264075008672903344120e-01	-4.53087781130799949202981e-01	-7.11378082523663080039000e-01
 6.13245976344939380808796e-01	-3.69261843600551420419009e-01	-6.98265754106174196813583e-01
 6.00937170344980953196057e-01	-2.56368662416819659277678e-01	-7.57066460905763571886951e-01
 6.66616188812459431467516e-01	-1.65621782213998841593039e-01	-7.26768382684201519339240e-01
 5.50273623006188095097002e-01	-3.01284189378117142621427e-02	-8.34440661878333544976272e-01
 5.14775707433012486013979e-01	 8.06958913881293954384333e-02	-8.53518684124675131030813e-01
 5.74256232582246228801637e-01	 1.72433447669249312328432e-01	-8.00310243259038656127302e-01
 5.28464687292233836757305e-01	 2.80010057946876611545406e-01	-8.01448340028044659000273e-01
 4.71116175012390836496223e-01	 3.83530577518461424091356e-01	-7.94326032401085124767803e-01
 4.06392792931475510531669e-01	 4.80010306306514700214194e-01	-7.77454181089072937638207e-01
 2.35005970899519744943262e-01	 5.68284926862411832182431e-01	-7.88558454106325301680158e-01
 1.31978592532013633276122e-01	 6.13214129886043735062628e-01	-7.78813252340617712121684e-01
 2.52090643995332673588106e-02	 6.48516837232527731949006e-01	-7.60782764590536286775091e-01
-8.28297921500266570715709e-02	 6.73875149465018918881754e-01	-7.34187652079413388683804e-01
-1.91472738250939716886379e-01	 6.91970550303812492742850e-01	-6.96071079717385021723430e-01
-2.80616359247117364006385e-01	 6.24607219280404524219819e-01	-7.28779994611332360143763e-01
-3.64152218689402784601583e-01	 5.50501042541286511600163e-01	-7.51226839100242682611963e-01
-4.41840837795199559145942e-01	 4.69272335281121666383797e-01	-7.64565333634895316627933e-01
-5.12323222629102792424760e-01	 3.81850531592368924727054e-01	-7.69230191215578784635909e-01
-5.76042654613612703506931e-01	 2.89721994978292707312306e-01	-7.64353338248417779610122e-01
-6.32672793750534645518258e-01	 1.93296931257986914776126e-01	-7.49907615919546799432283e-01
-6.04531121852901476287911e-01	 7.76046570511237238099156e-02	-7.92792305660978247061621e-01
-5.87177694840498753947600e-01	-3.67091434178856770853550e-02	-8.08625249093375408904194e-01
-5.63548387848575638159332e-01	-1.48485405114897273115560e-01	-8.12628635368663476690188e-01
-5.33301535111869617900027e-01	-2.57703436679233011119550e-01	-8.05716086081838089860696e-01
-4.94996745126938031411612e-01	-3.63662928797913953538057e-01	-7.89130848802567341770953e-01
-4.46401869866111522533458e-01	-4.65320203408644772480329e-01	-7.64331393362706612570889e-01
-3.90624942655751372644346e-01	-5.61441467892371592895984e-01	-7.29517396849485799670276e-01
-2.79615711969117608504121e-01	-5.81604549918355862025976e-01	-7.63905230466626727903190e-01
-1.68863526674408709338238e-01	-6.02389509960415958644830e-01	-7.80135877683324707732027e-01
-5.80569025934997637317103e-02	-6.18393271456727400270381e-01	-7.83721352189855169356747e-01
 5.26967576813986149364410e-02	-6.27358849502727355940124e-01	-7.76945252691901178110356e-01
 1.62552469773247387774262e-01	-6.31784199904269927472455e-01	-7.57908582430584898403936e-01
 3.45693047238290085410028e-01	-5.97523555972167663696837e-01	-7.23506680791187184453861e-01
 3.60632791915124206738597e-01	-5.02154080057198859421419e-01	-7.85993173810950351843019e-01
 4.50053182903758453026200e-01	-4.25671341334941055745134e-01	-7.85019771549932632304092e-01
 5.29495668255088758336058e-01	-3.43848116879914067478552e-01	-7.75501650428439770479372e-01
 5.09929300032799237563097e-01	-2.33153949166244267576786e-01	-8.28016512490085343500823e-01
 5.79603492430659894552036e-01	-1.43364122364861623637466e-01	-8.02188581307871073633464e-01
 4.48350574125360723520828e-01	-1.03210721305484684484632e-02	-8.93798208854512776788681e-01
 4.09023788243152053301088e-01	 9.92325406728725711857919e-02	-9.07112144953879262487817e-01
 4.73161660239002246353124e-01	 1.89252081093347401807847e-01	-8.60407864376952491447526e-01
 4.24069075354534141819585e-01	 2.95291247060188277728798e-01	-8.56135794566253105486453e-01
 3.59478619773742014142925e-01	 3.96066613848161108712986e-01	-8.44929795498073787918258e-01
 2.92223659965598903109907e-01	 4.78266446165869607565213e-01	-8.28170597780541362098461e-01
 1.61299195037302528499268e-01	 5.06656241501269422045084e-01	-8.46925039556704617460525e-01
 4.89328473920660200757737e-02	 5.51733084822344732600641e-01	-8.32584037535265442109278e-01
-6.22224069928288478492640e-02	 5.82362944747681576806997e-01	-8.10544121348633073154133e-01
-1.72183398254846742325697e-01	 6.05717801993551963057882e-01	-7.76826120643167361556891e-01
-2.58633559102825705267037e-01	 5.32848502486917063869498e-01	-8.05717788995163886056616e-01
-3.40504559760727576467332e-01	 4.53014843286260127097620e-01	-8.23913949720769256401809e-01
-4.14720379241871939246522e-01	 3.66161930441936123159508e-01	-8.33026078665315750093612e-01
-4.82441178642703194512364e-01	 2.73964371433502995589748e-01	-8.31981990390948888958178e-01
-5.43894266085904520835470e-01	 1.77067444314610633604445e-01	-8.20259804868413100464863e-01
-5.14622273536259555726247e-01	 5.93938470129694237598095e-02	-8.55357402795680066276418e-01
-4.92531233116432820562380e-01	-5.60842987321620578544668e-02	-8.68485771812369744537818e-01
-4.65246243226245526081186e-01	-1.68746308317563820100560e-01	-8.68947994182079352931680e-01
-4.31680559267258179279025e-01	-2.78347489987959217927482e-01	-8.58006159399867018855446e-01
-3.90067916587995722199622e-01	-3.84396583886033593735476e-01	-8.36711591138456722838157e-01
-3.37010282478281741891379e-01	-4.85853451244873002501379e-01	-8.06455512360945148131464e-01
-2.22677965056101989649306e-01	-5.05363597215097049009103e-01	-8.33679889698852316648470e-01
-1.07062545776149292686696e-01	-5.24276501823353835440855e-01	-8.44790956940116077866776e-01
 1.04148368102219956304877e-02	-5.38436762502971788535433e-01	-8.42601557059761696599764e-01
 1.30946518753710938742785e-01	-5.46002580950202376364189e-01	-8.27486671084194491676556e-01
 2.51437995813891923546635e-01	-5.76340531139393319470798e-01	-7.77567055903897741409025e-01
 2.59459563947829319197069e-01	-4.83998365703950605976047e-01	-8.35719041707143950326042e-01
 3.50239214509665608421329e-01	-4.00801388615419862393452e-01	-8.46575891166057026282488e-01
 4.33920100306872891238186e-01	-3.19407151197598604408512e-01	-8.42432441394268538559231e-01
 4.09735663640185765466128e-01	-2.09307606004437402047458e-01	-8.87866550789040531732610e-01
 4.83089811949566627635733e-01	-1.20868052834276429319260e-01	-8.67188069218311485819584e-01
 3.38787850333784668066528e-01	 5.57827279322041253567521e-03	-9.40846254889106559105016e-01
 2.97813213828505951585868e-01	 1.11725124077653906184970e-01	-9.48063703724053352672740e-01
 3.64214274834740947550671e-01	 2.07754133151458492134722e-01	-9.07847003720940848303655e-01
 3.11225754264691956141320e-01	 3.16146710564995547798617e-01	-8.96208562378928763614283e-01
 2.17440211522082399442368e-01	 4.16570643721624778166301e-01	-8.82716632449272120553019e-01
 7.91103532623253780098338e-02	 4.50417873759855369453220e-01	-8.89306072735569164144920e-01
-3.73839171181521087716781e-02	 4.83703847591348545797985e-01	-8.74432976600396094646328e-01
-1.49459091312473091317514e-01	 5.10404949254258610835677e-01	-8.46846366114189397222844e-01
-2.35253413698251756525082e-01	 4.32128463534751594554706e-01	-8.70586481830733505127284e-01
-3.12736144722723041766699e-01	 3.46273353806507200314257e-01	-8.84472084481789488918935e-01
-3.83965881940363795710169e-01	 2.54773177005249318316515e-01	-8.87502580156480758155624e-01
-4.49647355062107845213859e-01	 1.58448871874862284858665e-01	-8.79039937140078997401815e-01
-4.18397899244918380912139e-01	 4.01762290847458292120109e-02	-9.07374822509402378933885e-01
-3.91946164827001730657230e-01	-7.57504580414695982693019e-02	-9.16864260391860086407689e-01
-3.61133493639450964263204e-01	-1.88463671098382884450118e-01	-9.13271068439094335644768e-01
-3.24591207985060303808922e-01	-2.97841865803906868936934e-01	-8.97736470615540294026857e-01
-2.80303899336284412235898e-01	-4.03649957797876879350696e-01	-8.70917008438029216499388e-01
-1.68040550701834573432691e-01	-4.21210500436640711274805e-01	-8.91259831722342910076406e-01
-5.62673310894217029720643e-02	-4.37158962465455880330722e-01	-8.97622431197103720634800e-01
 5.42242515460602050869632e-02	-4.49003407270465115797009e-01	-8.91883215899807346715988e-01
 1.62999865247142855517737e-01	-4.54316229862462783728461e-01	-8.75801237275314115038327e-01
 2.47670457414398637041586e-01	-3.73718746263641266036615e-01	-8.93864443422644816550360e-01
 3.30440698706598035006010e-01	-2.92339601015846717313451e-01	-8.97410999663025621408963e-01
 2.97620220566491011648935e-01	-1.86856541716666213481801e-01	-9.36219438554680483122183e-01
 3.76429823095170923430430e-01	-1.01572331409586685824209e-01	-9.20860277010882355419596e-01
 2.20570833678110783671045e-01	 2.55926681429924779420659e-02	-9.75035139196463118693714e-01
 2.52830045125793156923777e-01	 2.15865710649381897789922e-01	-9.43121923850531063138192e-01
 2.04986359305056320412319e-01	 3.20256720605425426739998e-01	-9.24887141983235183673173e-01
 1.00451862453702855937365e-01	 3.53964444493704011307500e-01	-9.29848694876669656927959e-01
-1.52941716333172134101304e-02	 3.80191651834536459286795e-01	-9.24781269376373837864946e-01
-1.26554696559922408294341e-01	 4.07815407708560451194302e-01	-9.04251348914739794260242e-01
-2.06424371014998442319666e-01	 3.23330244686002576948169e-01	-9.23496904121693384936975e-01
-2.80544111548633123831564e-01	 2.33164613378708612811963e-01	-9.31090363253398556331319e-01
-3.49825508944971497182763e-01	 1.38091262603508457829093e-01	-9.26581305921914455403510e-01
-3.16465467518182663742010e-01	 1.98996265905681118946191e-02	-9.48395282954346052761707e-01
-2.85960390432500155544204e-01	-9.54506987564879005869756e-02	-9.53475652133073836580479e-01
-2.52016087490645579460846e-01	-2.07477936091400527729434e-01	-9.45219973170880467527866e-01
-2.13168132733817766721884e-01	-3.15739175569410335242537e-01	-9.24590785265312131713245e-01
-9.90105806551802997139689e-02	-3.31750749041934911431895e-01	-9.38156887427918029231932e-01
 1.58035272808870960736805e-02	-3.45197911676775381906168e-01	-9.38396851177301871693714e-01
 1.31105313142154927819050e-01	-3.53579864687410316825833e-01	-9.26170975659208695063285e-01
 2.15413584633561805414814e-01	-2.70298362814824111310941e-01	-9.38368681603848564520831e-01
 1.79048385111051394646964e-01	-1.66041162480350529273565e-01	-9.69727801061358918310873e-01
 2.60692021364687775975000e-01	-8.09461795743959683369084e-02	-9.62022549636495249991697e-01
 1.76901272358077538138232e-01	 1.31705270087184717064943e-01	-9.75376676812273912808848e-01
 1.30640207620356496587277e-01	 2.37926322610033602611423e-01	-9.62457376283322174614909e-01
 1.79863922472346011993682e-02	 2.71569503920832566734589e-01	-9.62250743950931797243697e-01
-9.63271326764300744871505e-02	 2.97680654370045816303758e-01	-9.49793299367898469220961e-01
-1.72639548202184300862427e-01	 2.09477154841086948833251e-01	-9.62452548438741728453749e-01
-2.44934170326941841322466e-01	 1.16236840533824700716359e-01	-9.62546751648441722970517e-01
-2.09245851457982190435558e-01	-6.04582129061471788833426e-04	-9.77862877978335709450164e-01
-1.75332536870830862918424e-01	-1.14938811359395473554734e-01	-9.77776851412288205978030e-01
-1.38540029563293948244862e-01	-2.24930902015889722100894e-01	-9.64475375282811575594621e-01
-2.22430057625795200848540e-02	-2.40060178365038900949457e-01	-9.70503147577580826954602e-01
 9.54942491411780308707691e-02	-2.51903615087417653839452e-01	-9.63029291915283747194110e-01
 5.82823909319684363428138e-02	-1.47357142511184674438240e-01	-9.87364692227847284833331e-01
 1.40449870207011884293280e-01	-5.99108902399030085472731e-02	-9.88273504243383005274382e-01
 5.42598295234398980690926e-02	 1.56358102102145790635035e-01	-9.86208910326357823805665e-01
-6.01111123008929298938696e-02	 1.85362131730100049287202e-01	-9.80830023142859497298218e-01
-1.35142685132308704165638e-01	 9.40715165803662073384928e-02	-9.86350345680225060185364e-01
-9.76727251930838147320202e-02	-2.16729016600644246171026e-02	-9.94982574765502891800395e-01
-6.00745982399584418920391e-02	-1.32523998237274009959208e-01	-9.89357585778526726905113e-01
 1.95687475082554525329659e-02	-4.01314262538361027354838e-02	-9.99002769139200719195060e-01
 9.86991511750688194082315e-02	 4.75574539667101073292521e-02	-9.93980264456757356406058e-01
-2.17883980529782333990241e-02	 7.00050628699807053756388e-02	-9.97308656777256330450143e-01
